t,px,py,pz,rx,ry,yaw_deg,pitch_deg,lap
0.0020,0.00000,0.00000,0.00000,0.00000,0.00000,0.000,-0.000,0
0.0520,0.00055,-0.00007,-0.00000,0.00750,0.00000,-0.015,-0.012,0
0.1020,0.00203,-0.00026,-0.00001,0.01500,0.00000,-0.044,-0.023,0
0.1520,0.00437,-0.00055,-0.00002,0.02250,0.00000,-0.071,-0.024,0
0.2020,0.00747,-0.00092,-0.00004,0.03000,0.00000,-0.096,-0.023,0
0.2520,0.01127,-0.00136,-0.00006,0.03750,0.00000,-0.120,-0.022,0
0.3020,0.01568,-0.00185,-0.00008,0.04500,0.00000,-0.141,-0.022,0
0.3520,0.02065,-0.00240,-0.00010,0.05250,0.00000,-0.160,-0.023,0
0.4020,0.02609,-0.00297,-0.00013,0.06000,0.00000,-0.178,-0.024,0
0.4520,0.03197,-0.00358,-0.00016,0.06750,0.00000,-0.194,-0.025,0
0.5040,0.03849,-0.00423,-0.00019,0.07530,0.00000,-0.209,-0.026,0
0.5540,0.04508,-0.00487,-0.00023,0.08280,0.00000,-0.222,-0.028,0
0.6040,0.05196,-0.00551,-0.00026,0.09030,0.00000,-0.233,-0.029,0
0.6540,0.05908,-0.00615,-0.00029,0.09780,0.00000,-0.243,-0.031,0
0.7040,0.06641,-0.00679,-0.00033,0.10530,0.00000,-0.252,-0.033,0
0.7540,0.07391,-0.00742,-0.00036,0.11280,0.00000,-0.260,-0.035,0
0.8040,0.08157,-0.00804,-0.00040,0.12030,0.00000,-0.267,-0.036,0
0.8540,0.08934,-0.00864,-0.00043,0.12780,0.00000,-0.272,-0.038,0
0.9040,0.09721,-0.00922,-0.00047,0.13530,0.00000,-0.278,-0.039,0
0.9540,0.10516,-0.00978,-0.00050,0.14280,0.00000,-0.282,-0.041,0
1.0060,0.11350,-0.01034,-0.00054,0.15060,0.00000,-0.286,-0.042,0
1.0560,0.12156,-0.01086,-0.00057,0.15810,0.00000,-0.289,-0.043,0
1.1060,0.12965,-0.01135,-0.00060,0.16560,0.00000,-0.292,-0.044,0
1.1560,0.13776,-0.01182,-0.00063,0.17310,0.00000,-0.294,-0.045,0
1.2060,0.14589,-0.01226,-0.00066,0.18060,0.00000,-0.296,-0.046,0
1.2560,0.15401,-0.01268,-0.00069,0.18810,0.00000,-0.297,-0.047,0
1.3060,0.16214,-0.01307,-0.00072,0.19560,0.00000,-0.299,-0.048,0
1.3560,0.17025,-0.01345,-0.00075,0.20310,0.00000,-0.300,-0.049,0
1.4060,0.17835,-0.01379,-0.00077,0.21060,0.00000,-0.300,-0.049,0
1.4560,0.18643,-0.01411,-0.00080,0.21810,0.00000,-0.301,-0.050,0
1.5060,0.19448,-0.01441,-0.00082,0.22560,0.00000,-0.301,-0.050,0
1.5560,0.20252,-0.01469,-0.00085,0.23310,0.00000,-0.302,-0.051,0
1.6060,0.21053,-0.01495,-0.00087,0.24060,0.00000,-0.302,-0.051,0
1.6560,0.21851,-0.01519,-0.00089,0.24810,0.00000,-0.302,-0.051,0
1.7060,0.22646,-0.01541,-0.00091,0.25560,0.00000,-0.302,-0.052,0
1.7560,0.23439,-0.01560,-0.00093,0.26310,0.00000,-0.302,-0.052,0
1.8060,0.24229,-0.01579,-0.00095,0.27060,0.00000,-0.302,-0.052,0
1.8560,0.25016,-0.01595,-0.00097,0.27810,0.00000,-0.301,-0.052,0
1.9060,0.25800,-0.01610,-0.00098,0.28560,0.00000,-0.301,-0.052,0
1.9560,0.26582,-0.01624,-0.00100,0.29310,0.00000,-0.301,-0.052,0
2.0080,0.27393,-0.01636,-0.00101,0.30090,0.00000,-0.301,-0.052,0
2.0600,0.28201,-0.01648,-0.00103,0.30870,0.00000,-0.300,-0.052,0
2.1120,0.29006,-0.01658,-0.00104,0.31650,0.00000,-0.300,-0.052,0
2.1640,0.29809,-0.01667,-0.00105,0.32430,0.00000,-0.300,-0.052,0
2.2160,0.30610,-0.01674,-0.00106,0.33210,0.00000,-0.300,-0.052,0
2.2680,0.31409,-0.01681,-0.00107,0.33990,0.00000,-0.299,-0.052,0
2.3200,0.32206,-0.01687,-0.00108,0.34770,0.00000,-0.299,-0.052,0
2.3720,0.33001,-0.01692,-0.00109,0.35550,0.00000,-0.299,-0.052,0
2.4240,0.33794,-0.01696,-0.00110,0.36330,0.00000,-0.299,-0.052,0
2.4760,0.34586,-0.01700,-0.00111,0.37110,0.00000,-0.298,-0.052,0
2.5280,0.35377,-0.01703,-0.00111,0.37890,0.00000,-0.298,-0.052,0
2.5800,0.36166,-0.01705,-0.00112,0.38670,0.00000,-0.298,-0.052,0
2.6320,0.36954,-0.01707,-0.00112,0.39450,0.00000,-0.298,-0.052,0
2.6840,0.37741,-0.01708,-0.00113,0.40230,0.00000,-0.298,-0.051,0
2.7360,0.38527,-0.01709,-0.00113,0.41010,0.00000,-0.297,-0.051,0
2.7880,0.39312,-0.01710,-0.00114,0.41790,0.00000,-0.297,-0.051,0
2.8400,0.40096,-0.01710,-0.00114,0.42570,0.00000,-0.297,-0.051,0
2.8920,0.40880,-0.01710,-0.00114,0.43350,0.00000,-0.297,-0.051,0
2.9440,0.41663,-0.01710,-0.00115,0.44130,0.00000,-0.297,-0.051,0
2.9960,0.42445,-0.01710,-0.00115,0.44910,0.00000,-0.297,-0.051,0
3.0480,0.43227,-0.01709,-0.00115,0.45690,0.00000,-0.297,-0.051,0
3.1000,0.44009,-0.01709,-0.00115,0.46470,0.00000,-0.297,-0.051,0
3.1520,0.44790,-0.01708,-0.00115,0.47250,0.00000,-0.297,-0.051,0
3.2040,0.45571,-0.01707,-0.00115,0.48030,0.00000,-0.297,-0.051,0
3.2560,0.46351,-0.01706,-0.00115,0.48810,0.00000,-0.297,-0.051,0
3.3080,0.47132,-0.01705,-0.00116,0.49590,0.00000,-0.297,-0.051,0
3.3600,0.47912,-0.01704,-0.00116,0.50370,0.00000,-0.297,-0.051,0
3.4120,0.48692,-0.01703,-0.00116,0.51150,0.00000,-0.297,-0.051,0
3.4640,0.49472,-0.01702,-0.00116,0.51930,0.00000,-0.297,-0.051,0
3.5160,0.50251,-0.01701,-0.00116,0.52710,0.00000,-0.297,-0.051,0
3.5680,0.51031,-0.01700,-0.00116,0.53490,0.00000,-0.297,-0.051,0
3.6200,0.51811,-0.01699,-0.00116,0.54270,0.00000,-0.297,-0.050,0
3.6720,0.52590,-0.01698,-0.00115,0.55050,0.00000,-0.297,-0.050,0
3.7240,0.53369,-0.01697,-0.00115,0.55830,0.00000,-0.297,-0.050,0
3.7760,0.54149,-0.01696,-0.00115,0.56610,0.00000,-0.297,-0.050,0
3.8280,0.54928,-0.01695,-0.00115,0.57390,0.00000,-0.297,-0.050,0
3.8800,0.55708,-0.01694,-0.00115,0.58170,0.00000,-0.297,-0.050,0
3.9320,0.56487,-0.01693,-0.00115,0.58950,0.00000,-0.297,-0.050,0
3.9840,0.57267,-0.01692,-0.00115,0.59730,0.00000,-0.297,-0.050,0
4.0360,0.58046,-0.01692,-0.00115,0.60510,0.00000,-0.297,-0.050,0
4.0880,0.58825,-0.01691,-0.00115,0.61290,0.00000,-0.297,-0.050,0
4.1400,0.59605,-0.01690,-0.00115,0.62070,0.00000,-0.297,-0.050,0
4.1920,0.60384,-0.01689,-0.00115,0.62850,0.00000,-0.297,-0.050,0
4.2440,0.61164,-0.01689,-0.00115,0.63630,0.00000,-0.297,-0.050,0
4.2960,0.61943,-0.01688,-0.00114,0.64410,0.00000,-0.297,-0.050,0
4.3480,0.62723,-0.01688,-0.00114,0.65190,0.00000,-0.297,-0.050,0
4.4000,0.63503,-0.01687,-0.00114,0.65970,0.00000,-0.297,-0.050,0
4.4520,0.64282,-0.01687,-0.00114,0.66750,0.00000,-0.297,-0.050,0
4.5040,0.65062,-0.01686,-0.00114,0.67530,0.00000,-0.297,-0.050,0
4.5560,0.65842,-0.01686,-0.00114,0.68310,0.00000,-0.297,-0.050,0
4.6080,0.66621,-0.01686,-0.00114,0.69090,0.00000,-0.297,-0.050,0
4.6600,0.67401,-0.01685,-0.00114,0.69870,0.00000,-0.297,-0.050,0
4.7120,0.68181,-0.01685,-0.00114,0.70650,0.00000,-0.297,-0.050,0
4.7640,0.68960,-0.01685,-0.00114,0.71430,0.00000,-0.297,-0.050,0
4.8160,0.69740,-0.01684,-0.00114,0.72210,0.00000,-0.297,-0.050,0
4.8680,0.70520,-0.01684,-0.00114,0.72990,0.00000,-0.297,-0.050,0
4.9200,0.71300,-0.01684,-0.00114,0.73770,0.00000,-0.297,-0.050,0
4.9720,0.72080,-0.01684,-0.00113,0.74550,0.00000,-0.297,-0.050,0
5.0240,0.72860,-0.01684,-0.00113,0.75330,0.00000,-0.297,-0.050,0
5.0760,0.73639,-0.01684,-0.00113,0.76110,0.00000,-0.297,-0.050,0
5.1280,0.74419,-0.01683,-0.00113,0.76890,0.00000,-0.297,-0.050,0
5.1800,0.75199,-0.01683,-0.00113,0.77670,0.00000,-0.297,-0.050,0
5.2320,0.75979,-0.01683,-0.00113,0.78450,0.00000,-0.297,-0.050,0
5.2840,0.76759,-0.01683,-0.00113,0.79230,0.00000,-0.297,-0.050,0
5.3360,0.77539,-0.01683,-0.00113,0.80010,0.00000,-0.297,-0.050,0
5.3880,0.78319,-0.01683,-0.00113,0.80790,0.00000,-0.297,-0.050,0
5.4400,0.79099,-0.01683,-0.00113,0.81570,0.00000,-0.297,-0.050,0
5.4920,0.79879,-0.01683,-0.00113,0.82350,0.00000,-0.297,-0.050,0
5.5440,0.80659,-0.01683,-0.00113,0.83130,0.00000,-0.297,-0.050,0
5.5960,0.81439,-0.01683,-0.00113,0.83910,0.00000,-0.297,-0.050,0
5.6480,0.82219,-0.01683,-0.00113,0.84690,0.00000,-0.297,-0.050,0
5.7000,0.82999,-0.01683,-0.00113,0.85470,0.00000,-0.297,-0.050,0
5.7520,0.83779,-0.01683,-0.00113,0.86250,0.00000,-0.297,-0.050,0
5.8040,0.84559,-0.01683,-0.00113,0.87030,0.00000,-0.297,-0.050,0
5.8560,0.85339,-0.01683,-0.00113,0.87810,0.00000,-0.297,-0.050,0
5.9080,0.86119,-0.01683,-0.00113,0.88590,0.00000,-0.297,-0.050,0
5.9600,0.86899,-0.01683,-0.00113,0.89370,0.00000,-0.297,-0.050,0
6.0120,0.87679,-0.01683,-0.00113,0.90150,0.00000,-0.297,-0.050,0
6.0640,0.88459,-0.01683,-0.00113,0.90930,0.00000,-0.297,-0.050,0
6.1160,0.89239,-0.01683,-0.00113,0.91710,0.00000,-0.297,-0.050,0
6.1680,0.90019,-0.01683,-0.00113,0.92490,0.00000,-0.297,-0.050,0
6.2200,0.90799,-0.01683,-0.00113,0.93270,0.00000,-0.297,-0.050,0
6.2720,0.91579,-0.01683,-0.00113,0.94050,0.00000,-0.297,-0.050,0
6.3240,0.92359,-0.01683,-0.00113,0.94830,0.00000,-0.297,-0.050,0
6.3760,0.93139,-0.01683,-0.00113,0.95610,0.00000,-0.297,-0.050,0
6.4280,0.93919,-0.01683,-0.00113,0.96390,0.00000,-0.297,-0.050,0
6.4800,0.94699,-0.01683,-0.00113,0.97170,0.00000,-0.297,-0.050,0
6.5320,0.95479,-0.01683,-0.00113,0.97950,0.00000,-0.297,-0.050,0
6.5840,0.96259,-0.01683,-0.00113,0.98730,0.00000,-0.297,-0.050,0
6.6360,0.97039,-0.01683,-0.00113,0.99510,0.00000,-0.297,-0.050,0
6.6880,0.97819,-0.01683,-0.00113,1.00000,0.00290,-0.297,-0.050,0
6.7400,0.98560,-0.01656,-0.00113,1.00000,0.01070,0.276,-0.043,0
6.7920,0.99185,-0.01536,-0.00113,1.00000,0.01850,2.732,-0.027,0
6.8440,0.99709,-0.01310,-0.00113,1.00000,0.02630,6.415,-0.032,0
6.8960,1.00145,-0.00985,-0.00113,1.00000,0.03410,10.242,-0.038,0
6.9480,1.00501,-0.00570,-0.00112,1.00000,0.04190,13.972,-0.043,0
7.0000,1.00788,-0.00076,-0.00112,1.00000,0.04970,17.593,-0.045,0
7.0520,1.01014,0.00490,-0.00112,1.00000,0.05750,21.124,-0.047,0
7.1040,1.01187,0.01120,-0.00112,1.00000,0.06530,24.581,-0.048,0
7.1560,1.01312,0.01807,-0.00112,1.00000,0.07310,27.978,-0.049,0
7.2080,1.01395,0.02546,-0.00112,1.00000,0.08090,31.326,-0.049,0
7.2600,1.01441,0.03331,-0.00112,1.00000,0.08870,34.633,-0.049,0
7.3120,1.01453,0.04157,-0.00112,1.00000,0.09650,37.908,-0.050,0
7.3640,1.01434,0.05018,-0.00112,1.00000,0.10430,41.156,-0.050,0
7.4160,1.01386,0.05910,-0.00112,1.00000,0.11210,44.381,-0.050,0
7.4680,1.01313,0.06827,-0.00112,1.00000,0.11990,47.588,-0.050,0
7.5200,1.01215,0.07766,-0.00112,1.00000,0.12770,50.781,-0.051,0
7.5720,1.01095,0.08720,-0.00112,1.00000,0.13550,53.962,-0.051,0
7.6240,1.00954,0.09686,-0.00112,1.00000,0.14330,57.132,-0.051,0
7.6760,1.00794,0.10660,-0.00112,1.00000,0.15110,60.295,-0.052,0
7.7280,1.00617,0.11636,-0.00112,1.00000,0.15890,63.450,-0.052,0
7.7800,1.00425,0.12611,-0.00112,1.00000,0.16670,66.600,-0.053,0
7.8320,1.00219,0.13581,-0.00112,1.00000,0.17450,69.744,-0.053,0
7.8840,1.00003,0.14544,-0.00112,1.00000,0.18230,72.884,-0.054,0
7.9360,0.99779,0.15496,-0.00112,1.00000,0.19010,76.018,-0.054,0
7.9880,0.99548,0.16434,-0.00112,1.00000,0.19790,79.147,-0.054,0
8.0380,0.99322,0.17323,-0.00112,1.00000,0.20540,82.148,-0.054,0
8.0880,0.99094,0.18196,-0.00112,1.00000,0.21290,85.130,-0.054,0
8.1380,0.98866,0.19053,-0.00112,1.00000,0.22040,87.955,-0.053,0
8.1880,0.98641,0.19896,-0.00112,1.00000,0.22790,89.913,-0.053,0
8.2380,0.98431,0.20729,-0.00112,1.00000,0.23540,90.315,-0.054,0
8.2880,0.98245,0.21556,-0.00112,1.00000,0.24290,90.277,-0.054,0
8.3380,0.98082,0.22377,-0.00112,1.00000,0.25040,90.259,-0.053,0
8.3880,0.97940,0.23192,-0.00112,1.00000,0.25790,90.259,-0.053,0
8.4380,0.97818,0.24001,-0.00112,1.00000,0.26540,90.260,-0.053,0
8.4880,0.97713,0.24804,-0.00112,1.00000,0.27290,90.262,-0.053,0
8.5380,0.97625,0.25603,-0.00112,1.00000,0.28040,90.264,-0.053,0
8.5880,0.97552,0.26396,-0.00112,1.00000,0.28790,90.266,-0.052,0
8.6380,0.97492,0.27185,-0.00112,1.00000,0.29540,90.268,-0.052,0
8.6880,0.97445,0.27970,-0.00113,1.00000,0.30290,90.270,-0.052,0
8.7380,0.97408,0.28750,-0.00113,1.00000,0.31040,90.272,-0.052,0
8.7880,0.97381,0.29528,-0.00113,1.00000,0.31790,90.275,-0.051,0
8.8380,0.97363,0.30302,-0.00113,1.00000,0.32540,90.277,-0.051,0
8.8880,0.97352,0.31073,-0.00113,1.00000,0.33290,90.279,-0.051,0
8.9380,0.97347,0.31841,-0.00113,1.00000,0.34040,90.281,-0.051,0
8.9880,0.97349,0.32607,-0.00113,1.00000,0.34790,90.283,-0.050,0
9.0380,0.97355,0.33370,-0.00113,1.00000,0.35540,90.285,-0.050,0
9.0880,0.97366,0.34132,-0.00113,1.00000,0.36290,90.287,-0.050,0
9.1380,0.97380,0.34891,-0.00113,1.00000,0.37040,90.288,-0.050,0
9.1880,0.97398,0.35649,-0.00113,1.00000,0.37790,90.290,-0.050,0
9.2380,0.97418,0.36406,-0.00113,1.00000,0.38540,90.291,-0.049,0
9.2880,0.97439,0.37161,-0.00113,1.00000,0.39290,90.293,-0.049,0
9.3380,0.97463,0.37916,-0.00113,1.00000,0.40040,90.294,-0.049,0
9.3880,0.97487,0.38669,-0.00113,1.00000,0.40790,90.296,-0.049,0
9.4380,0.97513,0.39421,-0.00113,1.00000,0.41540,90.297,-0.049,0
9.4880,0.97539,0.40173,-0.00113,1.00000,0.42290,90.298,-0.049,0
9.5380,0.97565,0.40924,-0.00113,1.00000,0.43040,90.299,-0.049,0
9.5880,0.97591,0.41674,-0.00113,1.00000,0.43790,90.300,-0.048,0
9.6380,0.97617,0.42424,-0.00113,1.00000,0.44540,90.301,-0.048,0
9.6880,0.97643,0.43173,-0.00113,1.00000,0.45290,90.302,-0.048,0
9.7380,0.97669,0.43923,-0.00113,1.00000,0.46040,90.303,-0.048,0
9.7880,0.97693,0.44672,-0.00113,1.00000,0.46790,90.304,-0.048,0
9.8380,0.97717,0.45420,-0.00113,1.00000,0.47540,90.304,-0.048,0
9.8880,0.97740,0.46169,-0.00113,1.00000,0.48290,90.305,-0.048,0
9.9380,0.97763,0.46918,-0.00113,1.00000,0.49040,90.306,-0.048,0
9.9880,0.97784,0.47666,-0.00113,1.00000,0.49790,90.306,-0.048,0
10.0380,0.97805,0.48414,-0.00113,1.00000,0.50540,90.307,-0.048,0
10.0880,0.97824,0.49163,-0.00113,1.00000,0.51290,90.307,-0.048,0
10.1380,0.97843,0.49911,-0.00113,1.00000,0.52040,90.307,-0.048,0
10.1880,0.97861,0.50659,-0.00113,1.00000,0.52790,90.308,-0.048,0
10.2380,0.97877,0.51408,-0.00113,1.00000,0.53540,90.308,-0.048,0
10.2880,0.97893,0.52156,-0.00113,1.00000,0.54290,90.308,-0.048,0
10.3380,0.97908,0.52905,-0.00113,1.00000,0.55040,90.309,-0.048,0
10.3880,0.97921,0.53653,-0.00113,1.00000,0.55790,90.309,-0.048,0
10.4380,0.97934,0.54402,-0.00113,1.00000,0.56540,90.309,-0.048,0
10.4880,0.97946,0.55150,-0.00113,1.00000,0.57290,90.309,-0.048,0
10.5380,0.97957,0.55899,-0.00113,1.00000,0.58040,90.309,-0.048,0
10.5880,0.97968,0.56648,-0.00113,1.00000,0.58790,90.310,-0.048,0
10.6380,0.97977,0.57397,-0.00113,1.00000,0.59540,90.310,-0.048,0
10.6880,0.97986,0.58146,-0.00113,1.00000,0.60290,90.310,-0.048,0
10.7380,0.97994,0.58895,-0.00113,1.00000,0.61040,90.310,-0.048,0
10.7880,0.98001,0.59644,-0.00113,1.00000,0.61790,90.310,-0.048,0
10.8380,0.98008,0.60393,-0.00113,1.00000,0.62540,90.310,-0.048,0
10.8880,0.98014,0.61142,-0.00113,1.00000,0.63290,90.310,-0.048,0
10.9380,0.98019,0.61892,-0.00113,1.00000,0.64040,90.310,-0.048,0
10.9880,0.98024,0.62641,-0.00113,1.00000,0.64790,90.310,-0.048,0
11.0380,0.98029,0.63390,-0.00113,1.00000,0.65540,90.310,-0.048,0
11.0880,0.98033,0.64140,-0.00113,1.00000,0.66290,90.310,-0.048,0
11.1380,0.98036,0.64889,-0.00113,1.00000,0.67040,90.310,-0.048,0
11.1880,0.98040,0.65639,-0.00113,1.00000,0.67790,90.310,-0.048,0
11.2380,0.98042,0.66389,-0.00113,1.00000,0.68540,90.310,-0.048,0
11.2880,0.98045,0.67138,-0.00113,1.00000,0.69290,90.310,-0.048,0
11.3380,0.98047,0.67888,-0.00113,1.00000,0.70040,90.310,-0.048,0
11.3880,0.98049,0.68638,-0.00113,1.00000,0.70790,90.310,-0.048,0
11.4380,0.98051,0.69388,-0.00113,1.00000,0.71540,90.310,-0.048,0
11.4880,0.98052,0.70137,-0.00113,1.00000,0.72290,90.310,-0.048,0
11.5380,0.98053,0.70887,-0.00113,1.00000,0.73040,90.310,-0.048,0
11.5880,0.98054,0.71637,-0.00113,1.00000,0.73790,90.310,-0.048,0
11.6380,0.98055,0.72387,-0.00113,1.00000,0.74540,90.310,-0.048,0
11.6880,0.98055,0.73137,-0.00113,1.00000,0.75290,90.310,-0.048,0
11.7380,0.98056,0.73887,-0.00113,1.00000,0.76040,90.310,-0.048,0
11.7880,0.98056,0.74637,-0.00113,1.00000,0.76790,90.310,-0.048,0
11.8380,0.98056,0.75387,-0.00113,1.00000,0.77540,90.310,-0.048,0
11.8880,0.98057,0.76137,-0.00113,1.00000,0.78290,90.310,-0.048,0
11.9380,0.98057,0.76887,-0.00113,1.00000,0.79040,90.310,-0.048,0
11.9880,0.98057,0.77637,-0.00113,1.00000,0.79790,90.310,-0.048,0
12.0380,0.98057,0.78387,-0.00113,1.00000,0.80540,90.309,-0.048,0
12.0880,0.98056,0.79137,-0.00113,1.00000,0.81290,90.309,-0.048,0
12.1380,0.98056,0.79887,-0.00113,1.00000,0.82040,90.309,-0.048,0
12.1880,0.98056,0.80637,-0.00113,1.00000,0.82790,90.309,-0.048,0
12.2380,0.98056,0.81387,-0.00113,1.00000,0.83540,90.309,-0.048,0
12.2880,0.98055,0.82137,-0.00113,1.00000,0.84290,90.309,-0.048,0
12.3380,0.98055,0.82887,-0.00113,1.00000,0.85040,90.309,-0.048,0
12.3880,0.98055,0.83637,-0.00113,1.00000,0.85790,90.309,-0.048,0
12.4380,0.98055,0.84387,-0.00113,1.00000,0.86540,90.309,-0.048,0
12.4880,0.98054,0.85137,-0.00113,1.00000,0.87290,90.309,-0.048,0
12.5380,0.98054,0.85887,-0.00113,1.00000,0.88040,90.309,-0.048,0
12.5880,0.98053,0.86637,-0.00113,1.00000,0.88790,90.309,-0.048,0
12.6380,0.98053,0.87387,-0.00113,1.00000,0.89540,90.309,-0.048,0
12.6880,0.98053,0.88137,-0.00113,1.00000,0.90290,90.309,-0.048,0
12.7380,0.98052,0.88887,-0.00113,1.00000,0.91040,90.309,-0.048,0
12.7880,0.98052,0.89637,-0.00113,1.00000,0.91790,90.309,-0.048,0
12.8380,0.98052,0.90387,-0.00113,1.00000,0.92540,90.309,-0.048,0
12.8880,0.98052,0.91137,-0.00113,1.00000,0.93290,90.309,-0.048,0
12.9380,0.98051,0.91887,-0.00113,1.00000,0.94040,90.309,-0.048,0
12.9880,0.98051,0.92637,-0.00113,1.00000,0.94790,90.309,-0.048,0
13.0380,0.98051,0.93387,-0.00113,1.00000,0.95540,90.309,-0.048,0
13.0880,0.98050,0.94137,-0.00113,1.00000,0.96290,90.309,-0.048,0
13.1380,0.98050,0.94887,-0.00113,1.00000,0.97040,90.309,-0.048,0
13.1880,0.98050,0.95637,-0.00113,1.00000,0.97790,90.309,-0.048,0
13.2380,0.98050,0.96387,-0.00113,1.00000,0.98540,90.309,-0.048,0
13.2880,0.98050,0.97137,-0.00113,1.00000,0.99290,90.309,-0.048,0
13.3380,0.98049,0.97887,-0.00113,0.99960,1.00000,90.309,-0.048,0
13.3880,0.98025,0.98600,-0.00113,0.99210,1.00000,90.855,-0.041,0
13.4380,0.97918,0.99192,-0.00113,0.98460,1.00000,93.170,-0.025,0
13.4880,0.97716,0.99665,-0.00113,0.97710,1.00000,96.565,-0.028,0
13.5380,0.97430,1.00033,-0.00113,0.96960,1.00000,100.072,-0.033,0
13.5880,0.97070,1.00310,-0.00113,0.96210,1.00000,103.511,-0.036,0
13.6380,0.96647,1.00510,-0.00113,0.95460,1.00000,106.869,-0.038,0
13.6880,0.96168,1.00647,-0.00113,0.94710,1.00000,110.162,-0.038,0
13.7380,0.95640,1.00732,-0.00113,0.93960,1.00000,113.402,-0.038,0
13.7880,0.95067,1.00774,-0.00113,0.93210,1.00000,116.600,-0.036,0
13.8380,0.94456,1.00783,-0.00113,0.92460,1.00000,119.763,-0.035,0
13.8880,0.93808,1.00764,-0.00113,0.91710,1.00000,122.897,-0.033,0
13.9380,0.93129,1.00725,-0.00113,0.90960,1.00000,126.008,-0.031,0
13.9880,0.92421,1.00670,-0.00113,0.90210,1.00000,129.100,-0.029,0
14.0380,0.91687,1.00603,-0.00113,0.89460,1.00000,132.177,-0.028,0
14.0880,0.90930,1.00528,-0.00113,0.88710,1.00000,135.240,-0.026,0
14.1380,0.90151,1.00447,-0.00113,0.87960,1.00000,138.293,-0.025,0
14.1880,0.89354,1.00363,-0.00113,0.87210,1.00000,141.337,-0.023,0
14.2380,0.88540,1.00277,-0.00113,0.86460,1.00000,144.373,-0.022,0
14.2880,0.87712,1.00190,-0.00114,0.85710,1.00000,147.403,-0.021,0
14.3380,0.86872,1.00104,-0.00114,0.84960,1.00000,150.429,-0.020,0
14.3880,0.86021,1.00018,-0.00114,0.84210,1.00000,153.450,-0.019,0
14.4380,0.85162,0.99934,-0.00114,0.83460,1.00000,156.469,-0.019,0
14.4880,0.84297,0.99851,-0.00114,0.82710,1.00000,159.487,-0.018,0
14.5380,0.83427,0.99770,-0.00114,0.81960,1.00000,162.503,-0.018,0
14.5880,0.82554,0.99690,-0.00114,0.81210,1.00000,165.519,-0.018,0
14.6380,0.81680,0.99611,-0.00114,0.80460,1.00000,168.537,-0.017,0
14.6880,0.80806,0.99534,-0.00114,0.79710,1.00000,171.555,-0.017,0
14.7380,0.79933,0.99458,-0.00114,0.78960,1.00000,174.563,-0.016,0
14.7880,0.79063,0.99383,-0.00114,0.78210,1.00000,177.429,-0.016,0
14.8380,0.78194,0.99309,-0.00114,0.77460,1.00000,179.426,-0.016,0
14.8880,0.77321,0.99238,-0.00114,0.76710,1.00000,179.846,-0.015,0
14.9380,0.76444,0.99169,-0.00114,0.75960,1.00000,179.843,-0.015,0
14.9880,0.75563,0.99103,-0.00114,0.75210,1.00000,179.857,-0.015,0
15.0380,0.74681,0.99040,-0.00114,0.74460,1.00000,179.883,-0.014,0
15.0880,0.73799,0.98981,-0.00114,0.73710,1.00000,179.905,-0.014,0
15.1380,0.72919,0.98924,-0.00114,0.72960,1.00000,179.922,-0.014,0
15.1880,0.72042,0.98871,-0.00114,0.72210,1.00000,179.936,-0.014,0
15.2380,0.71169,0.98820,-0.00114,0.71460,1.00000,179.947,-0.014,0
15.2880,0.70300,0.98773,-0.00114,0.70710,1.00000,179.956,-0.013,0
15.3380,0.69436,0.98729,-0.00114,0.69960,1.00000,179.963,-0.013,0
15.3880,0.68578,0.98688,-0.00114,0.69210,1.00000,179.968,-0.013,0
15.4380,0.67726,0.98649,-0.00114,0.68460,1.00000,179.972,-0.013,0
15.4880,0.66880,0.98614,-0.00114,0.67710,1.00000,179.975,-0.013,0
15.5380,0.66041,0.98581,-0.00114,0.66960,1.00000,179.977,-0.013,0
15.5880,0.65208,0.98551,-0.00114,0.66210,1.00000,179.978,-0.013,0
15.6380,0.64382,0.98523,-0.00114,0.65460,1.00000,179.978,-0.013,0
15.6880,0.63563,0.98497,-0.00114,0.64710,1.00000,179.979,-0.012,0
15.7380,0.62750,0.98474,-0.00114,0.63960,1.00000,179.978,-0.012,0
15.7880,0.61943,0.98453,-0.00114,0.63210,1.00000,179.978,-0.012,0
15.8380,0.61142,0.98433,-0.00114,0.62460,1.00000,179.977,-0.012,0
15.8880,0.60346,0.98416,-0.00114,0.61710,1.00000,179.976,-0.012,0
15.9380,0.59556,0.98400,-0.00114,0.60960,1.00000,179.975,-0.011,0
15.9880,0.58771,0.98386,-0.00114,0.60210,1.00000,179.974,-0.011,0
16.0400,0.57960,0.98373,-0.00114,0.59430,1.00000,179.973,-0.011,0
16.0920,0.57154,0.98362,-0.00114,0.58650,1.00000,179.972,-0.011,0
16.1440,0.56352,0.98352,-0.00114,0.57870,1.00000,179.970,-0.010,0
16.1960,0.55554,0.98343,-0.00114,0.57090,1.00000,179.969,-0.010,0
16.2480,0.54760,0.98335,-0.00114,0.56310,1.00000,179.968,-0.010,0
16.3000,0.53970,0.98329,-0.00114,0.55530,1.00000,179.967,-0.010,0
16.3520,0.53182,0.98323,-0.00114,0.54750,1.00000,179.966,-0.009,0
16.4040,0.52397,0.98318,-0.00114,0.53970,1.00000,179.965,-0.009,0
16.4560,0.51615,0.98314,-0.00114,0.53190,1.00000,179.964,-0.009,0
16.5080,0.50834,0.98311,-0.00114,0.52410,1.00000,179.963,-0.009,0
16.5600,0.50055,0.98309,-0.00114,0.51630,1.00000,179.962,-0.009,0
16.6120,0.49278,0.98307,-0.00114,0.50850,1.00000,179.961,-0.009,0
16.6640,0.48503,0.98306,-0.00114,0.50070,1.00000,179.960,-0.008,0
16.7160,0.47728,0.98305,-0.00114,0.49290,1.00000,179.960,-0.008,0
16.7680,0.46954,0.98304,-0.00114,0.48510,1.00000,179.959,-0.008,0
16.8200,0.46181,0.98304,-0.00114,0.47730,1.00000,179.959,-0.008,0
16.8720,0.45408,0.98304,-0.00114,0.46950,1.00000,179.958,-0.008,0
16.9240,0.44635,0.98304,-0.00114,0.46170,1.00000,179.958,-0.008,0
16.9760,0.43863,0.98305,-0.00114,0.45390,1.00000,179.958,-0.008,0
17.0280,0.43091,0.98306,-0.00114,0.44610,1.00000,179.957,-0.008,0
17.0800,0.42319,0.98307,-0.00114,0.43830,1.00000,179.957,-0.008,0
17.1320,0.41547,0.98308,-0.00114,0.43050,1.00000,179.957,-0.008,0
17.1840,0.40775,0.98309,-0.00114,0.42270,1.00000,179.957,-0.007,0
17.2360,0.40002,0.98310,-0.00114,0.41490,1.00000,179.957,-0.007,0
17.2880,0.39229,0.98312,-0.00114,0.40710,1.00000,179.957,-0.007,0
17.3400,0.38456,0.98313,-0.00114,0.39930,1.00000,179.957,-0.007,0
17.3920,0.37682,0.98314,-0.00114,0.39150,1.00000,179.957,-0.007,0
17.4440,0.36908,0.98316,-0.00114,0.38370,1.00000,179.957,-0.007,0
17.4960,0.36134,0.98317,-0.00114,0.37590,1.00000,179.957,-0.007,0
17.5480,0.35359,0.98318,-0.00114,0.36810,1.00000,179.957,-0.007,0
17.6000,0.34584,0.98320,-0.00114,0.36030,1.00000,179.957,-0.007,0
17.6520,0.33808,0.98321,-0.00114,0.35250,1.00000,179.957,-0.007,0
17.7040,0.33032,0.98322,-0.00114,0.34470,1.00000,179.957,-0.007,0
17.7560,0.32256,0.98324,-0.00114,0.33690,1.00000,179.957,-0.007,0
17.8080,0.31479,0.98325,-0.00114,0.32910,1.00000,179.957,-0.007,0
17.8600,0.30702,0.98326,-0.00114,0.32130,1.00000,179.957,-0.007,0
17.9120,0.29925,0.98327,-0.00114,0.31350,1.00000,179.957,-0.007,0
17.9640,0.29147,0.98328,-0.00114,0.30570,1.00000,179.957,-0.007,0
18.0160,0.28369,0.98329,-0.00114,0.29790,1.00000,179.957,-0.007,0
18.0680,0.27590,0.98330,-0.00114,0.29010,1.00000,179.957,-0.007,0
18.1200,0.26812,0.98331,-0.00114,0.28230,1.00000,179.957,-0.007,0
18.1720,0.26033,0.98332,-0.00114,0.27450,1.00000,179.957,-0.007,0
18.2240,0.25253,0.98332,-0.00114,0.26670,1.00000,179.958,-0.007,0
18.2760,0.24474,0.98333,-0.00114,0.25890,1.00000,179.958,-0.007,0
18.3280,0.23695,0.98334,-0.00114,0.25110,1.00000,179.958,-0.007,0
18.3800,0.22915,0.98334,-0.00114,0.24330,1.00000,179.958,-0.007,0
18.4320,0.22135,0.98335,-0.00114,0.23550,1.00000,179.958,-0.007,0
18.4840,0.21355,0.98335,-0.00114,0.22770,1.00000,179.958,-0.007,0
18.5360,0.20575,0.98336,-0.00114,0.21990,1.00000,179.958,-0.007,0
18.5880,0.19795,0.98336,-0.00114,0.21210,1.00000,179.958,-0.007,0
18.6400,0.19015,0.98337,-0.00114,0.20430,1.00000,179.958,-0.007,0
18.6920,0.18234,0.98337,-0.00114,0.19650,1.00000,179.958,-0.007,0
18.7440,0.17454,0.98337,-0.00114,0.18870,1.00000,179.958,-0.007,0
18.7960,0.16674,0.98338,-0.00114,0.18090,1.00000,179.958,-0.007,0
18.8480,0.15893,0.98338,-0.00114,0.17310,1.00000,179.958,-0.007,0
18.9000,0.15113,0.98338,-0.00114,0.16530,1.00000,179.958,-0.007,0
18.9520,0.14332,0.98338,-0.00114,0.15750,1.00000,179.958,-0.007,0
19.0040,0.13552,0.98339,-0.00114,0.14970,1.00000,179.958,-0.007,0
19.0560,0.12771,0.98339,-0.00114,0.14190,1.00000,179.958,-0.007,0
19.1080,0.11991,0.98339,-0.00114,0.13410,1.00000,179.958,-0.007,0
19.1600,0.11211,0.98339,-0.00114,0.12630,1.00000,179.958,-0.007,0
19.2120,0.10430,0.98339,-0.00114,0.11850,1.00000,179.958,-0.007,0
19.2640,0.09650,0.98339,-0.00114,0.11070,1.00000,179.958,-0.007,0
19.3160,0.08869,0.98339,-0.00114,0.10290,1.00000,179.958,-0.007,0
19.3680,0.08089,0.98339,-0.00114,0.09510,1.00000,179.958,-0.007,0
19.4200,0.07309,0.98339,-0.00114,0.08730,1.00000,179.958,-0.007,0
19.4720,0.06528,0.98339,-0.00114,0.07950,1.00000,179.958,-0.007,0
19.5240,0.05748,0.98340,-0.00114,0.07170,1.00000,179.958,-0.007,0
19.5760,0.04968,0.98340,-0.00114,0.06390,1.00000,179.958,-0.007,0
19.6280,0.04187,0.98340,-0.00114,0.05610,1.00000,179.958,-0.007,0
19.6800,0.03407,0.98340,-0.00114,0.04830,1.00000,179.958,-0.007,0
19.7320,0.02627,0.98340,-0.00114,0.04050,1.00000,179.958,-0.007,0
19.7840,0.01847,0.98340,-0.00114,0.03270,1.00000,179.958,-0.007,0
19.8360,0.01067,0.98340,-0.00114,0.02490,1.00000,179.958,-0.007,0
19.8880,0.00286,0.98340,-0.00114,0.01710,1.00000,179.958,-0.007,0
19.9400,-0.00494,0.98340,-0.00114,0.00930,1.00000,179.958,-0.007,0
19.9920,-0.01274,0.98340,-0.00114,0.00150,1.00000,179.958,-0.007,0
20.0440,-0.02054,0.98339,-0.00114,0.00000,0.99370,179.958,-0.007,0
20.0960,-0.02781,0.98302,-0.00114,0.00000,0.98590,-179.258,0.002,0
20.1480,-0.03372,0.98169,-0.00114,0.00000,0.97810,-176.523,0.015,0
20.2000,-0.03829,0.97947,-0.00113,0.00000,0.97030,-172.687,0.010,0
20.2520,-0.04169,0.97661,-0.00113,0.00000,0.96250,-168.752,0.005,0
20.3040,-0.04413,0.97320,-0.00112,0.00000,0.95470,-164.935,0.001,0
20.3560,-0.04581,0.96929,-0.00112,0.00000,0.94690,-161.240,-0.001,0
20.4080,-0.04689,0.96492,-0.00112,0.00000,0.93910,-157.642,-0.003,0
20.4600,-0.04753,0.96009,-0.00112,0.00000,0.93130,-154.122,-0.003,0
20.5120,-0.04784,0.95483,-0.00111,0.00000,0.92350,-150.666,-0.003,0
20.5640,-0.04793,0.94914,-0.00111,0.00000,0.91570,-147.261,-0.002,0
20.6160,-0.04787,0.94302,-0.00111,0.00000,0.90790,-143.899,-0.001,0
20.6680,-0.04773,0.93650,-0.00111,0.00000,0.90010,-140.573,-0.000,0
20.7200,-0.04754,0.92957,-0.00111,0.00000,0.89230,-137.277,0.000,0
20.7720,-0.04734,0.92225,-0.00111,0.00000,0.88450,-134.005,0.001,0
20.8240,-0.04716,0.91454,-0.00111,0.00000,0.87670,-130.755,0.001,0
20.8760,-0.04700,0.90646,-0.00111,0.00000,0.86890,-127.523,0.001,0
20.9280,-0.04687,0.89803,-0.00111,0.00000,0.86110,-124.305,0.001,0
20.9800,-0.04677,0.88924,-0.00111,0.00000,0.85330,-121.100,-0.000,0
21.0320,-0.04668,0.88014,-0.00111,0.00000,0.84550,-117.903,-0.001,0
21.0840,-0.04660,0.87072,-0.00111,0.00000,0.83770,-114.713,-0.002,0
21.1360,-0.04651,0.86102,-0.00111,0.00000,0.82990,-111.526,-0.003,0
21.1880,-0.04639,0.85106,-0.00111,0.00000,0.82210,-108.341,-0.005,0
21.2400,-0.04623,0.84085,-0.00111,0.00000,0.81430,-105.152,-0.006,0
21.2920,-0.04599,0.83044,-0.00111,0.00000,0.80650,-101.958,-0.008,0
21.3440,-0.04566,0.81984,-0.00111,0.00000,0.79870,-98.756,-0.010,0
21.3960,-0.04522,0.80909,-0.00111,0.00000,0.79090,-95.557,-0.011,0
21.4480,-0.04465,0.79824,-0.00112,0.00000,0.78310,-92.555,-0.013,0
21.5000,-0.04394,0.78737,-0.00112,0.00000,0.77530,-90.810,-0.014,0
21.5520,-0.04312,0.77660,-0.00112,0.00000,0.76750,-90.496,-0.015,0
21.6040,-0.04223,0.76600,-0.00112,0.00000,0.75970,-90.434,-0.016,0
21.6560,-0.04128,0.75556,-0.00112,0.00000,0.75190,-90.354,-0.017,0
21.7080,-0.04029,0.74530,-0.00112,0.00000,0.74410,-90.281,-0.017,0
21.7600,-0.03927,0.73521,-0.00112,0.00000,0.73630,-90.221,-0.018,0
21.8120,-0.03823,0.72531,-0.00112,0.00000,0.72850,-90.172,-0.018,0
21.8640,-0.03719,0.71558,-0.00112,0.00000,0.72070,-90.133,-0.018,0
21.9160,-0.03615,0.70602,-0.00112,0.00000,0.71290,-90.101,-0.018,0
21.9680,-0.03512,0.69664,-0.00112,0.00000,0.70510,-90.075,-0.018,0
22.0200,-0.03410,0.68743,-0.00112,0.00000,0.69730,-90.054,-0.018,0
22.0720,-0.03311,0.67837,-0.00113,0.00000,0.68950,-90.036,-0.018,0
22.1240,-0.03215,0.66946,-0.00113,0.00000,0.68170,-90.022,-0.018,0
22.1760,-0.03122,0.66070,-0.00113,0.00000,0.67390,-90.011,-0.017,0
22.2280,-0.03032,0.65206,-0.00113,0.00000,0.66610,-90.001,-0.017,0
22.2800,-0.02946,0.64356,-0.00113,0.00000,0.65830,-89.994,-0.017,0
22.3320,-0.02864,0.63517,-0.00113,0.00000,0.65050,-89.987,-0.016,0
22.3840,-0.02786,0.62688,-0.00113,0.00000,0.64270,-89.982,-0.016,0
22.4360,-0.02712,0.61869,-0.00113,0.00000,0.63490,-89.978,-0.015,0
22.4880,-0.02642,0.61059,-0.00113,0.00000,0.62710,-89.975,-0.015,0
22.5400,-0.02576,0.60257,-0.00113,0.00000,0.61930,-89.972,-0.014,0
22.5920,-0.02514,0.59461,-0.00113,0.00000,0.61150,-89.970,-0.014,0
22.6440,-0.02456,0.58672,-0.00113,0.00000,0.60370,-89.968,-0.014,0
22.6960,-0.02402,0.57889,-0.00113,0.00000,0.59590,-89.966,-0.013,0
22.7480,-0.02351,0.57110,-0.00113,0.00000,0.58810,-89.965,-0.013,0
22.8000,-0.02305,0.56335,-0.00113,0.00000,0.58030,-89.964,-0.012,0
22.8520,-0.02261,0.55564,-0.00113,0.00000,0.57250,-89.964,-0.012,0
22.9040,-0.02222,0.54796,-0.00113,0.00000,0.56470,-89.963,-0.012,0
22.9560,-0.02185,0.54029,-0.00113,0.00000,0.55690,-89.963,-0.011,0
23.0080,-0.02151,0.53265,-0.00113,0.00000,0.54910,-89.963,-0.011,0
23.0600,-0.02121,0.52502,-0.00114,0.00000,0.54130,-89.963,-0.011,0
23.1120,-0.02093,0.51740,-0.00114,0.00000,0.53350,-89.963,-0.011,0
23.1640,-0.02067,0.50979,-0.00114,0.00000,0.52570,-89.963,-0.010,0
23.2160,-0.02044,0.50218,-0.00114,0.00000,0.51790,-89.963,-0.010,0
23.2680,-0.02024,0.49458,-0.00114,0.00000,0.51010,-89.963,-0.010,0
23.3200,-0.02005,0.48697,-0.00114,0.00000,0.50230,-89.964,-0.010,0
23.3720,-0.01988,0.47936,-0.00114,0.00000,0.49450,-89.964,-0.010,0
23.4240,-0.01974,0.47174,-0.00114,0.00000,0.48670,-89.964,-0.010,0
23.4760,-0.01961,0.46411,-0.00114,0.00000,0.47890,-89.965,-0.009,0
23.5280,-0.01949,0.45648,-0.00114,0.00000,0.47110,-89.965,-0.009,0
23.5800,-0.01939,0.44884,-0.00114,0.00000,0.46330,-89.966,-0.009,0
23.6320,-0.01930,0.44119,-0.00114,0.00000,0.45550,-89.966,-0.009,0
23.6840,-0.01923,0.43354,-0.00114,0.00000,0.44770,-89.967,-0.009,0
23.7360,-0.01916,0.42587,-0.00114,0.00000,0.43990,-89.967,-0.009,0
23.7880,-0.01911,0.41819,-0.00114,0.00000,0.43210,-89.967,-0.009,0
23.8400,-0.01906,0.41050,-0.00114,0.00000,0.42430,-89.968,-0.009,0
23.8920,-0.01902,0.40280,-0.00114,0.00000,0.41650,-89.968,-0.009,0
23.9440,-0.01899,0.39510,-0.00114,0.00000,0.40870,-89.969,-0.009,0
23.9960,-0.01897,0.38738,-0.00114,0.00000,0.40090,-89.969,-0.009,0
24.0480,-0.01895,0.37965,-0.00114,0.00000,0.39310,-89.969,-0.009,0
24.1000,-0.01894,0.37192,-0.00114,0.00000,0.38530,-89.970,-0.009,0
24.1520,-0.01893,0.36418,-0.00114,0.00000,0.37750,-89.970,-0.009,0
24.2040,-0.01893,0.35643,-0.00114,0.00000,0.36970,-89.970,-0.009,0
24.2560,-0.01893,0.34867,-0.00114,0.00000,0.36190,-89.970,-0.009,0
24.3080,-0.01893,0.34091,-0.00114,0.00000,0.35410,-89.971,-0.009,0
24.3600,-0.01893,0.33314,-0.00114,0.00000,0.34630,-89.971,-0.009,0
24.4120,-0.01894,0.32536,-0.00114,0.00000,0.33850,-89.971,-0.009,0
24.4640,-0.01895,0.31758,-0.00114,0.00000,0.33070,-89.971,-0.009,0
24.5160,-0.01896,0.30979,-0.00114,0.00000,0.32290,-89.971,-0.009,0
24.5680,-0.01897,0.30201,-0.00114,0.00000,0.31510,-89.972,-0.009,0
24.6200,-0.01898,0.29421,-0.00114,0.00000,0.30730,-89.972,-0.009,0
24.6720,-0.01899,0.28642,-0.00114,0.00000,0.29950,-89.972,-0.009,0
24.7240,-0.01901,0.27862,-0.00114,0.00000,0.29170,-89.972,-0.009,0
24.7760,-0.01902,0.27081,-0.00114,0.00000,0.28390,-89.972,-0.009,0
24.8280,-0.01904,0.26301,-0.00114,0.00000,0.27610,-89.972,-0.009,0
24.8800,-0.01905,0.25521,-0.00114,0.00000,0.26830,-89.972,-0.009,0
24.9320,-0.01906,0.24740,-0.00114,0.00000,0.26050,-89.972,-0.009,0
24.9840,-0.01908,0.23959,-0.00114,0.00000,0.25270,-89.972,-0.009,0
25.0360,-0.01909,0.23178,-0.00114,0.00000,0.24490,-89.972,-0.009,0
25.0880,-0.01910,0.22397,-0.00114,0.00000,0.23710,-89.972,-0.009,0
25.1400,-0.01912,0.21616,-0.00114,0.00000,0.22930,-89.972,-0.009,0
25.1920,-0.01913,0.20835,-0.00114,0.00000,0.22150,-89.972,-0.009,0
25.2440,-0.01914,0.20054,-0.00114,0.00000,0.21370,-89.972,-0.009,0
25.2960,-0.01915,0.19273,-0.00114,0.00000,0.20590,-89.972,-0.009,0
25.3480,-0.01916,0.18492,-0.00114,0.00000,0.19810,-89.972,-0.009,0
25.4000,-0.01917,0.17711,-0.00114,0.00000,0.19030,-89.972,-0.009,0
25.4520,-0.01918,0.16930,-0.00114,0.00000,0.18250,-89.972,-0.010,0
25.5040,-0.01919,0.16149,-0.00114,0.00000,0.17470,-89.972,-0.010,0
25.5560,-0.01920,0.15368,-0.00114,0.00000,0.16690,-89.972,-0.010,0
25.6080,-0.01921,0.14587,-0.00114,0.00000,0.15910,-89.972,-0.010,0
25.6600,-0.01922,0.13806,-0.00114,0.00000,0.15130,-89.972,-0.010,0
25.7120,-0.01922,0.13026,-0.00114,0.00000,0.14350,-89.972,-0.010,0
25.7640,-0.01923,0.12245,-0.00114,0.00000,0.13570,-89.972,-0.010,0
25.8160,-0.01924,0.11464,-0.00114,0.00000,0.12790,-89.972,-0.010,0
25.8680,-0.01924,0.10684,-0.00114,0.00000,0.12010,-89.972,-0.010,0
25.9200,-0.01925,0.09903,-0.00114,0.00000,0.11230,-89.972,-0.010,0
25.9720,-0.01925,0.09123,-0.00114,0.00000,0.10450,-89.972,-0.010,0
26.0240,-0.01926,0.08342,-0.00114,0.00000,0.09670,-89.972,-0.010,0
26.0760,-0.01926,0.07562,-0.00114,0.00000,0.08890,-89.972,-0.010,0
26.1280,-0.01926,0.06782,-0.00114,0.00000,0.08110,-89.972,-0.010,0
26.1800,-0.01927,0.06001,-0.00114,0.00000,0.07330,-89.972,-0.010,0
26.2320,-0.01927,0.05221,-0.00114,0.00000,0.06550,-89.972,-0.010,0
26.2840,-0.01927,0.04441,-0.00114,0.00000,0.05770,-89.972,-0.010,0
26.3360,-0.01927,0.03661,-0.00114,0.00000,0.04990,-89.972,-0.010,0
26.3880,-0.01928,0.02880,-0.00114,0.00000,0.04210,-89.972,-0.010,0
26.4400,-0.01928,0.02100,-0.00114,0.00000,0.03430,-89.972,-0.010,0
26.4920,-0.01928,0.01320,-0.00114,0.00000,0.02650,-89.972,-0.010,0
26.5440,-0.01928,0.00540,-0.00114,0.00000,0.01870,-89.972,-0.010,0
26.5960,-0.01928,-0.00240,-0.00114,0.00000,0.01090,-89.972,-0.010,0
26.6480,-0.01928,-0.01020,-0.00114,0.00000,0.00310,-89.972,-0.010,0
26.7000,-0.01928,-0.01800,-0.00114,0.00470,0.00000,-89.972,-0.010,1
26.7520,-0.01882,-0.02516,-0.00114,0.01250,0.00000,-88.968,0.003,1
26.8040,-0.01748,-0.03118,-0.00114,0.02030,0.00000,-86.042,0.012,1
26.8560,-0.01531,-0.03621,-0.00113,0.02810,0.00000,-82.269,0.005,1
26.9080,-0.01243,-0.04039,-0.00113,0.03590,0.00000,-78.485,-0.002,1
26.9600,-0.00890,-0.04387,-0.00113,0.04370,0.00000,-74.805,-0.006,1
27.0120,-0.00475,-0.04676,-0.00113,0.05150,0.00000,-71.224,-0.010,1
27.0640,-0.00004,-0.04917,-0.00112,0.05930,0.00000,-67.725,-0.012,1
27.1160,0.00522,-0.05121,-0.00112,0.06710,0.00000,-64.294,-0.014,1
27.1680,0.01101,-0.05294,-0.00112,0.07490,0.00000,-60.920,-0.015,1
27.2200,0.01730,-0.05444,-0.00112,0.08270,0.00000,-57.594,-0.017,1
27.2720,0.02409,-0.05576,-0.00112,0.09050,0.00000,-54.308,-0.018,1
27.3240,0.03135,-0.05691,-0.00112,0.09830,0.00000,-51.056,-0.019,1
27.3760,0.03908,-0.05794,-0.00112,0.10610,0.00000,-47.834,-0.020,1
27.4280,0.04724,-0.05883,-0.00112,0.11390,0.00000,-44.636,-0.022,1
27.4800,0.05583,-0.05960,-0.00112,0.12170,0.00000,-41.460,-0.024,1
27.5320,0.06482,-0.06024,-0.00112,0.12950,0.00000,-38.302,-0.025,1
27.5840,0.07417,-0.06072,-0.00112,0.13730,0.00000,-35.159,-0.028,1
27.6360,0.08385,-0.06103,-0.00112,0.14510,0.00000,-32.028,-0.030,1
27.6880,0.09382,-0.06116,-0.00112,0.15290,0.00000,-28.909,-0.032,1
27.7400,0.10404,-0.06108,-0.00112,0.16070,0.00000,-25.798,-0.034,1
27.7920,0.11446,-0.06077,-0.00112,0.16850,0.00000,-22.695,-0.037,1
27.8440,0.12505,-0.06022,-0.00112,0.17630,0.00000,-19.598,-0.039,1
27.8960,0.13574,-0.05940,-0.00111,0.18410,0.00000,-16.506,-0.042,1
27.9480,0.14650,-0.05833,-0.00111,0.19190,0.00000,-13.419,-0.044,1
28.0000,0.15728,-0.05697,-0.00111,0.19970,0.00000,-10.337,-0.046,1
28.0520,0.16802,-0.05535,-0.00111,0.20750,0.00000,-7.261,-0.048,1
28.1040,0.17868,-0.05345,-0.00111,0.21530,0.00000,-4.214,-0.050,1
28.1560,0.18922,-0.05131,-0.00111,0.22310,0.00000,-1.460,-0.052,1
28.2080,0.19952,-0.04898,-0.00111,0.23090,0.00000,-0.267,-0.053,1
28.2600,0.20950,-0.04667,-0.00110,0.23870,0.00000,-0.211,-0.055,1
28.3120,0.21915,-0.04444,-0.00110,0.24650,0.00000,-0.267,-0.056,1
28.3640,0.22852,-0.04230,-0.00110,0.25430,0.00000,-0.285,-0.057,1
28.4160,0.23764,-0.04025,-0.00110,0.26210,0.00000,-0.294,-0.057,1
28.4680,0.24653,-0.03830,-0.00110,0.26990,0.00000,-0.301,-0.057,1
28.5200,0.25522,-0.03645,-0.00110,0.27770,0.00000,-0.306,-0.057,1
28.5720,0.26374,-0.03469,-0.00110,0.28550,0.00000,-0.310,-0.057,1
28.6240,0.27210,-0.03304,-0.00110,0.29330,0.00000,-0.313,-0.057,1
28.6760,0.28032,-0.03148,-0.00110,0.30110,0.00000,-0.315,-0.057,1
28.7280,0.28843,-0.03003,-0.00110,0.30890,0.00000,-0.317,-0.056,1
28.7800,0.29645,-0.02867,-0.00110,0.31670,0.00000,-0.317,-0.056,1
28.8320,0.30437,-0.02740,-0.00110,0.32450,0.00000,-0.318,-0.055,1
28.8840,0.31222,-0.02622,-0.00110,0.33230,0.00000,-0.317,-0.055,1
28.9360,0.32001,-0.02513,-0.00110,0.34010,0.00000,-0.317,-0.054,1
28.9880,0.32775,-0.02413,-0.00111,0.34790,0.00000,-0.317,-0.054,1
29.0400,0.33545,-0.02320,-0.00111,0.35570,0.00000,-0.316,-0.053,1
29.0920,0.34312,-0.02236,-0.00111,0.36350,0.00000,-0.315,-0.053,1
29.1440,0.35076,-0.02158,-0.00111,0.37130,0.00000,-0.314,-0.053,1
29.1960,0.35838,-0.02088,-0.00111,0.37910,0.00000,-0.313,-0.052,1
29.2480,0.36599,-0.02023,-0.00111,0.38690,0.00000,-0.312,-0.052,1
29.3000,0.37358,-0.01966,-0.00111,0.39470,0.00000,-0.311,-0.051,1
29.3520,0.38117,-0.01913,-0.00111,0.40250,0.00000,-0.310,-0.051,1
29.4040,0.38876,-0.01866,-0.00111,0.41030,0.00000,-0.309,-0.051,1
29.4560,0.39635,-0.01825,-0.00112,0.41810,0.00000,-0.309,-0.051,1
29.5080,0.40394,-0.01787,-0.00112,0.42590,0.00000,-0.308,-0.051,1
29.5600,0.41153,-0.01755,-0.00112,0.43370,0.00000,-0.307,-0.050,1
29.6120,0.41913,-0.01726,-0.00112,0.44150,0.00000,-0.306,-0.050,1
29.6640,0.42674,-0.01700,-0.00112,0.44930,0.00000,-0.305,-0.050,1
29.7160,0.43436,-0.01678,-0.00112,0.45710,0.00000,-0.305,-0.050,1
29.7680,0.44198,-0.01659,-0.00112,0.46490,0.00000,-0.304,-0.050,1
29.8200,0.44962,-0.01643,-0.00112,0.47270,0.00000,-0.304,-0.050,1
29.8720,0.45726,-0.01630,-0.00112,0.48050,0.00000,-0.303,-0.050,1
29.9240,0.46491,-0.01619,-0.00112,0.48830,0.00000,-0.302,-0.050,1
29.9760,0.47258,-0.01609,-0.00112,0.49610,0.00000,-0.302,-0.050,1
30.0280,0.48025,-0.01602,-0.00113,0.50390,0.00000,-0.301,-0.050,1
30.0800,0.48793,-0.01596,-0.00113,0.51170,0.00000,-0.301,-0.050,1
30.1320,0.49563,-0.01592,-0.00113,0.51950,0.00000,-0.301,-0.050,1
30.1840,0.50333,-0.01589,-0.00113,0.52730,0.00000,-0.300,-0.050,1
30.2360,0.51104,-0.01588,-0.00113,0.53510,0.00000,-0.300,-0.050,1
30.2880,0.51875,-0.01587,-0.00113,0.54290,0.00000,-0.300,-0.050,1
30.3400,0.52648,-0.01587,-0.00113,0.55070,0.00000,-0.299,-0.050,1
30.3920,0.53421,-0.01588,-0.00113,0.55850,0.00000,-0.299,-0.050,1
30.4440,0.54195,-0.01589,-0.00113,0.56630,0.00000,-0.299,-0.050,1
30.4960,0.54969,-0.01592,-0.00113,0.57410,0.00000,-0.299,-0.050,1
30.5480,0.55745,-0.01594,-0.00113,0.58190,0.00000,-0.298,-0.050,1
30.6000,0.56520,-0.01597,-0.00113,0.58970,0.00000,-0.298,-0.050,1
30.6520,0.57296,-0.01600,-0.00113,0.59750,0.00000,-0.298,-0.050,1
30.7040,0.58073,-0.01604,-0.00113,0.60530,0.00000,-0.298,-0.050,1
30.7560,0.58850,-0.01607,-0.00113,0.61310,0.00000,-0.298,-0.050,1
30.8080,0.59627,-0.01611,-0.00113,0.62090,0.00000,-0.298,-0.050,1
30.8600,0.60405,-0.01615,-0.00113,0.62870,0.00000,-0.297,-0.050,1
30.9120,0.61183,-0.01618,-0.00113,0.63650,0.00000,-0.297,-0.050,1
30.9640,0.61961,-0.01622,-0.00113,0.64430,0.00000,-0.297,-0.050,1
31.0160,0.62740,-0.01626,-0.00113,0.65210,0.00000,-0.297,-0.050,1
31.0680,0.63519,-0.01630,-0.00113,0.65990,0.00000,-0.297,-0.050,1
31.1200,0.64298,-0.01633,-0.00113,0.66770,0.00000,-0.297,-0.050,1
31.1720,0.65077,-0.01637,-0.00113,0.67550,0.00000,-0.297,-0.050,1
31.2240,0.65856,-0.01640,-0.00113,0.68330,0.00000,-0.297,-0.050,1
31.2760,0.66636,-0.01643,-0.00113,0.69110,0.00000,-0.297,-0.050,1
31.3280,0.67416,-0.01646,-0.00113,0.69890,0.00000,-0.297,-0.050,1
31.3800,0.68195,-0.01649,-0.00113,0.70670,0.00000,-0.297,-0.050,1
31.4320,0.68975,-0.01652,-0.00113,0.71450,0.00000,-0.297,-0.050,1
31.4840,0.69755,-0.01655,-0.00113,0.72230,0.00000,-0.297,-0.050,1
31.5360,0.70535,-0.01658,-0.00113,0.73010,0.00000,-0.297,-0.050,1
31.5880,0.71315,-0.01660,-0.00113,0.73790,0.00000,-0.297,-0.050,1
31.6400,0.72095,-0.01662,-0.00113,0.74570,0.00000,-0.297,-0.050,1
31.6920,0.72875,-0.01664,-0.00113,0.75350,0.00000,-0.297,-0.050,1
31.7440,0.73655,-0.01666,-0.00113,0.76130,0.00000,-0.297,-0.050,1
31.7960,0.74435,-0.01668,-0.00113,0.76910,0.00000,-0.297,-0.050,1
31.8480,0.75215,-0.01670,-0.00113,0.77690,0.00000,-0.297,-0.050,1
31.9000,0.75996,-0.01671,-0.00113,0.78470,0.00000,-0.297,-0.050,1
31.9520,0.76776,-0.01673,-0.00113,0.79250,0.00000,-0.297,-0.050,1
32.0040,0.77556,-0.01674,-0.00113,0.80030,0.00000,-0.297,-0.050,1
32.0540,0.78306,-0.01675,-0.00113,0.80780,0.00000,-0.297,-0.050,1
32.1040,0.79056,-0.01677,-0.00113,0.81530,0.00000,-0.297,-0.050,1
32.1540,0.79806,-0.01677,-0.00113,0.82280,0.00000,-0.297,-0.050,1
32.2040,0.80557,-0.01678,-0.00113,0.83030,0.00000,-0.297,-0.050,1
32.2540,0.81307,-0.01679,-0.00113,0.83780,0.00000,-0.297,-0.050,1
32.3040,0.82057,-0.01680,-0.00113,0.84530,0.00000,-0.297,-0.050,1
32.3540,0.82807,-0.01681,-0.00113,0.85280,0.00000,-0.297,-0.050,1
32.4040,0.83557,-0.01681,-0.00113,0.86030,0.00000,-0.297,-0.050,1
32.4540,0.84307,-0.01682,-0.00113,0.86780,0.00000,-0.297,-0.050,1
32.5040,0.85058,-0.01682,-0.00113,0.87530,0.00000,-0.297,-0.050,1
32.5540,0.85808,-0.01683,-0.00113,0.88280,0.00000,-0.297,-0.050,1
32.6040,0.86558,-0.01683,-0.00113,0.89030,0.00000,-0.297,-0.050,1
32.6540,0.87308,-0.01683,-0.00113,0.89780,0.00000,-0.297,-0.050,1
32.7040,0.88058,-0.01684,-0.00113,0.90530,0.00000,-0.297,-0.050,1
32.7540,0.88808,-0.01684,-0.00113,0.91280,0.00000,-0.297,-0.050,1
32.8040,0.89558,-0.01684,-0.00113,0.92030,0.00000,-0.297,-0.050,1
32.8540,0.90308,-0.01684,-0.00113,0.92780,0.00000,-0.297,-0.050,1
32.9040,0.91058,-0.01684,-0.00113,0.93530,0.00000,-0.297,-0.050,1
32.9540,0.91808,-0.01684,-0.00113,0.94280,0.00000,-0.297,-0.050,1
33.0040,0.92558,-0.01685,-0.00113,0.95030,0.00000,-0.297,-0.050,1
33.0540,0.93309,-0.01685,-0.00113,0.95780,0.00000,-0.297,-0.050,1
33.1040,0.94059,-0.01685,-0.00113,0.96530,0.00000,-0.297,-0.050,1
33.1540,0.94809,-0.01685,-0.00113,0.97280,0.00000,-0.297,-0.050,1
33.2040,0.95559,-0.01685,-0.00113,0.98030,0.00000,-0.297,-0.050,1
33.2540,0.96309,-0.01685,-0.00113,0.98780,0.00000,-0.297,-0.050,1
33.3040,0.97059,-0.01685,-0.00113,0.99530,0.00000,-0.297,-0.050,1
33.3540,0.97808,-0.01684,-0.00113,1.00000,0.00280,-0.295,-0.050,1
33.4040,0.98491,-0.01636,-0.00113,1.00000,0.01030,0.756,-0.037,1
33.4540,0.99070,-0.01498,-0.00113,1.00000,0.01780,3.512,-0.028,1
33.5040,0.99560,-0.01263,-0.00113,1.00000,0.02530,7.016,-0.033,1
33.5540,0.99971,-0.00940,-0.00113,1.00000,0.03280,10.546,-0.039,1
33.6040,1.00312,-0.00538,-0.00112,1.00000,0.04030,13.998,-0.043,1
33.6540,1.00590,-0.00064,-0.00112,1.00000,0.04780,17.373,-0.045,1
33.7040,1.00813,0.00475,-0.00112,1.00000,0.05530,20.682,-0.047,1
33.7540,1.00988,0.01072,-0.00112,1.00000,0.06280,23.939,-0.048,1
33.8040,1.01119,0.01721,-0.00112,1.00000,0.07030,27.153,-0.049,1
33.8540,1.01211,0.02418,-0.00112,1.00000,0.07780,30.330,-0.049,1
33.9040,1.01269,0.03158,-0.00112,1.00000,0.08530,33.478,-0.049,1
33.9540,1.01295,0.03935,-0.00112,1.00000,0.09280,36.602,-0.049,1
34.0040,1.01293,0.04747,-0.00112,1.00000,0.10030,39.707,-0.049,1
34.0540,1.01264,0.05587,-0.00112,1.00000,0.10780,42.796,-0.050,1
34.1040,1.01211,0.06453,-0.00112,1.00000,0.11530,45.871,-0.050,1
34.1540,1.01135,0.07340,-0.00112,1.00000,0.12280,48.937,-0.050,1
34.2040,1.01037,0.08243,-0.00112,1.00000,0.13030,51.994,-0.051,1
34.2540,1.00919,0.09159,-0.00112,1.00000,0.13780,55.045,-0.051,1
34.3040,1.00784,0.10084,-0.00112,1.00000,0.14530,58.092,-0.051,1
34.3540,1.00631,0.11014,-0.00112,1.00000,0.15280,61.136,-0.052,1
34.4040,1.00463,0.11945,-0.00112,1.00000,0.16030,64.179,-0.052,1
34.4540,1.00281,0.12875,-0.00112,1.00000,0.16780,67.220,-0.053,1
34.5040,1.00087,0.13800,-0.00112,1.00000,0.17530,70.262,-0.053,1
34.5540,0.99884,0.14717,-0.00112,1.00000,0.18280,73.306,-0.053,1
34.6040,0.99673,0.15623,-0.00112,1.00000,0.19030,76.351,-0.054,1
34.6540,0.99456,0.16518,-0.00112,1.00000,0.19780,79.399,-0.054,1
34.7040,0.99235,0.17398,-0.00112,1.00000,0.20530,82.449,-0.054,1
34.7540,0.99011,0.18263,-0.00112,1.00000,0.21280,85.481,-0.053,1
34.8040,0.98787,0.19113,-0.00112,1.00000,0.22030,88.256,-0.053,1
34.8540,0.98569,0.19950,-0.00112,1.00000,0.22780,89.701,-0.053,1
34.9040,0.98368,0.20778,-0.00112,1.00000,0.23530,89.951,-0.053,1
34.9540,0.98190,0.21600,-0.00112,1.00000,0.24280,89.970,-0.053,1
35.0040,0.98035,0.22416,-0.00112,1.00000,0.25030,90.012,-0.053,1
35.0540,0.97900,0.23226,-0.00112,1.00000,0.25780,90.056,-0.053,1
35.1040,0.97784,0.24030,-0.00112,1.00000,0.26530,90.094,-0.053,1
35.1540,0.97685,0.24829,-0.00112,1.00000,0.27280,90.125,-0.053,1
35.2040,0.97601,0.25623,-0.00112,1.00000,0.28030,90.151,-0.052,1
35.2540,0.97533,0.26412,-0.00112,1.00000,0.28780,90.173,-0.052,1
35.3040,0.97477,0.27198,-0.00113,1.00000,0.29530,90.191,-0.052,1
35.3540,0.97432,0.27979,-0.00113,1.00000,0.30280,90.207,-0.052,1
35.4040,0.97398,0.28757,-0.00113,1.00000,0.31030,90.220,-0.051,1
35.4540,0.97374,0.29531,-0.00113,1.00000,0.31780,90.232,-0.051,1
35.5040,0.97357,0.30302,-0.00113,1.00000,0.32530,90.241,-0.051,1
35.5540,0.97348,0.31071,-0.00113,1.00000,0.33280,90.250,-0.051,1
35.6040,0.97346,0.31837,-0.00113,1.00000,0.34030,90.257,-0.050,1
35.6540,0.97348,0.32601,-0.00113,1.00000,0.34780,90.263,-0.050,1
35.7040,0.97356,0.33363,-0.00113,1.00000,0.35530,90.268,-0.050,1
35.7540,0.97368,0.34123,-0.00113,1.00000,0.36280,90.273,-0.050,1
35.8040,0.97383,0.34882,-0.00113,1.00000,0.37030,90.277,-0.050,1
35.8540,0.97401,0.35639,-0.00113,1.00000,0.37780,90.281,-0.049,1
35.9040,0.97421,0.36394,-0.00113,1.00000,0.38530,90.284,-0.049,1
35.9540,0.97444,0.37149,-0.00113,1.00000,0.39280,90.287,-0.049,1
36.0040,0.97467,0.37903,-0.00113,1.00000,0.40030,90.289,-0.049,1
36.0540,0.97492,0.38655,-0.00113,1.00000,0.40780,90.292,-0.049,1
36.1040,0.97518,0.39407,-0.00113,1.00000,0.41530,90.294,-0.049,1
36.1540,0.97544,0.40159,-0.00113,1.00000,0.42280,90.295,-0.049,1
36.2040,0.97570,0.40909,-0.00113,1.00000,0.43030,90.297,-0.049,1
36.2540,0.97597,0.41660,-0.00113,1.00000,0.43780,90.298,-0.048,1
36.3040,0.97623,0.42410,-0.00113,1.00000,0.44530,90.300,-0.048,1
36.3540,0.97648,0.43159,-0.00113,1.00000,0.45280,90.301,-0.048,1
36.4040,0.97674,0.43908,-0.00113,1.00000,0.46030,90.302,-0.048,1
36.4540,0.97698,0.44657,-0.00113,1.00000,0.46780,90.303,-0.048,1
36.5040,0.97722,0.45406,-0.00113,1.00000,0.47530,90.304,-0.048,1
36.5540,0.97745,0.46155,-0.00113,1.00000,0.48280,90.304,-0.048,1
36.6040,0.97767,0.46904,-0.00113,1.00000,0.49030,90.305,-0.048,1
36.6540,0.97789,0.47652,-0.00113,1.00000,0.49780,90.306,-0.048,1
36.7040,0.97809,0.48401,-0.00113,1.00000,0.50530,90.306,-0.048,1
36.7540,0.97828,0.49149,-0.00113,1.00000,0.51280,90.307,-0.048,1
36.8040,0.97847,0.49898,-0.00113,1.00000,0.52030,90.307,-0.048,1
36.8540,0.97864,0.50646,-0.00113,1.00000,0.52780,90.308,-0.048,1
36.9040,0.97881,0.51395,-0.00113,1.00000,0.53530,90.308,-0.048,1
36.9540,0.97896,0.52144,-0.00113,1.00000,0.54280,90.308,-0.048,1
37.0040,0.97911,0.52892,-0.00113,1.00000,0.55030,90.309,-0.048,1
37.0540,0.97924,0.53641,-0.00113,1.00000,0.55780,90.309,-0.048,1
37.1040,0.97937,0.54390,-0.00113,1.00000,0.56530,90.309,-0.048,1
37.1540,0.97949,0.55138,-0.00113,1.00000,0.57280,90.309,-0.048,1
37.2040,0.97960,0.55887,-0.00113,1.00000,0.58030,90.309,-0.048,1
37.2540,0.97970,0.56636,-0.00113,1.00000,0.58780,90.310,-0.048,1
37.3040,0.97979,0.57385,-0.00113,1.00000,0.59530,90.310,-0.048,1
37.3540,0.97987,0.58134,-0.00113,1.00000,0.60280,90.310,-0.048,1
37.4040,0.97995,0.58884,-0.00113,1.00000,0.61030,90.310,-0.048,1
37.4540,0.98003,0.59633,-0.00113,1.00000,0.61780,90.310,-0.048,1
37.5040,0.98009,0.60382,-0.00113,1.00000,0.62530,90.310,-0.048,1
37.5540,0.98015,0.61132,-0.00113,1.00000,0.63280,90.310,-0.048,1
37.6040,0.98020,0.61881,-0.00113,1.00000,0.64030,90.310,-0.048,1
37.6540,0.98025,0.62630,-0.00113,1.00000,0.64780,90.310,-0.048,1
37.7040,0.98030,0.63380,-0.00113,1.00000,0.65530,90.310,-0.048,1
37.7540,0.98034,0.64129,-0.00113,1.00000,0.66280,90.310,-0.048,1
37.8040,0.98037,0.64879,-0.00113,1.00000,0.67030,90.310,-0.048,1
37.8540,0.98040,0.65629,-0.00113,1.00000,0.67780,90.310,-0.048,1
37.9040,0.98043,0.66378,-0.00113,1.00000,0.68530,90.310,-0.048,1
37.9540,0.98045,0.67128,-0.00113,1.00000,0.69280,90.310,-0.048,1
38.0040,0.98047,0.67878,-0.00113,1.00000,0.70030,90.310,-0.048,1
38.0540,0.98049,0.68628,-0.00113,1.00000,0.70780,90.310,-0.048,1
38.1040,0.98051,0.69377,-0.00113,1.00000,0.71530,90.310,-0.048,1
38.1540,0.98052,0.70127,-0.00113,1.00000,0.72280,90.310,-0.048,1
38.2040,0.98053,0.70877,-0.00113,1.00000,0.73030,90.310,-0.048,1
38.2540,0.98054,0.71627,-0.00113,1.00000,0.73780,90.310,-0.048,1
38.3040,0.98055,0.72377,-0.00113,1.00000,0.74530,90.310,-0.048,1
38.3540,0.98056,0.73127,-0.00113,1.00000,0.75280,90.310,-0.048,1
38.4040,0.98056,0.73877,-0.00113,1.00000,0.76030,90.310,-0.048,1
38.4540,0.98056,0.74627,-0.00113,1.00000,0.76780,90.310,-0.048,1
38.5040,0.98057,0.75377,-0.00113,1.00000,0.77530,90.310,-0.048,1
38.5540,0.98057,0.76127,-0.00113,1.00000,0.78280,90.310,-0.048,1
38.6040,0.98057,0.76877,-0.00113,1.00000,0.79030,90.310,-0.048,1
38.6540,0.98057,0.77627,-0.00113,1.00000,0.79780,90.310,-0.048,1
38.7040,0.98057,0.78377,-0.00113,1.00000,0.80530,90.309,-0.048,1
38.7540,0.98056,0.79127,-0.00113,1.00000,0.81280,90.309,-0.048,1
38.8040,0.98056,0.79877,-0.00113,1.00000,0.82030,90.309,-0.048,1
38.8540,0.98056,0.80627,-0.00113,1.00000,0.82780,90.309,-0.048,1
38.9040,0.98056,0.81377,-0.00113,1.00000,0.83530,90.309,-0.048,1
38.9540,0.98055,0.82127,-0.00113,1.00000,0.84280,90.309,-0.048,1
39.0040,0.98055,0.82877,-0.00113,1.00000,0.85030,90.309,-0.048,1
39.0540,0.98055,0.83627,-0.00113,1.00000,0.85780,90.309,-0.048,1
39.1040,0.98054,0.84377,-0.00113,1.00000,0.86530,90.309,-0.048,1
39.1540,0.98054,0.85127,-0.00113,1.00000,0.87280,90.309,-0.048,1
39.2040,0.98054,0.85877,-0.00113,1.00000,0.88030,90.309,-0.048,1
39.2540,0.98053,0.86627,-0.00113,1.00000,0.88780,90.309,-0.048,1
39.3040,0.98053,0.87377,-0.00113,1.00000,0.89530,90.309,-0.048,1
39.3540,0.98053,0.88127,-0.00113,1.00000,0.90280,90.309,-0.048,1
39.4040,0.98052,0.88877,-0.00113,1.00000,0.91030,90.309,-0.048,1
39.4540,0.98052,0.89627,-0.00113,1.00000,0.91780,90.309,-0.048,1
39.5040,0.98052,0.90377,-0.00113,1.00000,0.92530,90.309,-0.048,1
39.5540,0.98051,0.91127,-0.00113,1.00000,0.93280,90.309,-0.048,1
39.6040,0.98051,0.91877,-0.00113,1.00000,0.94030,90.309,-0.048,1
39.6540,0.98051,0.92627,-0.00113,1.00000,0.94780,90.309,-0.048,1
39.7040,0.98051,0.93377,-0.00113,1.00000,0.95530,90.309,-0.048,1
39.7540,0.98050,0.94127,-0.00113,1.00000,0.96280,90.309,-0.048,1
39.8040,0.98050,0.94877,-0.00113,1.00000,0.97030,90.309,-0.048,1
39.8540,0.98050,0.95627,-0.00113,1.00000,0.97780,90.309,-0.048,1
39.9040,0.98050,0.96377,-0.00113,1.00000,0.98530,90.309,-0.048,1
39.9540,0.98049,0.97127,-0.00113,1.00000,0.99280,90.309,-0.048,1
40.0040,0.98049,0.97877,-0.00113,0.99970,1.00000,90.311,-0.048,1
40.0540,0.98002,0.98554,-0.00113,0.99220,1.00000,91.424,-0.035,1
40.1040,0.97866,0.99112,-0.00113,0.98470,1.00000,94.131,-0.025,1
40.1540,0.97640,0.99556,-0.00113,0.97720,1.00000,97.466,-0.030,1
40.2040,0.97335,0.99902,-0.00113,0.96970,1.00000,100.831,-0.034,1
40.2540,0.96960,1.00163,-0.00113,0.96220,1.00000,104.137,-0.037,1
40.3040,0.96524,1.00353,-0.00113,0.95470,1.00000,107.387,-0.038,1
40.3540,0.96036,1.00484,-0.00113,0.94720,1.00000,110.590,-0.038,1
40.4040,0.95500,1.00566,-0.00113,0.93970,1.00000,113.757,-0.037,1
40.4540,0.94922,1.00608,-0.00113,0.93220,1.00000,116.895,-0.036,1
40.5040,0.94306,1.00618,-0.00113,0.92470,1.00000,120.009,-0.034,1
40.5540,0.93656,1.00603,-0.00113,0.91720,1.00000,123.105,-0.033,1
40.6040,0.92976,1.00568,-0.00113,0.90970,1.00000,126.184,-0.031,1
40.6540,0.92268,1.00519,-0.00113,0.90220,1.00000,129.252,-0.029,1
40.7040,0.91535,1.00458,-0.00113,0.89470,1.00000,132.309,-0.027,1
40.7540,0.90779,1.00389,-0.00113,0.88720,1.00000,135.358,-0.026,1
40.8040,0.90004,1.00314,-0.00113,0.87970,1.00000,138.401,-0.024,1
40.8540,0.89210,1.00237,-0.00113,0.87220,1.00000,141.439,-0.023,1
40.9040,0.88401,1.00157,-0.00113,0.86470,1.00000,144.474,-0.022,1
40.9540,0.87578,1.00077,-0.00114,0.85720,1.00000,147.507,-0.021,1
41.0040,0.86744,0.99997,-0.00114,0.84970,1.00000,150.539,-0.020,1
41.0540,0.85900,0.99917,-0.00114,0.84220,1.00000,153.572,-0.019,1
41.1040,0.85048,0.99839,-0.00114,0.83470,1.00000,156.606,-0.019,1
41.1540,0.84190,0.99762,-0.00114,0.82720,1.00000,159.644,-0.018,1
41.2040,0.83328,0.99686,-0.00114,0.81970,1.00000,162.688,-0.018,1
41.2540,0.82463,0.99612,-0.00114,0.81220,1.00000,165.738,-0.017,1
41.3040,0.81597,0.99538,-0.00114,0.80470,1.00000,168.798,-0.017,1
41.3540,0.80731,0.99466,-0.00114,0.79720,1.00000,171.868,-0.017,1
41.4040,0.79867,0.99394,-0.00114,0.78970,1.00000,174.930,-0.016,1
41.4540,0.79005,0.99324,-0.00114,0.78220,1.00000,177.751,-0.016,1
41.5040,0.78142,0.99254,-0.00114,0.77470,1.00000,179.224,-0.015,1
41.5540,0.77274,0.99187,-0.00114,0.76720,1.00000,179.498,-0.015,1
41.6040,0.76402,0.99123,-0.00114,0.75970,1.00000,179.553,-0.015,1
41.6540,0.75526,0.99061,-0.00114,0.75220,1.00000,179.625,-0.014,1
41.7040,0.74649,0.99003,-0.00114,0.74470,1.00000,179.692,-0.014,1
41.7540,0.73772,0.98947,-0.00114,0.73720,1.00000,179.747,-0.014,1
41.8040,0.72897,0.98894,-0.00114,0.72970,1.00000,179.792,-0.014,1
41.8540,0.72024,0.98844,-0.00114,0.72220,1.00000,179.829,-0.014,1
41.9040,0.71155,0.98797,-0.00114,0.71470,1.00000,179.859,-0.013,1
41.9540,0.70290,0.98753,-0.00114,0.70720,1.00000,179.883,-0.013,1
42.0040,0.69430,0.98712,-0.00114,0.69970,1.00000,179.902,-0.013,1
42.0540,0.68576,0.98673,-0.00114,0.69220,1.00000,179.918,-0.013,1
42.1040,0.67727,0.98637,-0.00114,0.68470,1.00000,179.931,-0.013,1
42.1540,0.66884,0.98604,-0.00114,0.67720,1.00000,179.941,-0.013,1
42.2040,0.66048,0.98573,-0.00114,0.66970,1.00000,179.948,-0.013,1
42.2540,0.65217,0.98544,-0.00114,0.66220,1.00000,179.955,-0.013,1
42.3040,0.64393,0.98518,-0.00114,0.65470,1.00000,179.959,-0.012,1
42.3540,0.63575,0.98494,-0.00114,0.64720,1.00000,179.963,-0.012,1
42.4040,0.62764,0.98472,-0.00114,0.63970,1.00000,179.965,-0.012,1
42.4540,0.61958,0.98452,-0.00114,0.63220,1.00000,179.967,-0.012,1
42.5040,0.61158,0.98433,-0.00114,0.62470,1.00000,179.968,-0.012,1
42.5540,0.60363,0.98417,-0.00114,0.61720,1.00000,179.969,-0.011,1
42.6040,0.59574,0.98402,-0.00114,0.60970,1.00000,179.969,-0.011,1
42.6540,0.58790,0.98388,-0.00114,0.60220,1.00000,179.969,-0.011,1
42.7040,0.58010,0.98376,-0.00114,0.59470,1.00000,179.969,-0.011,1
42.7540,0.57235,0.98366,-0.00114,0.58720,1.00000,179.968,-0.011,1
42.8040,0.56463,0.98356,-0.00114,0.57970,1.00000,179.968,-0.010,1
42.8540,0.55696,0.98348,-0.00114,0.57220,1.00000,179.967,-0.010,1
42.9040,0.54932,0.98341,-0.00114,0.56470,1.00000,179.966,-0.010,1
42.9540,0.54170,0.98334,-0.00114,0.55720,1.00000,179.965,-0.010,1
43.0040,0.53412,0.98329,-0.00114,0.54970,1.00000,179.965,-0.010,1
43.0540,0.52656,0.98324,-0.00114,0.54220,1.00000,179.964,-0.009,1
43.1040,0.51903,0.98320,-0.00114,0.53470,1.00000,179.963,-0.009,1
43.1540,0.51151,0.98317,-0.00114,0.52720,1.00000,179.962,-0.009,1
43.2040,0.50402,0.98314,-0.00114,0.51970,1.00000,179.962,-0.009,1
43.2540,0.49653,0.98312,-0.00114,0.51220,1.00000,179.961,-0.009,1
43.3040,0.48906,0.98310,-0.00114,0.50470,1.00000,179.961,-0.008,1
43.3540,0.48160,0.98309,-0.00114,0.49720,1.00000,179.960,-0.008,1
43.4040,0.47415,0.98308,-0.00114,0.48970,1.00000,179.960,-0.008,1
43.4540,0.46671,0.98308,-0.00114,0.48220,1.00000,179.959,-0.008,1
43.5040,0.45927,0.98308,-0.00114,0.47470,1.00000,179.959,-0.008,1
43.5540,0.45184,0.98308,-0.00114,0.46720,1.00000,179.958,-0.008,1
43.6040,0.44441,0.98308,-0.00114,0.45970,1.00000,179.958,-0.008,1
43.6540,0.43698,0.98308,-0.00114,0.45220,1.00000,179.958,-0.008,1
43.7040,0.42955,0.98309,-0.00114,0.44470,1.00000,179.957,-0.008,1
43.7540,0.42213,0.98310,-0.00114,0.43720,1.00000,179.957,-0.008,1
43.8040,0.41470,0.98311,-0.00114,0.42970,1.00000,179.957,-0.008,1
43.8540,0.40727,0.98312,-0.00114,0.42220,1.00000,179.957,-0.007,1
43.9040,0.39984,0.98313,-0.00114,0.41470,1.00000,179.957,-0.007,1
43.9540,0.39240,0.98314,-0.00114,0.40720,1.00000,179.957,-0.007,1
44.0040,0.38497,0.98315,-0.00114,0.39970,1.00000,179.957,-0.007,1
44.0540,0.37753,0.98316,-0.00114,0.39220,1.00000,179.957,-0.007,1
44.1040,0.37008,0.98317,-0.00114,0.38470,1.00000,179.957,-0.007,1
44.1540,0.36263,0.98319,-0.00114,0.37720,1.00000,179.957,-0.007,1
44.2040,0.35518,0.98320,-0.00114,0.36970,1.00000,179.957,-0.007,1
44.2540,0.34773,0.98321,-0.00114,0.36220,1.00000,179.957,-0.007,1
44.3040,0.34027,0.98322,-0.00114,0.35470,1.00000,179.957,-0.007,1
44.3540,0.33281,0.98323,-0.00114,0.34720,1.00000,179.957,-0.007,1
44.4040,0.32535,0.98324,-0.00114,0.33970,1.00000,179.957,-0.007,1
44.4540,0.31788,0.98325,-0.00114,0.33220,1.00000,179.957,-0.007,1
44.5040,0.31041,0.98326,-0.00114,0.32470,1.00000,179.957,-0.007,1
44.5540,0.30293,0.98327,-0.00114,0.31720,1.00000,179.957,-0.007,1
44.6040,0.29545,0.98328,-0.00114,0.30970,1.00000,179.957,-0.007,1
44.6540,0.28797,0.98329,-0.00114,0.30220,1.00000,179.957,-0.007,1
44.7040,0.28049,0.98330,-0.00114,0.29470,1.00000,179.957,-0.007,1
44.7540,0.27300,0.98331,-0.00114,0.28720,1.00000,179.957,-0.007,1
44.8040,0.26551,0.98332,-0.00114,0.27970,1.00000,179.957,-0.007,1
44.8540,0.25802,0.98332,-0.00114,0.27220,1.00000,179.958,-0.007,1
44.9040,0.25053,0.98333,-0.00114,0.26470,1.00000,179.958,-0.007,1
44.9540,0.24304,0.98334,-0.00114,0.25720,1.00000,179.958,-0.007,1
45.0040,0.23554,0.98334,-0.00114,0.24970,1.00000,179.958,-0.007,1
45.0540,0.22805,0.98335,-0.00114,0.24220,1.00000,179.958,-0.007,1
45.1040,0.22055,0.98335,-0.00114,0.23470,1.00000,179.958,-0.007,1
45.1540,0.21305,0.98336,-0.00114,0.22720,1.00000,179.958,-0.007,1
45.2040,0.20555,0.98336,-0.00114,0.21970,1.00000,179.958,-0.007,1
45.2540,0.19805,0.98336,-0.00114,0.21220,1.00000,179.958,-0.007,1
45.3040,0.19054,0.98337,-0.00114,0.20470,1.00000,179.958,-0.007,1
45.3540,0.18304,0.98337,-0.00114,0.19720,1.00000,179.958,-0.007,1
45.4040,0.17554,0.98337,-0.00114,0.18970,1.00000,179.958,-0.007,1
45.4540,0.16804,0.98338,-0.00114,0.18220,1.00000,179.958,-0.007,1
45.5040,0.16053,0.98338,-0.00114,0.17470,1.00000,179.958,-0.007,1
45.5540,0.15303,0.98338,-0.00114,0.16720,1.00000,179.958,-0.007,1
45.6040,0.14552,0.98338,-0.00114,0.15970,1.00000,179.958,-0.007,1
45.6540,0.13802,0.98339,-0.00114,0.15220,1.00000,179.958,-0.007,1
45.7040,0.13051,0.98339,-0.00114,0.14470,1.00000,179.958,-0.007,1
45.7540,0.12301,0.98339,-0.00114,0.13720,1.00000,179.958,-0.007,1
45.8040,0.11551,0.98339,-0.00114,0.12970,1.00000,179.958,-0.007,1
45.8540,0.10800,0.98339,-0.00114,0.12220,1.00000,179.958,-0.007,1
45.9040,0.10050,0.98339,-0.00114,0.11470,1.00000,179.958,-0.007,1
45.9540,0.09299,0.98339,-0.00114,0.10720,1.00000,179.958,-0.007,1
46.0040,0.08549,0.98339,-0.00114,0.09970,1.00000,179.958,-0.007,1
46.0540,0.07799,0.98339,-0.00114,0.09220,1.00000,179.958,-0.007,1
46.1040,0.07048,0.98339,-0.00114,0.08470,1.00000,179.958,-0.007,1
46.1540,0.06298,0.98339,-0.00114,0.07720,1.00000,179.958,-0.007,1
46.2040,0.05548,0.98339,-0.00114,0.06970,1.00000,179.958,-0.007,1
46.2540,0.04798,0.98339,-0.00114,0.06220,1.00000,179.958,-0.007,1
46.3040,0.04047,0.98339,-0.00114,0.05470,1.00000,179.958,-0.007,1
46.3540,0.03297,0.98339,-0.00114,0.04720,1.00000,179.958,-0.007,1
46.4040,0.02547,0.98339,-0.00114,0.03970,1.00000,179.958,-0.007,1
46.4540,0.01797,0.98339,-0.00114,0.03220,1.00000,179.958,-0.007,1
46.5040,0.01047,0.98339,-0.00114,0.02470,1.00000,179.958,-0.007,1
46.5540,0.00296,0.98339,-0.00114,0.01720,1.00000,179.958,-0.007,1
46.6040,-0.00454,0.98339,-0.00114,0.00970,1.00000,179.958,-0.007,1
46.6540,-0.01204,0.98339,-0.00114,0.00220,1.00000,179.958,-0.007,1
46.7040,-0.01954,0.98339,-0.00114,0.00000,0.99470,179.960,-0.007,1
46.7540,-0.02631,0.98290,-0.00114,0.00000,0.98720,-178.958,0.006,1
46.8040,-0.03181,0.98147,-0.00114,0.00000,0.97970,-176.097,0.015,1
46.8540,-0.03611,0.97927,-0.00113,0.00000,0.97220,-172.471,0.010,1
46.9040,-0.03936,0.97649,-0.00113,0.00000,0.96470,-168.842,0.005,1
46.9540,-0.04176,0.97320,-0.00112,0.00000,0.95720,-165.304,0.001,1
47.0040,-0.04345,0.96946,-0.00112,0.00000,0.94970,-161.857,-0.001,1
47.0540,-0.04460,0.96530,-0.00112,0.00000,0.94220,-158.483,-0.002,1
47.1040,-0.04533,0.96073,-0.00112,0.00000,0.93470,-155.168,-0.003,1
47.1540,-0.04574,0.95576,-0.00111,0.00000,0.92720,-151.902,-0.002,1
47.2040,-0.04593,0.95041,-0.00111,0.00000,0.91970,-148.675,-0.002,1
47.2540,-0.04596,0.94468,-0.00111,0.00000,0.91220,-145.482,-0.001,1
47.3040,-0.04590,0.93857,-0.00111,0.00000,0.90470,-142.317,-0.000,1
47.3540,-0.04579,0.93211,-0.00111,0.00000,0.89720,-139.176,0.000,1
47.4040,-0.04566,0.92529,-0.00111,0.00000,0.88970,-136.057,0.001,1
47.4540,-0.04553,0.91812,-0.00111,0.00000,0.88220,-132.957,0.001,1
47.5040,-0.04542,0.91061,-0.00111,0.00000,0.87470,-129.873,0.001,1
47.5540,-0.04534,0.90278,-0.00111,0.00000,0.86720,-126.805,0.001,1
47.6040,-0.04529,0.89463,-0.00111,0.00000,0.85970,-123.750,0.001,1
47.6540,-0.04525,0.88617,-0.00111,0.00000,0.85220,-120.708,0.000,1
47.7040,-0.04524,0.87743,-0.00111,0.00000,0.84470,-117.678,-0.001,1
47.7540,-0.04522,0.86843,-0.00111,0.00000,0.83720,-114.658,-0.002,1
47.8040,-0.04520,0.85916,-0.00111,0.00000,0.82970,-111.648,-0.003,1
47.8540,-0.04515,0.84967,-0.00111,0.00000,0.82220,-108.647,-0.004,1
47.9040,-0.04506,0.83996,-0.00111,0.00000,0.81470,-105.656,-0.006,1
47.9540,-0.04490,0.83006,-0.00111,0.00000,0.80720,-102.673,-0.007,1
48.0040,-0.04467,0.82001,-0.00111,0.00000,0.79970,-99.699,-0.009,1
48.0540,-0.04434,0.80981,-0.00112,0.00000,0.79220,-96.735,-0.010,1
48.1040,-0.04390,0.79952,-0.00112,0.00000,0.78470,-93.805,-0.012,1
48.1540,-0.04333,0.78917,-0.00112,0.00000,0.77720,-91.149,-0.013,1
48.2040,-0.04264,0.77883,-0.00112,0.00000,0.76970,-89.856,-0.014,1
48.2540,-0.04186,0.76863,-0.00112,0.00000,0.76220,-89.741,-0.015,1
48.3040,-0.04101,0.75858,-0.00112,0.00000,0.75470,-89.815,-0.016,1
48.3540,-0.04012,0.74870,-0.00112,0.00000,0.74720,-89.848,-0.017,1
48.4040,-0.03920,0.73899,-0.00112,0.00000,0.73970,-89.868,-0.017,1
48.4540,-0.03825,0.72944,-0.00112,0.00000,0.73220,-89.884,-0.018,1
48.5040,-0.03729,0.72006,-0.00112,0.00000,0.72470,-89.897,-0.018,1
48.5540,-0.03632,0.71084,-0.00112,0.00000,0.71720,-89.908,-0.018,1
48.6040,-0.03536,0.70179,-0.00112,0.00000,0.70970,-89.917,-0.018,1
48.6540,-0.03440,0.69288,-0.00113,0.00000,0.70220,-89.925,-0.018,1
48.7040,-0.03347,0.68412,-0.00113,0.00000,0.69470,-89.931,-0.018,1
48.7540,-0.03255,0.67551,-0.00113,0.00000,0.68720,-89.936,-0.018,1
48.8040,-0.03166,0.66703,-0.00113,0.00000,0.67970,-89.940,-0.017,1
48.8540,-0.03080,0.65867,-0.00113,0.00000,0.67220,-89.944,-0.017,1
48.9040,-0.02996,0.65043,-0.00113,0.00000,0.66470,-89.947,-0.017,1
48.9540,-0.02916,0.64231,-0.00113,0.00000,0.65720,-89.949,-0.016,1
49.0040,-0.02840,0.63428,-0.00113,0.00000,0.64970,-89.951,-0.016,1
49.0540,-0.02767,0.62635,-0.00113,0.00000,0.64220,-89.952,-0.015,1
49.1040,-0.02697,0.61850,-0.00113,0.00000,0.63470,-89.954,-0.015,1
49.1540,-0.02632,0.61073,-0.00113,0.00000,0.62720,-89.955,-0.015,1
49.2040,-0.02569,0.60303,-0.00113,0.00000,0.61970,-89.955,-0.014,1
49.2540,-0.02511,0.59540,-0.00113,0.00000,0.61220,-89.956,-0.014,1
49.3040,-0.02456,0.58782,-0.00113,0.00000,0.60470,-89.957,-0.013,1
49.3540,-0.02404,0.58028,-0.00113,0.00000,0.59720,-89.957,-0.013,1
49.4040,-0.02356,0.57280,-0.00113,0.00000,0.58970,-89.958,-0.013,1
49.4540,-0.02311,0.56534,-0.00113,0.00000,0.58220,-89.958,-0.012,1
49.5040,-0.02270,0.55792,-0.00113,0.00000,0.57470,-89.959,-0.012,1
49.5540,-0.02231,0.55053,-0.00113,0.00000,0.56720,-89.959,-0.012,1
49.6040,-0.02195,0.54315,-0.00113,0.00000,0.55970,-89.960,-0.011,1
49.6540,-0.02162,0.53580,-0.00114,0.00000,0.55220,-89.960,-0.011,1
49.7040,-0.02132,0.52846,-0.00114,0.00000,0.54470,-89.960,-0.011,1
49.7540,-0.02105,0.52112,-0.00114,0.00000,0.53720,-89.961,-0.011,1
49.8040,-0.02079,0.51380,-0.00114,0.00000,0.52970,-89.961,-0.010,1
49.8540,-0.02056,0.50648,-0.00114,0.00000,0.52220,-89.962,-0.010,1
49.9040,-0.02036,0.49916,-0.00114,0.00000,0.51470,-89.962,-0.010,1
49.9540,-0.02017,0.49184,-0.00114,0.00000,0.50720,-89.963,-0.010,1
50.0040,-0.02000,0.48452,-0.00114,0.00000,0.49970,-89.963,-0.010,1
50.0540,-0.01985,0.47719,-0.00114,0.00000,0.49220,-89.964,-0.010,1
50.1040,-0.01971,0.46986,-0.00114,0.00000,0.48470,-89.964,-0.009,1
50.1540,-0.01959,0.46252,-0.00114,0.00000,0.47720,-89.965,-0.009,1
50.2040,-0.01948,0.45518,-0.00114,0.00000,0.46970,-89.965,-0.009,1
50.2540,-0.01939,0.44782,-0.00114,0.00000,0.46220,-89.966,-0.009,1
50.3040,-0.01931,0.44046,-0.00114,0.00000,0.45470,-89.966,-0.009,1
50.3540,-0.01923,0.43309,-0.00114,0.00000,0.44720,-89.966,-0.009,1
50.4040,-0.01917,0.42571,-0.00114,0.00000,0.43970,-89.967,-0.009,1
50.4540,-0.01912,0.41833,-0.00114,0.00000,0.43220,-89.967,-0.009,1
50.5040,-0.01908,0.41093,-0.00114,0.00000,0.42470,-89.968,-0.009,1
50.5540,-0.01904,0.40352,-0.00114,0.00000,0.41720,-89.968,-0.009,1
50.6040,-0.01901,0.39611,-0.00114,0.00000,0.40970,-89.968,-0.009,1
50.6540,-0.01899,0.38869,-0.00114,0.00000,0.40220,-89.969,-0.009,1
50.7040,-0.01897,0.38126,-0.00114,0.00000,0.39470,-89.969,-0.009,1
50.7540,-0.01895,0.37382,-0.00114,0.00000,0.38720,-89.969,-0.009,1
50.8040,-0.01894,0.36637,-0.00114,0.00000,0.37970,-89.970,-0.009,1
50.8540,-0.01894,0.35892,-0.00114,0.00000,0.37220,-89.970,-0.009,1
50.9040,-0.01894,0.35146,-0.00114,0.00000,0.36470,-89.970,-0.009,1
50.9540,-0.01894,0.34400,-0.00114,0.00000,0.35720,-89.971,-0.009,1
51.0040,-0.01894,0.33653,-0.00114,0.00000,0.34970,-89.971,-0.009,1
51.0540,-0.01895,0.32905,-0.00114,0.00000,0.34220,-89.971,-0.009,1
51.1040,-0.01895,0.32157,-0.00114,0.00000,0.33470,-89.971,-0.009,1
51.1540,-0.01896,0.31409,-0.00114,0.00000,0.32720,-89.971,-0.009,1
51.2040,-0.01897,0.30660,-0.00114,0.00000,0.31970,-89.971,-0.009,1
51.2540,-0.01898,0.29910,-0.00114,0.00000,0.31220,-89.972,-0.009,1
51.3040,-0.01899,0.29161,-0.00114,0.00000,0.30470,-89.972,-0.009,1
51.3540,-0.01900,0.28411,-0.00114,0.00000,0.29720,-89.972,-0.009,1
51.4040,-0.01902,0.27661,-0.00114,0.00000,0.28970,-89.972,-0.009,1
51.4540,-0.01903,0.26911,-0.00114,0.00000,0.28220,-89.972,-0.009,1
51.5040,-0.01904,0.26160,-0.00114,0.00000,0.27470,-89.972,-0.009,1
51.5540,-0.01906,0.25410,-0.00114,0.00000,0.26720,-89.972,-0.009,1
51.6040,-0.01907,0.24659,-0.00114,0.00000,0.25970,-89.972,-0.009,1
51.6540,-0.01908,0.23908,-0.00114,0.00000,0.25220,-89.972,-0.009,1
51.7040,-0.01909,0.23158,-0.00114,0.00000,0.24470,-89.972,-0.009,1
51.7540,-0.01911,0.22407,-0.00114,0.00000,0.23720,-89.972,-0.009,1
51.8040,-0.01912,0.21656,-0.00114,0.00000,0.22970,-89.972,-0.009,1
51.8540,-0.01913,0.20905,-0.00114,0.00000,0.22220,-89.972,-0.009,1
51.9040,-0.01914,0.20154,-0.00114,0.00000,0.21470,-89.972,-0.009,1
51.9540,-0.01915,0.19403,-0.00114,0.00000,0.20720,-89.972,-0.009,1
52.0040,-0.01916,0.18652,-0.00114,0.00000,0.19970,-89.972,-0.009,1
52.0540,-0.01917,0.17901,-0.00114,0.00000,0.19220,-89.972,-0.009,1
52.1040,-0.01918,0.17150,-0.00114,0.00000,0.18470,-89.972,-0.010,1
52.1540,-0.01919,0.16399,-0.00114,0.00000,0.17720,-89.972,-0.010,1
52.2040,-0.01920,0.15648,-0.00114,0.00000,0.16970,-89.972,-0.010,1
52.2540,-0.01921,0.14897,-0.00114,0.00000,0.16220,-89.972,-0.010,1
52.3040,-0.01921,0.14147,-0.00114,0.00000,0.15470,-89.972,-0.010,1
52.3540,-0.01922,0.13396,-0.00114,0.00000,0.14720,-89.972,-0.010,1
52.4040,-0.01923,0.12645,-0.00114,0.00000,0.13970,-89.972,-0.010,1
52.4540,-0.01923,0.11894,-0.00114,0.00000,0.13220,-89.972,-0.010,1
52.5040,-0.01924,0.11144,-0.00114,0.00000,0.12470,-89.972,-0.010,1
52.5540,-0.01924,0.10393,-0.00114,0.00000,0.11720,-89.972,-0.010,1
52.6040,-0.01925,0.09643,-0.00114,0.00000,0.10970,-89.972,-0.010,1
52.6540,-0.01925,0.08892,-0.00114,0.00000,0.10220,-89.972,-0.010,1
52.7040,-0.01926,0.08142,-0.00114,0.00000,0.09470,-89.972,-0.010,1
52.7540,-0.01926,0.07392,-0.00114,0.00000,0.08720,-89.972,-0.010,1
52.8040,-0.01926,0.06641,-0.00114,0.00000,0.07970,-89.972,-0.010,1
52.8540,-0.01927,0.05891,-0.00114,0.00000,0.07220,-89.972,-0.010,1
52.9040,-0.01927,0.05141,-0.00114,0.00000,0.06470,-89.972,-0.010,1
52.9540,-0.01927,0.04391,-0.00114,0.00000,0.05720,-89.972,-0.010,1
53.0040,-0.01927,0.03641,-0.00114,0.00000,0.04970,-89.972,-0.010,1
53.0540,-0.01928,0.02890,-0.00114,0.00000,0.04220,-89.972,-0.010,1
53.1040,-0.01928,0.02140,-0.00114,0.00000,0.03470,-89.972,-0.010,1
53.1540,-0.01928,0.01390,-0.00114,0.00000,0.02720,-89.972,-0.010,1
53.2040,-0.01928,0.00640,-0.00114,0.00000,0.01970,-89.972,-0.010,1
53.2540,-0.01928,-0.00110,-0.00114,0.00000,0.01220,-89.972,-0.010,1
53.3040,-0.01928,-0.00860,-0.00114,0.00000,0.00470,-89.972,-0.010,1
53.3540,-0.01928,-0.01610,-0.00114,0.00280,0.00000,-89.970,-0.009,2
53.4040,-0.01880,-0.02292,-0.00114,0.01030,0.00000,-88.889,0.004,2
53.4540,-0.01751,-0.02870,-0.00114,0.01780,0.00000,-86.125,0.012,2
53.5040,-0.01548,-0.03358,-0.00113,0.02530,0.00000,-82.640,0.005,2
53.5540,-0.01279,-0.03768,-0.00113,0.03280,0.00000,-79.122,-0.001,2
53.6040,-0.00950,-0.04112,-0.00113,0.04030,0.00000,-75.680,-0.006,2
53.6540,-0.00565,-0.04402,-0.00113,0.04780,0.00000,-72.312,-0.009,2
53.7040,-0.00128,-0.04647,-0.00113,0.05530,0.00000,-69.007,-0.011,2
53.7540,0.00359,-0.04855,-0.00112,0.06280,0.00000,-65.754,-0.013,2
53.8040,0.00894,-0.05034,-0.00112,0.07030,0.00000,-62.544,-0.014,2
53.8540,0.01476,-0.05190,-0.00112,0.07780,0.00000,-59.372,-0.016,2
53.9040,0.02102,-0.05328,-0.00112,0.08530,0.00000,-56.232,-0.017,2
53.9540,0.02772,-0.05450,-0.00112,0.09280,0.00000,-53.118,-0.018,2
54.0040,0.03485,-0.05560,-0.00112,0.10030,0.00000,-50.028,-0.019,2
54.0540,0.04239,-0.05659,-0.00112,0.10780,0.00000,-46.957,-0.021,2
54.1040,0.05032,-0.05747,-0.00112,0.11530,0.00000,-43.904,-0.022,2
54.1540,0.05863,-0.05823,-0.00112,0.12280,0.00000,-40.864,-0.024,2
54.2040,0.06730,-0.05886,-0.00112,0.13030,0.00000,-37.836,-0.026,2
54.2540,0.07629,-0.05936,-0.00112,0.13780,0.00000,-34.818,-0.028,2
54.3040,0.08557,-0.05970,-0.00112,0.14530,0.00000,-31.808,-0.030,2
54.3540,0.09512,-0.05987,-0.00112,0.15280,0.00000,-28.803,-0.032,2
54.4040,0.10489,-0.05985,-0.00112,0.16030,0.00000,-25.802,-0.034,2
54.4540,0.11486,-0.05961,-0.00112,0.16780,0.00000,-22.803,-0.037,2
54.5040,0.12497,-0.05915,-0.00112,0.17530,0.00000,-19.805,-0.039,2
54.5540,0.13518,-0.05845,-0.00112,0.18280,0.00000,-16.806,-0.041,2
54.6040,0.14546,-0.05750,-0.00111,0.19030,0.00000,-13.805,-0.044,2
54.6540,0.15577,-0.05629,-0.00111,0.19780,0.00000,-10.800,-0.046,2
54.7040,0.16605,-0.05483,-0.00111,0.20530,0.00000,-7.791,-0.048,2
54.7540,0.17627,-0.05311,-0.00111,0.21280,0.00000,-4.799,-0.049,2
54.8040,0.18639,-0.05114,-0.00111,0.22030,0.00000,-2.058,-0.051,2
54.8540,0.19631,-0.04900,-0.00111,0.22780,0.00000,-0.714,-0.053,2
54.9040,0.20593,-0.04684,-0.00111,0.23530,0.00000,-0.551,-0.054,2
54.9540,0.21525,-0.04474,-0.00110,0.24280,0.00000,-0.552,-0.055,2
55.0040,0.22431,-0.04271,-0.00110,0.25030,0.00000,-0.522,-0.056,2
55.0540,0.23314,-0.04076,-0.00110,0.25780,0.00000,-0.488,-0.057,2
55.1040,0.24174,-0.03889,-0.00110,0.26530,0.00000,-0.460,-0.057,2
55.1540,0.25016,-0.03710,-0.00110,0.27280,0.00000,-0.437,-0.057,2
55.2040,0.25841,-0.03540,-0.00110,0.28030,0.00000,-0.418,-0.057,2
55.2540,0.26651,-0.03379,-0.00110,0.28780,0.00000,-0.402,-0.057,2
55.3040,0.27447,-0.03227,-0.00110,0.29530,0.00000,-0.388,-0.057,2
55.3540,0.28232,-0.03084,-0.00110,0.30280,0.00000,-0.377,-0.056,2
55.4040,0.29007,-0.02949,-0.00110,0.31030,0.00000,-0.367,-0.056,2
55.4540,0.29773,-0.02822,-0.00110,0.31780,0.00000,-0.359,-0.055,2
55.5040,0.30532,-0.02704,-0.00110,0.32530,0.00000,-0.351,-0.055,2
55.5540,0.31285,-0.02595,-0.00110,0.33280,0.00000,-0.345,-0.054,2
55.6040,0.32032,-0.02493,-0.00110,0.34030,0.00000,-0.340,-0.054,2
55.6540,0.32775,-0.02398,-0.00111,0.34780,0.00000,-0.335,-0.054,2
55.7040,0.33514,-0.02311,-0.00111,0.35530,0.00000,-0.331,-0.053,2
55.7540,0.34250,-0.02231,-0.00111,0.36280,0.00000,-0.328,-0.053,2
55.8040,0.34984,-0.02157,-0.00111,0.37030,0.00000,-0.324,-0.052,2
55.8540,0.35716,-0.02090,-0.00111,0.37780,0.00000,-0.322,-0.052,2
55.9040,0.36446,-0.02028,-0.00111,0.38530,0.00000,-0.319,-0.052,2
55.9540,0.37176,-0.01973,-0.00111,0.39280,0.00000,-0.317,-0.051,2
56.0040,0.37905,-0.01922,-0.00111,0.40030,0.00000,-0.315,-0.051,2
56.0540,0.38634,-0.01876,-0.00111,0.40780,0.00000,-0.313,-0.051,2
56.1040,0.39364,-0.01835,-0.00112,0.41530,0.00000,-0.312,-0.051,2
56.1540,0.40093,-0.01799,-0.00112,0.42280,0.00000,-0.310,-0.050,2
56.2040,0.40823,-0.01766,-0.00112,0.43030,0.00000,-0.309,-0.050,2
56.2540,0.41553,-0.01737,-0.00112,0.43780,0.00000,-0.308,-0.050,2
56.3040,0.42284,-0.01712,-0.00112,0.44530,0.00000,-0.307,-0.050,2
56.3540,0.43015,-0.01690,-0.00112,0.45280,0.00000,-0.306,-0.050,2
56.4040,0.43748,-0.01670,-0.00112,0.46030,0.00000,-0.305,-0.050,2
56.4540,0.44481,-0.01653,-0.00112,0.46780,0.00000,-0.304,-0.050,2
56.5040,0.45216,-0.01639,-0.00112,0.47530,0.00000,-0.304,-0.050,2
56.5540,0.45951,-0.01627,-0.00112,0.48280,0.00000,-0.303,-0.050,2
56.6040,0.46687,-0.01617,-0.00112,0.49030,0.00000,-0.303,-0.050,2
56.6540,0.47424,-0.01609,-0.00112,0.49780,0.00000,-0.302,-0.050,2
56.7040,0.48162,-0.01602,-0.00113,0.50530,0.00000,-0.302,-0.050,2
56.7540,0.48901,-0.01597,-0.00113,0.51280,0.00000,-0.301,-0.050,2
56.8040,0.49641,-0.01594,-0.00113,0.52030,0.00000,-0.301,-0.050,2
56.8540,0.50381,-0.01591,-0.00113,0.52780,0.00000,-0.300,-0.050,2
56.9040,0.51123,-0.01589,-0.00113,0.53530,0.00000,-0.300,-0.050,2
56.9540,0.51865,-0.01589,-0.00113,0.54280,0.00000,-0.300,-0.050,2
57.0040,0.52607,-0.01589,-0.00113,0.55030,0.00000,-0.299,-0.050,2
57.0540,0.53351,-0.01590,-0.00113,0.55780,0.00000,-0.299,-0.050,2
57.1040,0.54095,-0.01591,-0.00113,0.56530,0.00000,-0.299,-0.050,2
57.1540,0.54840,-0.01593,-0.00113,0.57280,0.00000,-0.299,-0.050,2
57.2040,0.55585,-0.01595,-0.00113,0.58030,0.00000,-0.298,-0.050,2
57.2540,0.56331,-0.01598,-0.00113,0.58780,0.00000,-0.298,-0.050,2
57.3040,0.57077,-0.01601,-0.00113,0.59530,0.00000,-0.298,-0.050,2
57.3540,0.57823,-0.01604,-0.00113,0.60280,0.00000,-0.298,-0.050,2
57.4040,0.58570,-0.01607,-0.00113,0.61030,0.00000,-0.298,-0.050,2
57.4540,0.59318,-0.01611,-0.00113,0.61780,0.00000,-0.298,-0.050,2
57.5040,0.60066,-0.01614,-0.00113,0.62530,0.00000,-0.298,-0.050,2
57.5540,0.60814,-0.01618,-0.00113,0.63280,0.00000,-0.297,-0.050,2
57.6040,0.61562,-0.01621,-0.00113,0.64030,0.00000,-0.297,-0.050,2
57.6540,0.62310,-0.01625,-0.00113,0.64780,0.00000,-0.297,-0.050,2
57.7040,0.63059,-0.01628,-0.00113,0.65530,0.00000,-0.297,-0.050,2
57.7540,0.63808,-0.01632,-0.00113,0.66280,0.00000,-0.297,-0.050,2
57.8040,0.64557,-0.01635,-0.00113,0.67030,0.00000,-0.297,-0.050,2
57.8540,0.65307,-0.01639,-0.00113,0.67780,0.00000,-0.297,-0.050,2
57.9040,0.66056,-0.01642,-0.00113,0.68530,0.00000,-0.297,-0.050,2
57.9540,0.66806,-0.01645,-0.00113,0.69280,0.00000,-0.297,-0.050,2
58.0040,0.67555,-0.01648,-0.00113,0.70030,0.00000,-0.297,-0.050,2
58.0540,0.68305,-0.01651,-0.00113,0.70780,0.00000,-0.297,-0.050,2
58.1040,0.69055,-0.01653,-0.00113,0.71530,0.00000,-0.297,-0.050,2
58.1540,0.69805,-0.01656,-0.00113,0.72280,0.00000,-0.297,-0.050,2
58.2040,0.70555,-0.01658,-0.00113,0.73030,0.00000,-0.297,-0.050,2
58.2540,0.71305,-0.01660,-0.00113,0.73780,0.00000,-0.297,-0.050,2
58.3040,0.72055,-0.01663,-0.00113,0.74530,0.00000,-0.297,-0.050,2
58.3540,0.72805,-0.01665,-0.00113,0.75280,0.00000,-0.297,-0.050,2
58.4040,0.73555,-0.01666,-0.00113,0.76030,0.00000,-0.297,-0.050,2
58.4540,0.74305,-0.01668,-0.00113,0.76780,0.00000,-0.297,-0.050,2
58.5040,0.75055,-0.01670,-0.00113,0.77530,0.00000,-0.297,-0.050,2
58.5540,0.75805,-0.01671,-0.00113,0.78280,0.00000,-0.297,-0.050,2
58.6040,0.76556,-0.01673,-0.00113,0.79030,0.00000,-0.297,-0.050,2
58.6540,0.77306,-0.01674,-0.00113,0.79780,0.00000,-0.297,-0.050,2
58.7040,0.78056,-0.01675,-0.00113,0.80530,0.00000,-0.297,-0.050,2
58.7540,0.78806,-0.01676,-0.00113,0.81280,0.00000,-0.297,-0.050,2
58.8040,0.79556,-0.01677,-0.00113,0.82030,0.00000,-0.297,-0.050,2
58.8540,0.80307,-0.01678,-0.00113,0.82780,0.00000,-0.297,-0.050,2
58.9040,0.81057,-0.01679,-0.00113,0.83530,0.00000,-0.297,-0.050,2
58.9540,0.81807,-0.01680,-0.00113,0.84280,0.00000,-0.297,-0.050,2
59.0040,0.82557,-0.01680,-0.00113,0.85030,0.00000,-0.297,-0.050,2
59.0540,0.83307,-0.01681,-0.00113,0.85780,0.00000,-0.297,-0.050,2
59.1040,0.84057,-0.01682,-0.00113,0.86530,0.00000,-0.297,-0.050,2
59.1540,0.84808,-0.01682,-0.00113,0.87280,0.00000,-0.297,-0.050,2
59.2040,0.85558,-0.01682,-0.00113,0.88030,0.00000,-0.297,-0.050,2
59.2540,0.86308,-0.01683,-0.00113,0.88780,0.00000,-0.297,-0.050,2
59.3040,0.87058,-0.01683,-0.00113,0.89530,0.00000,-0.297,-0.050,2
59.3540,0.87808,-0.01683,-0.00113,0.90280,0.00000,-0.297,-0.050,2
59.4040,0.88558,-0.01684,-0.00113,0.91030,0.00000,-0.297,-0.050,2
59.4540,0.89308,-0.01684,-0.00113,0.91780,0.00000,-0.297,-0.050,2
59.5040,0.90058,-0.01684,-0.00113,0.92530,0.00000,-0.297,-0.050,2
59.5540,0.90808,-0.01684,-0.00113,0.93280,0.00000,-0.297,-0.050,2
59.6040,0.91558,-0.01684,-0.00113,0.94030,0.00000,-0.297,-0.050,2
59.6540,0.92308,-0.01684,-0.00113,0.94780,0.00000,-0.297,-0.050,2
59.7040,0.93059,-0.01685,-0.00113,0.95530,0.00000,-0.297,-0.050,2
59.7540,0.93809,-0.01685,-0.00113,0.96280,0.00000,-0.297,-0.050,2
59.8040,0.94559,-0.01685,-0.00113,0.97030,0.00000,-0.297,-0.050,2
59.8540,0.95309,-0.01685,-0.00113,0.97780,0.00000,-0.297,-0.050,2
59.9040,0.96059,-0.01685,-0.00113,0.98530,0.00000,-0.297,-0.050,2
59.9540,0.96809,-0.01685,-0.00113,0.99280,0.00000,-0.297,-0.050,2
60.0040,0.97558,-0.01684,-0.00113,1.00000,0.00030,-0.295,-0.050,2
60.0540,0.98242,-0.01637,-0.00113,1.00000,0.00780,0.756,-0.037,2
60.1040,0.98825,-0.01501,-0.00113,1.00000,0.01530,3.428,-0.028,2
60.1540,0.99321,-0.01271,-0.00113,1.00000,0.02280,6.791,-0.033,2
60.2040,0.99738,-0.00954,-0.00113,1.00000,0.03030,10.194,-0.039,2
60.2540,1.00086,-0.00559,-0.00112,1.00000,0.03780,13.540,-0.043,2
60.3040,1.00373,-0.00093,-0.00112,1.00000,0.04530,16.827,-0.045,2
60.3540,1.00605,0.00436,-0.00112,1.00000,0.05280,20.065,-0.047,2
60.4040,1.00788,0.01023,-0.00112,1.00000,0.06030,23.263,-0.048,2
60.4540,1.00930,0.01662,-0.00112,1.00000,0.06780,26.429,-0.048,2
60.5040,1.01032,0.02348,-0.00112,1.00000,0.07530,29.567,-0.049,2
60.5540,1.01101,0.03076,-0.00112,1.00000,0.08280,32.684,-0.049,2
60.6040,1.01138,0.03842,-0.00112,1.00000,0.09030,35.783,-0.049,2
60.6540,1.01147,0.04643,-0.00112,1.00000,0.09780,38.868,-0.049,2
60.7040,1.01129,0.05472,-0.00112,1.00000,0.10530,41.942,-0.049,2
60.7540,1.01087,0.06327,-0.00112,1.00000,0.11280,45.007,-0.050,2
60.8040,1.01022,0.07203,-0.00112,1.00000,0.12030,48.066,-0.050,2
60.8540,1.00935,0.08097,-0.00112,1.00000,0.12780,51.120,-0.050,2
60.9040,1.00829,0.09004,-0.00112,1.00000,0.13530,54.172,-0.051,2
60.9540,1.00704,0.09920,-0.00112,1.00000,0.14280,57.223,-0.051,2
61.0040,1.00561,0.10842,-0.00112,1.00000,0.15030,60.275,-0.052,2
61.0540,1.00403,0.11767,-0.00112,1.00000,0.15780,63.329,-0.052,2
61.1040,1.00231,0.12690,-0.00112,1.00000,0.16530,66.386,-0.052,2
61.1540,1.00046,0.13609,-0.00112,1.00000,0.17280,69.450,-0.053,2
61.2040,0.99851,0.14522,-0.00112,1.00000,0.18030,72.520,-0.053,2
61.2540,0.99648,0.15424,-0.00112,1.00000,0.18780,75.599,-0.053,2
61.3040,0.99437,0.16315,-0.00112,1.00000,0.19530,78.689,-0.053,2
61.3540,0.99221,0.17192,-0.00112,1.00000,0.20280,81.791,-0.053,2
61.4040,0.99002,0.18055,-0.00112,1.00000,0.21030,84.886,-0.053,2
61.4540,0.98782,0.18902,-0.00112,1.00000,0.21780,87.741,-0.053,2
61.5040,0.98566,0.19736,-0.00112,1.00000,0.22530,89.267,-0.053,2
61.5540,0.98367,0.20562,-0.00112,1.00000,0.23280,89.590,-0.053,2
61.6040,0.98191,0.21381,-0.00112,1.00000,0.24030,89.672,-0.053,2
61.6540,0.98036,0.22194,-0.00112,1.00000,0.24780,89.767,-0.053,2
61.7040,0.97902,0.23001,-0.00112,1.00000,0.25530,89.854,-0.053,2
61.7540,0.97785,0.23802,-0.00112,1.00000,0.26280,89.926,-0.053,2
61.8040,0.97686,0.24598,-0.00112,1.00000,0.27030,89.987,-0.052,2
61.8540,0.97603,0.25390,-0.00112,1.00000,0.27780,90.037,-0.052,2
61.9040,0.97534,0.26177,-0.00113,1.00000,0.28530,90.079,-0.052,2
61.9540,0.97477,0.26959,-0.00113,1.00000,0.29280,90.114,-0.052,2
62.0040,0.97432,0.27738,-0.00113,1.00000,0.30030,90.143,-0.051,2
62.0540,0.97398,0.28514,-0.00113,1.00000,0.30780,90.167,-0.051,2
62.1040,0.97373,0.29287,-0.00113,1.00000,0.31530,90.188,-0.051,2
62.1540,0.97356,0.30057,-0.00113,1.00000,0.32280,90.205,-0.051,2
62.2040,0.97347,0.30824,-0.00113,1.00000,0.33030,90.220,-0.051,2
62.2540,0.97344,0.31589,-0.00113,1.00000,0.33780,90.232,-0.050,2
62.3040,0.97346,0.32352,-0.00113,1.00000,0.34530,90.243,-0.050,2
62.3540,0.97354,0.33113,-0.00113,1.00000,0.35280,90.252,-0.050,2
62.4040,0.97365,0.33872,-0.00113,1.00000,0.36030,90.259,-0.050,2
62.4540,0.97380,0.34630,-0.00113,1.00000,0.36780,90.266,-0.050,2
62.5040,0.97398,0.35386,-0.00113,1.00000,0.37530,90.271,-0.049,2
62.5540,0.97418,0.36141,-0.00113,1.00000,0.38280,90.276,-0.049,2
62.6040,0.97441,0.36896,-0.00113,1.00000,0.39030,90.280,-0.049,2
62.6540,0.97464,0.37649,-0.00113,1.00000,0.39780,90.284,-0.049,2
62.7040,0.97489,0.38402,-0.00113,1.00000,0.40530,90.287,-0.049,2
62.7540,0.97515,0.39153,-0.00113,1.00000,0.41280,90.290,-0.049,2
62.8040,0.97541,0.39905,-0.00113,1.00000,0.42030,90.292,-0.049,2
62.8540,0.97567,0.40655,-0.00113,1.00000,0.42780,90.294,-0.048,2
62.9040,0.97594,0.41406,-0.00113,1.00000,0.43530,90.296,-0.048,2
62.9540,0.97620,0.42156,-0.00113,1.00000,0.44280,90.298,-0.048,2
63.0040,0.97646,0.42905,-0.00113,1.00000,0.45030,90.299,-0.048,2
63.0540,0.97671,0.43655,-0.00113,1.00000,0.45780,90.301,-0.048,2
63.1040,0.97696,0.44404,-0.00113,1.00000,0.46530,90.302,-0.048,2
63.1540,0.97719,0.45153,-0.00113,1.00000,0.47280,90.303,-0.048,2
63.2040,0.97743,0.45902,-0.00113,1.00000,0.48030,90.304,-0.048,2
63.2540,0.97765,0.46651,-0.00113,1.00000,0.48780,90.305,-0.048,2
63.3040,0.97786,0.47399,-0.00113,1.00000,0.49530,90.305,-0.048,2
63.3540,0.97807,0.48148,-0.00113,1.00000,0.50280,90.306,-0.048,2
63.4040,0.97826,0.48897,-0.00113,1.00000,0.51030,90.307,-0.048,2
63.4540,0.97845,0.49645,-0.00113,1.00000,0.51780,90.307,-0.048,2
63.5040,0.97862,0.50394,-0.00113,1.00000,0.52530,90.307,-0.048,2
63.5540,0.97879,0.51143,-0.00113,1.00000,0.53280,90.308,-0.048,2
63.6040,0.97894,0.51892,-0.00113,1.00000,0.54030,90.308,-0.048,2
63.6540,0.97909,0.52640,-0.00113,1.00000,0.54780,90.309,-0.048,2
63.7040,0.97923,0.53389,-0.00113,1.00000,0.55530,90.309,-0.048,2
63.7540,0.97935,0.54138,-0.00113,1.00000,0.56280,90.309,-0.048,2
63.8040,0.97947,0.54887,-0.00113,1.00000,0.57030,90.309,-0.048,2
63.8540,0.97958,0.55636,-0.00113,1.00000,0.57780,90.309,-0.048,2
63.9040,0.97969,0.56385,-0.00113,1.00000,0.58530,90.310,-0.048,2
63.9540,0.97978,0.57134,-0.00113,1.00000,0.59280,90.310,-0.048,2
64.0040,0.97987,0.57884,-0.00113,1.00000,0.60030,90.310,-0.048,2
64.0560,0.97995,0.58663,-0.00113,1.00000,0.60810,90.310,-0.048,2
64.1080,0.98002,0.59442,-0.00113,1.00000,0.61590,90.310,-0.048,2
64.1600,0.98009,0.60221,-0.00113,1.00000,0.62370,90.310,-0.048,2
64.2120,0.98015,0.61001,-0.00113,1.00000,0.63150,90.310,-0.048,2
64.2640,0.98021,0.61780,-0.00113,1.00000,0.63930,90.310,-0.048,2
64.3160,0.98026,0.62560,-0.00113,1.00000,0.64710,90.310,-0.048,2
64.3680,0.98030,0.63339,-0.00113,1.00000,0.65490,90.310,-0.048,2
64.4200,0.98034,0.64119,-0.00113,1.00000,0.66270,90.310,-0.048,2
64.4720,0.98038,0.64899,-0.00113,1.00000,0.67050,90.310,-0.048,2
64.5240,0.98041,0.65678,-0.00113,1.00000,0.67830,90.310,-0.048,2
64.5760,0.98044,0.66458,-0.00113,1.00000,0.68610,90.310,-0.048,2
64.6280,0.98046,0.67238,-0.00113,1.00000,0.69390,90.310,-0.048,2
64.6800,0.98048,0.68018,-0.00113,1.00000,0.70170,90.310,-0.048,2
64.7320,0.98050,0.68797,-0.00113,1.00000,0.70950,90.310,-0.048,2
64.7840,0.98052,0.69577,-0.00113,1.00000,0.71730,90.310,-0.048,2
64.8360,0.98053,0.70357,-0.00113,1.00000,0.72510,90.310,-0.048,2
64.8880,0.98054,0.71137,-0.00113,1.00000,0.73290,90.310,-0.048,2
64.9400,0.98055,0.71917,-0.00113,1.00000,0.74070,90.310,-0.048,2
64.9920,0.98055,0.72697,-0.00113,1.00000,0.74850,90.310,-0.048,2
65.0440,0.98056,0.73477,-0.00113,1.00000,0.75630,90.310,-0.048,2
65.0960,0.98056,0.74257,-0.00113,1.00000,0.76410,90.310,-0.048,2
65.1480,0.98056,0.75037,-0.00113,1.00000,0.77190,90.310,-0.048,2
65.2000,0.98057,0.75817,-0.00113,1.00000,0.77970,90.310,-0.048,2
65.2520,0.98057,0.76597,-0.00113,1.00000,0.78750,90.310,-0.048,2
65.3040,0.98057,0.77377,-0.00113,1.00000,0.79530,90.310,-0.048,2
65.3560,0.98057,0.78157,-0.00113,1.00000,0.80310,90.309,-0.048,2
65.4080,0.98056,0.78937,-0.00113,1.00000,0.81090,90.309,-0.048,2
65.4600,0.98056,0.79717,-0.00113,1.00000,0.81870,90.309,-0.048,2
65.5120,0.98056,0.80497,-0.00113,1.00000,0.82650,90.309,-0.048,2
65.5640,0.98056,0.81277,-0.00113,1.00000,0.83430,90.309,-0.048,2
65.6160,0.98055,0.82057,-0.00113,1.00000,0.84210,90.309,-0.048,2
65.6680,0.98055,0.82837,-0.00113,1.00000,0.84990,90.309,-0.048,2
65.7200,0.98055,0.83617,-0.00113,1.00000,0.85770,90.309,-0.048,2
65.7720,0.98054,0.84397,-0.00113,1.00000,0.86550,90.309,-0.048,2
65.8240,0.98054,0.85177,-0.00113,1.00000,0.87330,90.309,-0.048,2
65.8760,0.98054,0.85957,-0.00113,1.00000,0.88110,90.309,-0.048,2
65.9280,0.98053,0.86737,-0.00113,1.00000,0.88890,90.309,-0.048,2
65.9800,0.98053,0.87517,-0.00113,1.00000,0.89670,90.309,-0.048,2
66.0320,0.98053,0.88297,-0.00113,1.00000,0.90450,90.309,-0.048,2
66.0840,0.98052,0.89077,-0.00113,1.00000,0.91230,90.309,-0.048,2
66.1360,0.98052,0.89857,-0.00113,1.00000,0.92010,90.309,-0.048,2
66.1880,0.98052,0.90637,-0.00113,1.00000,0.92790,90.309,-0.048,2
66.2400,0.98051,0.91417,-0.00113,1.00000,0.93570,90.309,-0.048,2
66.2920,0.98051,0.92197,-0.00113,1.00000,0.94350,90.309,-0.048,2
66.3440,0.98051,0.92977,-0.00113,1.00000,0.95130,90.309,-0.048,2
66.3960,0.98050,0.93757,-0.00113,1.00000,0.95910,90.309,-0.048,2
66.4480,0.98050,0.94537,-0.00113,1.00000,0.96690,90.309,-0.048,2
66.5000,0.98050,0.95317,-0.00113,1.00000,0.97470,90.309,-0.048,2
66.5520,0.98050,0.96097,-0.00113,1.00000,0.98250,90.309,-0.048,2
66.6040,0.98050,0.96877,-0.00113,1.00000,0.99030,90.309,-0.048,2
66.6560,0.98049,0.97657,-0.00113,1.00000,0.99810,90.309,-0.048,2
66.7080,0.98048,0.98435,-0.00113,0.99410,1.00000,90.326,-0.047,2
66.7600,0.97988,0.99124,-0.00113,0.98630,1.00000,91.684,-0.032,2
66.8120,0.97828,0.99677,-0.00113,0.97850,1.00000,94.869,-0.025,2
66.8640,0.97569,1.00104,-0.00113,0.97070,1.00000,98.646,-0.031,2
66.9160,0.97223,1.00424,-0.00113,0.96290,1.00000,102.385,-0.035,2
66.9680,0.96803,1.00653,-0.00113,0.95510,1.00000,106.016,-0.038,2
67.0200,0.96320,1.00808,-0.00113,0.94730,1.00000,109.550,-0.038,2
67.0720,0.95780,1.00901,-0.00113,0.93950,1.00000,113.007,-0.038,2
67.1240,0.95190,1.00945,-0.00113,0.93170,1.00000,116.401,-0.037,2
67.1760,0.94556,1.00951,-0.00113,0.92390,1.00000,119.745,-0.035,2
67.2280,0.93883,1.00926,-0.00113,0.91610,1.00000,123.047,-0.034,2
67.2800,0.93174,1.00878,-0.00113,0.90830,1.00000,126.316,-0.032,2
67.3320,0.92433,1.00813,-0.00113,0.90050,1.00000,129.557,-0.030,2
67.3840,0.91663,1.00735,-0.00113,0.89270,1.00000,132.776,-0.028,2
67.4360,0.90867,1.00649,-0.00113,0.88490,1.00000,135.975,-0.026,2
67.4880,0.90048,1.00556,-0.00113,0.87710,1.00000,139.158,-0.024,2
67.5400,0.89209,1.00461,-0.00113,0.86930,1.00000,142.327,-0.023,2
67.5920,0.88352,1.00364,-0.00113,0.86150,1.00000,145.485,-0.022,2
67.6440,0.87479,1.00267,-0.00113,0.85370,1.00000,148.633,-0.021,2
67.6960,0.86594,1.00171,-0.00114,0.84590,1.00000,151.771,-0.020,2
67.7480,0.85697,1.00076,-0.00114,0.83810,1.00000,154.901,-0.019,2
67.8000,0.84793,0.99983,-0.00114,0.83030,1.00000,158.024,-0.019,2
67.8520,0.83882,0.99892,-0.00114,0.82250,1.00000,161.140,-0.018,2
67.9040,0.82967,0.99802,-0.00114,0.81470,1.00000,164.249,-0.018,2
67.9560,0.82050,0.99715,-0.00114,0.80690,1.00000,167.350,-0.017,2
68.0080,0.81132,0.99629,-0.00114,0.79910,1.00000,170.445,-0.017,2
68.0600,0.80215,0.99544,-0.00114,0.79130,1.00000,173.528,-0.017,2
68.1120,0.79300,0.99461,-0.00114,0.78350,1.00000,176.564,-0.016,2
68.1640,0.78389,0.99380,-0.00114,0.77570,1.00000,179.197,-0.016,2
68.2160,0.77478,0.99280,-0.00114,0.76790,1.00000,-179.815,-0.016,2
68.2680,0.76582,0.98947,-0.00113,0.76010,1.00000,-179.315,-0.018,2
68.3200,0.75689,0.98709,-0.00108,0.75230,1.00000,-179.366,-0.018,2
68.3720,0.74790,0.98521,-0.00102,0.74450,1.00000,-179.494,-0.021,2
68.4240,0.73887,0.98356,-0.00097,0.73670,1.00000,-179.587,-0.022,2
68.4760,0.72982,0.98212,-0.00093,0.72890,1.00000,-179.666,-0.020,2
68.5280,0.72077,0.98089,-0.00089,0.72110,1.00000,-179.731,-0.019,2
68.5800,0.71173,0.97985,-0.00085,0.71330,1.00000,-179.785,-0.018,2
68.6320,0.70272,0.97898,-0.00082,0.70550,1.00000,-179.830,-0.017,2
68.6840,0.69375,0.97826,-0.00080,0.69770,1.00000,-179.867,-0.016,2
68.7360,0.68481,0.97768,-0.00078,0.68990,1.00000,-179.898,-0.015,2
68.7880,0.67593,0.97722,-0.00076,0.68210,1.00000,-179.923,-0.015,2
68.8400,0.66711,0.97688,-0.00075,0.67430,1.00000,-179.944,-0.014,2
68.8920,0.65835,0.97663,-0.00074,0.66650,1.00000,-179.962,-0.014,2
68.9440,0.64965,0.97647,-0.00073,0.65870,1.00000,-179.977,-0.013,2
68.9960,0.64101,0.97639,-0.00072,0.65090,1.00000,-179.989,-0.013,2
69.0480,0.63244,0.97638,-0.00072,0.64310,1.00000,-179.999,-0.012,2
69.1000,0.62394,0.97642,-0.00072,0.63530,1.00000,179.992,-0.012,2
69.1520,0.61588,0.97822,-0.00072,0.62750,1.00000,179.764,-0.005,2
69.2040,0.60815,0.98023,-0.00068,0.61970,1.00000,179.540,-0.004,2
69.2560,0.60037,0.98146,-0.00062,0.61190,1.00000,179.562,-0.010,2
69.3080,0.59256,0.98255,-0.00058,0.60410,1.00000,179.626,-0.010,2
69.3600,0.58472,0.98349,-0.00054,0.59630,1.00000,179.687,-0.010,2
69.4120,0.57687,0.98431,-0.00051,0.58850,1.00000,179.736,-0.009,2
69.4640,0.56899,0.98501,-0.00048,0.58070,1.00000,179.777,-0.009,2
69.5160,0.56109,0.98560,-0.00046,0.57290,1.00000,179.811,-0.008,2
69.5680,0.55319,0.98609,-0.00045,0.56510,1.00000,179.839,-0.008,2
69.6200,0.54527,0.98649,-0.00045,0.55730,1.00000,179.862,-0.008,2
69.6720,0.53734,0.98681,-0.00044,0.54950,1.00000,179.881,-0.007,2
69.7240,0.52941,0.98706,-0.00045,0.54170,1.00000,179.897,-0.007,2
69.7760,0.52147,0.98725,-0.00045,0.53390,1.00000,179.910,-0.007,2
69.8280,0.51354,0.98738,-0.00046,0.52610,1.00000,179.921,-0.007,2
69.8800,0.50560,0.98746,-0.00047,0.51830,1.00000,179.930,-0.006,2
69.9320,0.49767,0.98750,-0.00049,0.51050,1.00000,179.938,-0.006,2
69.9840,0.48973,0.98749,-0.00050,0.50270,1.00000,179.944,-0.006,2
70.0360,0.48181,0.98746,-0.00052,0.49490,1.00000,179.949,-0.006,2
70.0880,0.47388,0.98740,-0.00054,0.48710,1.00000,179.953,-0.006,2
70.1400,0.46597,0.98732,-0.00056,0.47930,1.00000,179.956,-0.006,2
70.1920,0.45805,0.98721,-0.00058,0.47150,1.00000,179.959,-0.006,2
70.2440,0.45015,0.98709,-0.00061,0.46370,1.00000,179.961,-0.006,2
70.2960,0.44225,0.98696,-0.00063,0.45590,1.00000,179.963,-0.006,2
70.3480,0.43436,0.98681,-0.00065,0.44810,1.00000,179.964,-0.006,2
70.4000,0.42648,0.98666,-0.00067,0.44030,1.00000,179.965,-0.006,2
70.4520,0.41860,0.98650,-0.00070,0.43250,1.00000,179.966,-0.006,2
70.5040,0.41073,0.98634,-0.00072,0.42470,1.00000,179.966,-0.006,2
70.5560,0.40286,0.98618,-0.00074,0.41690,1.00000,179.967,-0.006,2
70.6080,0.39501,0.98602,-0.00077,0.40910,1.00000,179.967,-0.006,2
70.6600,0.38716,0.98586,-0.00079,0.40130,1.00000,179.967,-0.006,2
70.7120,0.37931,0.98570,-0.00081,0.39350,1.00000,179.967,-0.006,2
70.7640,0.37147,0.98555,-0.00083,0.38570,1.00000,179.967,-0.006,2
70.8160,0.36364,0.98540,-0.00085,0.37790,1.00000,179.966,-0.006,2
70.8680,0.35581,0.98525,-0.00087,0.37010,1.00000,179.966,-0.006,2
70.9200,0.34799,0.98511,-0.00089,0.36230,1.00000,179.966,-0.006,2
70.9720,0.34017,0.98497,-0.00091,0.35450,1.00000,179.966,-0.006,2
71.0240,0.33235,0.98485,-0.00093,0.34670,1.00000,179.965,-0.006,2
71.0760,0.32454,0.98472,-0.00094,0.33890,1.00000,179.965,-0.006,2
71.1280,0.31673,0.98461,-0.00096,0.33110,1.00000,179.964,-0.006,2
71.1800,0.30892,0.98450,-0.00098,0.32330,1.00000,179.964,-0.006,2
71.2320,0.30112,0.98439,-0.00099,0.31550,1.00000,179.964,-0.006,2
71.2840,0.29332,0.98429,-0.00101,0.30770,1.00000,179.963,-0.006,2
71.3360,0.28552,0.98420,-0.00102,0.29990,1.00000,179.963,-0.006,2
71.3880,0.27772,0.98412,-0.00103,0.29210,1.00000,179.963,-0.007,2
71.4400,0.26992,0.98404,-0.00104,0.28430,1.00000,179.962,-0.007,2
71.4920,0.26212,0.98396,-0.00105,0.27650,1.00000,179.962,-0.007,2
71.5440,0.25433,0.98390,-0.00106,0.26870,1.00000,179.962,-0.007,2
71.5960,0.24654,0.98383,-0.00107,0.26090,1.00000,179.961,-0.007,2
71.6480,0.23874,0.98377,-0.00108,0.25310,1.00000,179.961,-0.007,2
71.7000,0.23095,0.98372,-0.00109,0.24530,1.00000,179.961,-0.007,2
71.7520,0.22316,0.98367,-0.00110,0.23750,1.00000,179.960,-0.007,2
71.8040,0.21537,0.98363,-0.00111,0.22970,1.00000,179.960,-0.007,2
71.8560,0.20757,0.98359,-0.00111,0.22190,1.00000,179.960,-0.007,2
71.9080,0.19978,0.98355,-0.00112,0.21410,1.00000,179.960,-0.007,2
71.9600,0.19199,0.98352,-0.00112,0.20630,1.00000,179.960,-0.007,2
72.0120,0.18420,0.98349,-0.00113,0.19850,1.00000,179.959,-0.007,2
72.0640,0.17640,0.98347,-0.00113,0.19070,1.00000,179.959,-0.007,2
72.1160,0.16861,0.98345,-0.00114,0.18290,1.00000,179.959,-0.007,2
72.1680,0.16082,0.98343,-0.00114,0.17510,1.00000,179.959,-0.007,2
72.2200,0.15302,0.98341,-0.00114,0.16730,1.00000,179.959,-0.007,2
72.2720,0.14523,0.98339,-0.00115,0.15950,1.00000,179.959,-0.007,2
72.3240,0.13743,0.98338,-0.00115,0.15170,1.00000,179.959,-0.007,2
72.3760,0.12964,0.98337,-0.00115,0.14390,1.00000,179.959,-0.007,2
72.4280,0.12184,0.98336,-0.00115,0.13610,1.00000,179.959,-0.007,2
72.4800,0.11405,0.98335,-0.00115,0.12830,1.00000,179.959,-0.007,2
72.5320,0.10625,0.98334,-0.00116,0.12050,1.00000,179.958,-0.007,2
72.5840,0.09845,0.98334,-0.00116,0.11270,1.00000,179.958,-0.007,2
72.6360,0.09066,0.98333,-0.00116,0.10490,1.00000,179.958,-0.007,2
72.6880,0.08286,0.98333,-0.00116,0.09710,1.00000,179.958,-0.007,2
72.7400,0.07506,0.98333,-0.00116,0.08930,1.00000,179.958,-0.007,2
72.7920,0.06726,0.98333,-0.00116,0.08150,1.00000,179.958,-0.007,2
72.8440,0.05947,0.98333,-0.00116,0.07370,1.00000,179.958,-0.007,2
72.8960,0.05167,0.98333,-0.00116,0.06590,1.00000,179.958,-0.007,2
72.9480,0.04387,0.98333,-0.00116,0.05810,1.00000,179.958,-0.007,2
73.0000,0.03607,0.98333,-0.00116,0.05030,1.00000,179.958,-0.007,2
73.0520,0.02827,0.98333,-0.00116,0.04250,1.00000,179.958,-0.007,2
73.1040,0.02047,0.98333,-0.00116,0.03470,1.00000,179.958,-0.007,2
73.1560,0.01267,0.98333,-0.00116,0.02690,1.00000,179.958,-0.007,2
73.2080,0.00487,0.98333,-0.00116,0.01910,1.00000,179.958,-0.007,2
73.2600,-0.00293,0.98334,-0.00116,0.01130,1.00000,179.958,-0.007,2
73.3120,-0.01073,0.98334,-0.00116,0.00350,1.00000,179.958,-0.007,2
73.3640,-0.01848,0.98330,-0.00116,0.00000,0.99570,-179.979,-0.007,2
73.4160,-0.02524,0.98261,-0.00116,0.00000,0.98790,-178.430,0.010,2
73.4680,-0.03062,0.98086,-0.00115,0.00000,0.98010,-175.214,0.015,2
73.5200,-0.03478,0.97837,-0.00115,0.00000,0.97230,-171.566,0.009,2
73.5720,-0.03790,0.97529,-0.00114,0.00000,0.96450,-167.945,0.004,2
73.6240,-0.04016,0.97169,-0.00114,0.00000,0.95670,-164.407,0.001,2
73.6760,-0.04175,0.96763,-0.00113,0.00000,0.94890,-160.940,-0.001,2
73.7280,-0.04281,0.96313,-0.00113,0.00000,0.94110,-157.530,-0.002,2
73.7800,-0.04348,0.95821,-0.00113,0.00000,0.93330,-154.165,-0.002,2
73.8320,-0.04385,0.95287,-0.00112,0.00000,0.92550,-150.836,-0.002,2
73.8840,-0.04402,0.94714,-0.00112,0.00000,0.91770,-147.538,-0.001,2
73.9360,-0.04406,0.94102,-0.00112,0.00000,0.90990,-144.265,-0.000,2
73.9880,-0.04402,0.93451,-0.00112,0.00000,0.90210,-141.014,0.000,2
74.0400,-0.04396,0.92763,-0.00112,0.00000,0.89430,-137.781,0.001,2
74.0920,-0.04388,0.92038,-0.00112,0.00000,0.88650,-134.564,0.001,2
74.1440,-0.04383,0.91278,-0.00112,0.00000,0.87870,-131.361,0.002,2
74.1960,-0.04380,0.90482,-0.00112,0.00000,0.87090,-128.171,0.002,2
74.2480,-0.04380,0.89653,-0.00112,0.00000,0.86310,-124.992,0.001,2
74.3000,-0.04383,0.88792,-0.00112,0.00000,0.85530,-121.823,0.001,2
74.3520,-0.04388,0.87900,-0.00112,0.00000,0.84750,-118.662,-0.000,2
74.4040,-0.04393,0.86979,-0.00112,0.00000,0.83970,-115.508,-0.001,2
74.4560,-0.04399,0.86030,-0.00112,0.00000,0.83190,-112.360,-0.003,2
74.5080,-0.04401,0.85056,-0.00112,0.00000,0.82410,-109.217,-0.004,2
74.5600,-0.04399,0.84059,-0.00112,0.00000,0.81630,-106.076,-0.005,2
74.6120,-0.04391,0.83041,-0.00112,0.00000,0.80850,-102.938,-0.007,2
74.6640,-0.04374,0.82006,-0.00112,0.00000,0.80070,-99.800,-0.009,2
74.7160,-0.04346,0.80955,-0.00112,0.00000,0.79290,-96.666,-0.010,2
74.7680,-0.04306,0.79894,-0.00112,0.00000,0.78510,-93.584,-0.012,2
74.8200,-0.04252,0.78826,-0.00112,0.00000,0.77730,-90.990,-0.013,2
74.8720,-0.04186,0.77762,-0.00112,0.00000,0.76950,-90.155,-0.014,2
74.9240,-0.04110,0.76714,-0.00112,0.00000,0.76170,-90.104,-0.015,2
74.9760,-0.04027,0.75681,-0.00112,0.00000,0.75390,-90.099,-0.016,2
75.0280,-0.03939,0.74666,-0.00112,0.00000,0.74610,-90.075,-0.017,2
75.0800,-0.03847,0.73668,-0.00112,0.00000,0.73830,-90.053,-0.017,2
75.1320,-0.03753,0.72686,-0.00112,0.00000,0.73050,-90.036,-0.017,2
75.1840,-0.03658,0.71722,-0.00112,0.00000,0.72270,-90.022,-0.018,2
75.2360,-0.03561,0.70775,-0.00113,0.00000,0.71490,-90.010,-0.018,2
75.2880,-0.03466,0.69844,-0.00113,0.00000,0.70710,-90.001,-0.018,2
75.3400,-0.03371,0.68929,-0.00113,0.00000,0.69930,-89.993,-0.018,2
75.3920,-0.03278,0.68030,-0.00113,0.00000,0.69150,-89.987,-0.017,2
75.4440,-0.03187,0.67144,-0.00113,0.00000,0.68370,-89.982,-0.017,2
75.4960,-0.03099,0.66272,-0.00113,0.00000,0.67590,-89.978,-0.017,2
75.5480,-0.03014,0.65413,-0.00113,0.00000,0.66810,-89.974,-0.017,2
75.6000,-0.02932,0.64566,-0.00113,0.00000,0.66030,-89.972,-0.016,2
75.6520,-0.02853,0.63729,-0.00113,0.00000,0.65250,-89.969,-0.016,2
75.7040,-0.02778,0.62903,-0.00113,0.00000,0.64470,-89.968,-0.015,2
75.7560,-0.02706,0.62086,-0.00113,0.00000,0.63690,-89.966,-0.015,2
75.8080,-0.02639,0.61277,-0.00113,0.00000,0.62910,-89.965,-0.015,2
75.8600,-0.02575,0.60476,-0.00113,0.00000,0.62130,-89.964,-0.014,2
75.9120,-0.02515,0.59681,-0.00113,0.00000,0.61350,-89.963,-0.014,2
75.9640,-0.02458,0.58892,-0.00113,0.00000,0.60570,-89.962,-0.013,2
76.0160,-0.02405,0.58109,-0.00113,0.00000,0.59790,-89.962,-0.013,2
76.0680,-0.02356,0.57330,-0.00113,0.00000,0.59010,-89.962,-0.013,2
76.1200,-0.02310,0.56555,-0.00113,0.00000,0.58230,-89.961,-0.012,2
76.1720,-0.02268,0.55783,-0.00113,0.00000,0.57450,-89.961,-0.012,2
76.2240,-0.02228,0.55014,-0.00113,0.00000,0.56670,-89.961,-0.012,2
76.2760,-0.02192,0.54247,-0.00113,0.00000,0.55890,-89.961,-0.011,2
76.3280,-0.02159,0.53482,-0.00113,0.00000,0.55110,-89.961,-0.011,2
76.3800,-0.02128,0.52718,-0.00114,0.00000,0.54330,-89.962,-0.011,2
76.4320,-0.02101,0.51955,-0.00114,0.00000,0.53550,-89.962,-0.010,2
76.4840,-0.02075,0.51193,-0.00114,0.00000,0.52770,-89.962,-0.010,2
76.5360,-0.02052,0.50431,-0.00114,0.00000,0.51990,-89.963,-0.010,2
76.5880,-0.02031,0.49669,-0.00114,0.00000,0.51210,-89.963,-0.010,2
76.6400,-0.02013,0.48907,-0.00114,0.00000,0.50430,-89.963,-0.010,2
76.6920,-0.01996,0.48145,-0.00114,0.00000,0.49650,-89.964,-0.010,2
76.7440,-0.01981,0.47382,-0.00114,0.00000,0.48870,-89.964,-0.010,2
76.7960,-0.01968,0.46619,-0.00114,0.00000,0.48090,-89.965,-0.009,2
76.8480,-0.01956,0.45855,-0.00114,0.00000,0.47310,-89.965,-0.009,2
76.9000,-0.01945,0.45090,-0.00114,0.00000,0.46530,-89.966,-0.009,2
76.9520,-0.01936,0.44325,-0.00114,0.00000,0.45750,-89.966,-0.009,2
77.0040,-0.01929,0.43558,-0.00114,0.00000,0.44970,-89.966,-0.009,2
77.0560,-0.01922,0.42791,-0.00114,0.00000,0.44190,-89.967,-0.009,2
77.1080,-0.01916,0.42022,-0.00114,0.00000,0.43410,-89.967,-0.009,2
77.1600,-0.01911,0.41253,-0.00114,0.00000,0.42630,-89.968,-0.009,2
77.2120,-0.01907,0.40482,-0.00114,0.00000,0.41850,-89.968,-0.009,2
77.2640,-0.01904,0.39711,-0.00114,0.00000,0.41070,-89.968,-0.009,2
77.3160,-0.01901,0.38939,-0.00114,0.00000,0.40290,-89.969,-0.009,2
77.3680,-0.01899,0.38166,-0.00114,0.00000,0.39510,-89.969,-0.009,2
77.4200,-0.01897,0.37392,-0.00114,0.00000,0.38730,-89.969,-0.009,2
77.4720,-0.01896,0.36618,-0.00114,0.00000,0.37950,-89.970,-0.009,2
77.5240,-0.01896,0.35843,-0.00114,0.00000,0.37170,-89.970,-0.009,2
77.5760,-0.01895,0.35067,-0.00114,0.00000,0.36390,-89.970,-0.009,2
77.6280,-0.01895,0.34290,-0.00114,0.00000,0.35610,-89.971,-0.009,2
77.6800,-0.01896,0.33513,-0.00114,0.00000,0.34830,-89.971,-0.009,2
77.7320,-0.01896,0.32735,-0.00114,0.00000,0.34050,-89.971,-0.009,2
77.7840,-0.01897,0.31957,-0.00114,0.00000,0.33270,-89.971,-0.009,2
77.8360,-0.01897,0.31178,-0.00114,0.00000,0.32490,-89.971,-0.009,2
77.8880,-0.01898,0.30399,-0.00114,0.00000,0.31710,-89.972,-0.009,2
77.9400,-0.01899,0.29620,-0.00114,0.00000,0.30930,-89.972,-0.009,2
77.9920,-0.01901,0.28840,-0.00114,0.00000,0.30150,-89.972,-0.009,2
78.0440,-0.01902,0.28061,-0.00114,0.00000,0.29370,-89.972,-0.009,2
78.0960,-0.01903,0.27280,-0.00114,0.00000,0.28590,-89.972,-0.009,2
78.1480,-0.01904,0.26500,-0.00114,0.00000,0.27810,-89.972,-0.009,2
78.2000,-0.01906,0.25720,-0.00114,0.00000,0.27030,-89.972,-0.009,2
78.2520,-0.01907,0.24939,-0.00114,0.00000,0.26250,-89.972,-0.009,2
78.3040,-0.01908,0.24158,-0.00114,0.00000,0.25470,-89.972,-0.009,2
78.3560,-0.01909,0.23377,-0.00114,0.00000,0.24690,-89.972,-0.009,2
78.4080,-0.01911,0.22596,-0.00114,0.00000,0.23910,-89.972,-0.009,2
78.4600,-0.01912,0.21815,-0.00114,0.00000,0.23130,-89.972,-0.009,2
78.5120,-0.01913,0.21034,-0.00114,0.00000,0.22350,-89.972,-0.009,2
78.5640,-0.01914,0.20253,-0.00114,0.00000,0.21570,-89.972,-0.009,2
78.6160,-0.01915,0.19472,-0.00114,0.00000,0.20790,-89.972,-0.009,2
78.6680,-0.01916,0.18691,-0.00114,0.00000,0.20010,-89.972,-0.009,2
78.7200,-0.01917,0.17910,-0.00114,0.00000,0.19230,-89.972,-0.009,2
78.7720,-0.01918,0.17130,-0.00114,0.00000,0.18450,-89.972,-0.010,2
78.8240,-0.01919,0.16349,-0.00114,0.00000,0.17670,-89.972,-0.010,2
78.8760,-0.01920,0.15568,-0.00114,0.00000,0.16890,-89.972,-0.010,2
78.9280,-0.01921,0.14787,-0.00114,0.00000,0.16110,-89.972,-0.010,2
78.9800,-0.01922,0.14006,-0.00114,0.00000,0.15330,-89.972,-0.010,2
79.0320,-0.01922,0.13225,-0.00114,0.00000,0.14550,-89.972,-0.010,2
79.0840,-0.01923,0.12445,-0.00114,0.00000,0.13770,-89.972,-0.010,2
79.1360,-0.01923,0.11664,-0.00114,0.00000,0.12990,-89.972,-0.010,2
79.1880,-0.01924,0.10884,-0.00114,0.00000,0.12210,-89.972,-0.010,2
79.2400,-0.01925,0.10103,-0.00114,0.00000,0.11430,-89.972,-0.010,2
79.2920,-0.01925,0.09323,-0.00114,0.00000,0.10650,-89.972,-0.010,2
79.3440,-0.01925,0.08542,-0.00114,0.00000,0.09870,-89.972,-0.010,2
79.3960,-0.01926,0.07762,-0.00114,0.00000,0.09090,-89.972,-0.010,2
79.4480,-0.01926,0.06982,-0.00114,0.00000,0.08310,-89.972,-0.010,2
79.5000,-0.01926,0.06201,-0.00114,0.00000,0.07530,-89.972,-0.010,2
79.5520,-0.01927,0.05421,-0.00114,0.00000,0.06750,-89.972,-0.010,2
79.6040,-0.01927,0.04641,-0.00114,0.00000,0.05970,-89.972,-0.010,2
79.6560,-0.01927,0.03861,-0.00114,0.00000,0.05190,-89.972,-0.010,2
79.7080,-0.01927,0.03080,-0.00114,0.00000,0.04410,-89.972,-0.010,2
79.7600,-0.01928,0.02300,-0.00114,0.00000,0.03630,-89.972,-0.010,2
79.8120,-0.01928,0.01520,-0.00114,0.00000,0.02850,-89.972,-0.010,2
79.8640,-0.01928,0.00740,-0.00114,0.00000,0.02070,-89.972,-0.010,2
79.9160,-0.01928,-0.00040,-0.00114,0.00000,0.01290,-89.972,-0.010,2
79.9680,-0.01928,-0.00820,-0.00114,0.00000,0.00510,-89.972,-0.010,2
80.0200,-0.01928,-0.01600,-0.00114,0.00270,0.00000,-89.972,-0.010,3
80.0720,-0.01919,-0.02368,-0.00114,0.01050,0.00000,-89.802,-0.007,3
80.1240,-0.01834,-0.03034,-0.00114,0.01830,0.00000,-87.940,0.011,3
80.1760,-0.01661,-0.03591,-0.00114,0.02610,0.00000,-84.415,0.010,3
80.2280,-0.01409,-0.04055,-0.00113,0.03390,0.00000,-80.465,0.002,3
80.2800,-0.01088,-0.04439,-0.00113,0.04170,0.00000,-76.581,-0.004,3
80.3320,-0.00702,-0.04757,-0.00113,0.04950,0.00000,-72.827,-0.008,3
80.3840,-0.00257,-0.05020,-0.00113,0.05730,0.00000,-69.186,-0.011,3
80.4360,0.00245,-0.05240,-0.00112,0.06510,0.00000,-65.636,-0.013,3
80.4880,0.00802,-0.05425,-0.00112,0.07290,0.00000,-62.163,-0.015,3
80.5400,0.01412,-0.05583,-0.00112,0.08070,0.00000,-58.753,-0.017,3
80.5920,0.02073,-0.05719,-0.00112,0.08850,0.00000,-55.397,-0.018,3
80.6440,0.02784,-0.05837,-0.00112,0.09630,0.00000,-52.084,-0.019,3
80.6960,0.03543,-0.05941,-0.00112,0.10410,0.00000,-48.809,-0.020,3
80.7480,0.04348,-0.06031,-0.00112,0.11190,0.00000,-45.564,-0.022,3
80.8000,0.05197,-0.06107,-0.00112,0.11970,0.00000,-42.344,-0.023,3
80.8520,0.06088,-0.06170,-0.00112,0.12750,0.00000,-39.145,-0.025,3
80.9040,0.07017,-0.06218,-0.00112,0.13530,0.00000,-35.962,-0.027,3
80.9560,0.07981,-0.06249,-0.00112,0.14310,0.00000,-32.791,-0.029,3
81.0080,0.08977,-0.06261,-0.00112,0.15090,0.00000,-29.629,-0.032,3
81.0600,0.09999,-0.06253,-0.00112,0.15870,0.00000,-26.471,-0.034,3
81.1120,0.11045,-0.06221,-0.00112,0.16650,0.00000,-23.314,-0.037,3
81.1640,0.12108,-0.06166,-0.00112,0.17430,0.00000,-20.156,-0.039,3
81.2160,0.13185,-0.06084,-0.00111,0.18210,0.00000,-16.992,-0.042,3
81.2680,0.14269,-0.05974,-0.00111,0.18990,0.00000,-13.819,-0.044,3
81.3200,0.15357,-0.05837,-0.00111,0.19770,0.00000,-10.633,-0.046,3
81.3720,0.16443,-0.05671,-0.00111,0.20550,0.00000,-7.437,-0.048,3
81.4240,0.17522,-0.05476,-0.00111,0.21330,0.00000,-4.295,-0.050,3
81.4760,0.18588,-0.05255,-0.00111,0.22110,0.00000,-1.744,-0.052,3
81.5280,0.19627,-0.05021,-0.00110,0.22890,0.00000,-1.031,-0.053,3
81.5800,0.20632,-0.04789,-0.00110,0.23670,0.00000,-0.928,-0.055,3
81.6320,0.21606,-0.04565,-0.00110,0.24450,0.00000,-0.838,-0.056,3
81.6840,0.22553,-0.04347,-0.00110,0.25230,0.00000,-0.748,-0.057,3
81.7360,0.23474,-0.04138,-0.00110,0.26010,0.00000,-0.672,-0.057,3
81.7880,0.24373,-0.03938,-0.00110,0.26790,0.00000,-0.610,-0.058,3
81.8400,0.25251,-0.03747,-0.00110,0.27570,0.00000,-0.559,-0.058,3
81.8920,0.26111,-0.03566,-0.00110,0.28350,0.00000,-0.517,-0.057,3
81.9440,0.26956,-0.03394,-0.00110,0.29130,0.00000,-0.483,-0.057,3
81.9960,0.27786,-0.03233,-0.00110,0.29910,0.00000,-0.454,-0.057,3
82.0480,0.28605,-0.03081,-0.00110,0.30690,0.00000,-0.430,-0.056,3
82.1000,0.29412,-0.02939,-0.00110,0.31470,0.00000,-0.411,-0.056,3
82.1520,0.30211,-0.02806,-0.00110,0.32250,0.00000,-0.394,-0.056,3
82.2040,0.31001,-0.02683,-0.00110,0.33030,0.00000,-0.380,-0.055,3
82.2560,0.31785,-0.02568,-0.00110,0.33810,0.00000,-0.369,-0.055,3
82.3080,0.32563,-0.02463,-0.00110,0.34590,0.00000,-0.359,-0.054,3
82.3600,0.33337,-0.02365,-0.00111,0.35370,0.00000,-0.351,-0.054,3
82.4120,0.34107,-0.02276,-0.00111,0.36150,0.00000,-0.344,-0.053,3
82.4640,0.34873,-0.02194,-0.00111,0.36930,0.00000,-0.338,-0.053,3
82.5160,0.35638,-0.02119,-0.00111,0.37710,0.00000,-0.333,-0.052,3
82.5680,0.36400,-0.02051,-0.00111,0.38490,0.00000,-0.329,-0.052,3
82.6200,0.37161,-0.01990,-0.00111,0.39270,0.00000,-0.325,-0.052,3
82.6720,0.37922,-0.01934,-0.00111,0.40050,0.00000,-0.322,-0.051,3
82.7240,0.38682,-0.01885,-0.00111,0.40830,0.00000,-0.319,-0.051,3
82.7760,0.39441,-0.01840,-0.00112,0.41610,0.00000,-0.316,-0.051,3
82.8280,0.40201,-0.01800,-0.00112,0.42390,0.00000,-0.314,-0.051,3
82.8800,0.40961,-0.01765,-0.00112,0.43170,0.00000,-0.312,-0.050,3
82.9320,0.41721,-0.01734,-0.00112,0.43950,0.00000,-0.311,-0.050,3
82.9840,0.42482,-0.01707,-0.00112,0.44730,0.00000,-0.309,-0.050,3
83.0360,0.43244,-0.01684,-0.00112,0.45510,0.00000,-0.308,-0.050,3
83.0880,0.44006,-0.01663,-0.00112,0.46290,0.00000,-0.307,-0.050,3
83.1400,0.44770,-0.01646,-0.00112,0.47070,0.00000,-0.306,-0.050,3
83.1920,0.45534,-0.01631,-0.00112,0.47850,0.00000,-0.305,-0.050,3
83.2440,0.46299,-0.01619,-0.00112,0.48630,0.00000,-0.304,-0.050,3
83.2960,0.47065,-0.01609,-0.00112,0.49410,0.00000,-0.303,-0.050,3
83.3480,0.47832,-0.01601,-0.00113,0.50190,0.00000,-0.303,-0.050,3
83.4000,0.48600,-0.01595,-0.00113,0.50970,0.00000,-0.302,-0.050,3
83.4520,0.49369,-0.01590,-0.00113,0.51750,0.00000,-0.302,-0.050,3
83.5040,0.50139,-0.01587,-0.00113,0.52530,0.00000,-0.301,-0.050,3
83.5560,0.50909,-0.01585,-0.00113,0.53310,0.00000,-0.301,-0.050,3
83.6080,0.51680,-0.01584,-0.00113,0.54090,0.00000,-0.300,-0.050,3
83.6600,0.52453,-0.01584,-0.00113,0.54870,0.00000,-0.300,-0.050,3
83.7120,0.53225,-0.01584,-0.00113,0.55650,0.00000,-0.300,-0.050,3
83.7640,0.53999,-0.01586,-0.00113,0.56430,0.00000,-0.299,-0.050,3
83.8160,0.54773,-0.01588,-0.00113,0.57210,0.00000,-0.299,-0.050,3
83.8680,0.55548,-0.01590,-0.00113,0.57990,0.00000,-0.299,-0.050,3
83.9200,0.56323,-0.01593,-0.00113,0.58770,0.00000,-0.298,-0.050,3
83.9720,0.57099,-0.01596,-0.00113,0.59550,0.00000,-0.298,-0.050,3
84.0240,0.57875,-0.01600,-0.00113,0.60330,0.00000,-0.298,-0.050,3
84.0760,0.58652,-0.01603,-0.00113,0.61110,0.00000,-0.298,-0.050,3
84.1280,0.59429,-0.01607,-0.00113,0.61890,0.00000,-0.298,-0.050,3
84.1800,0.60207,-0.01611,-0.00113,0.62670,0.00000,-0.298,-0.050,3
84.2320,0.60985,-0.01615,-0.00113,0.63450,0.00000,-0.297,-0.050,3
84.2840,0.61763,-0.01619,-0.00113,0.64230,0.00000,-0.297,-0.050,3
84.3360,0.62541,-0.01623,-0.00113,0.65010,0.00000,-0.297,-0.050,3
84.3880,0.63320,-0.01627,-0.00113,0.65790,0.00000,-0.297,-0.050,3
84.4400,0.64099,-0.01630,-0.00113,0.66570,0.00000,-0.297,-0.050,3
84.4920,0.64878,-0.01634,-0.00113,0.67350,0.00000,-0.297,-0.050,3
84.5440,0.65657,-0.01638,-0.00113,0.68130,0.00000,-0.297,-0.050,3
84.5960,0.66437,-0.01641,-0.00113,0.68910,0.00000,-0.297,-0.050,3
84.6480,0.67216,-0.01644,-0.00113,0.69690,0.00000,-0.297,-0.050,3
84.7000,0.67996,-0.01647,-0.00113,0.70470,0.00000,-0.297,-0.050,3
84.7520,0.68775,-0.01650,-0.00113,0.71250,0.00000,-0.297,-0.050,3
84.8040,0.69555,-0.01653,-0.00113,0.72030,0.00000,-0.297,-0.050,3
84.8560,0.70335,-0.01656,-0.00113,0.72810,0.00000,-0.297,-0.050,3
84.9080,0.71115,-0.01659,-0.00113,0.73590,0.00000,-0.297,-0.050,3
84.9600,0.71895,-0.01661,-0.00113,0.74370,0.00000,-0.297,-0.050,3
85.0120,0.72675,-0.01663,-0.00113,0.75150,0.00000,-0.297,-0.050,3
85.0640,0.73455,-0.01665,-0.00113,0.75930,0.00000,-0.297,-0.050,3
85.1160,0.74235,-0.01667,-0.00113,0.76710,0.00000,-0.297,-0.050,3
85.1680,0.75015,-0.01669,-0.00113,0.77490,0.00000,-0.297,-0.050,3
85.2200,0.75796,-0.01671,-0.00113,0.78270,0.00000,-0.297,-0.050,3
85.2720,0.76576,-0.01672,-0.00113,0.79050,0.00000,-0.297,-0.050,3
85.3240,0.77356,-0.01674,-0.00113,0.79830,0.00000,-0.296,-0.050,3
85.3760,0.78136,-0.01675,-0.00113,0.80610,0.00000,-0.296,-0.050,3
85.4280,0.78916,-0.01676,-0.00113,0.81390,0.00000,-0.296,-0.050,3
85.4800,0.79696,-0.01677,-0.00113,0.82170,0.00000,-0.296,-0.050,3
85.5320,0.80477,-0.01678,-0.00113,0.82950,0.00000,-0.296,-0.050,3
85.5840,0.81257,-0.01679,-0.00113,0.83730,0.00000,-0.297,-0.050,3
85.6360,0.82037,-0.01680,-0.00113,0.84510,0.00000,-0.297,-0.050,3
85.6880,0.82817,-0.01681,-0.00113,0.85290,0.00000,-0.297,-0.050,3
85.7400,0.83597,-0.01681,-0.00113,0.86070,0.00000,-0.297,-0.050,3
85.7920,0.84377,-0.01682,-0.00113,0.86850,0.00000,-0.297,-0.050,3
85.8440,0.85158,-0.01682,-0.00113,0.87630,0.00000,-0.297,-0.050,3
85.8960,0.85938,-0.01683,-0.00113,0.88410,0.00000,-0.297,-0.050,3
85.9480,0.86718,-0.01683,-0.00113,0.89190,0.00000,-0.297,-0.050,3
86.0000,0.87498,-0.01683,-0.00113,0.89970,0.00000,-0.297,-0.050,3
86.0520,0.88278,-0.01684,-0.00113,0.90750,0.00000,-0.297,-0.050,3
86.1040,0.89058,-0.01684,-0.00113,0.91530,0.00000,-0.297,-0.050,3
86.1560,0.89838,-0.01684,-0.00113,0.92310,0.00000,-0.297,-0.050,3
86.2080,0.90618,-0.01684,-0.00113,0.93090,0.00000,-0.297,-0.050,3
86.2600,0.91398,-0.01684,-0.00113,0.93870,0.00000,-0.297,-0.050,3
86.3120,0.92178,-0.01685,-0.00113,0.94650,0.00000,-0.297,-0.050,3
86.3640,0.92958,-0.01685,-0.00113,0.95430,0.00000,-0.297,-0.050,3
86.4160,0.93739,-0.01685,-0.00113,0.96210,0.00000,-0.297,-0.050,3
86.4680,0.94519,-0.01685,-0.00113,0.96990,0.00000,-0.297,-0.050,3
86.5200,0.95299,-0.01685,-0.00113,0.97770,0.00000,-0.297,-0.050,3
86.5720,0.96079,-0.01685,-0.00113,0.98550,0.00000,-0.297,-0.050,3
86.6240,0.96859,-0.01685,-0.00113,0.99330,0.00000,-0.297,-0.050,3
86.6760,0.97639,-0.01685,-0.00113,1.00000,0.00110,-0.297,-0.050,3
86.7280,0.98399,-0.01671,-0.00113,1.00000,0.00890,-0.023,-0.047,3
86.7800,0.99051,-0.01575,-0.00113,1.00000,0.01670,2.007,-0.028,3
86.8320,0.99597,-0.01373,-0.00113,1.00000,0.02450,5.537,-0.030,3
86.8840,1.00051,-0.01069,-0.00113,1.00000,0.03230,9.366,-0.037,3
86.9360,1.00425,-0.00674,-0.00112,1.00000,0.04010,13.122,-0.042,3
86.9880,1.00728,-0.00198,-0.00112,1.00000,0.04790,16.766,-0.045,3
87.0400,1.00967,0.00352,-0.00112,1.00000,0.05570,20.316,-0.047,3
87.0920,1.01151,0.00968,-0.00112,1.00000,0.06350,23.789,-0.048,3
87.1440,1.01287,0.01642,-0.00112,1.00000,0.07130,27.199,-0.049,3
87.1960,1.01380,0.02370,-0.00112,1.00000,0.07910,30.557,-0.049,3
87.2480,1.01434,0.03145,-0.00112,1.00000,0.08690,33.873,-0.049,3
87.3000,1.01453,0.03962,-0.00112,1.00000,0.09470,37.155,-0.050,3
87.3520,1.01441,0.04815,-0.00112,1.00000,0.10250,40.408,-0.050,3
87.4040,1.01400,0.05701,-0.00112,1.00000,0.11030,43.638,-0.050,3
87.4560,1.01332,0.06613,-0.00112,1.00000,0.11810,46.850,-0.050,3
87.5080,1.01240,0.07547,-0.00112,1.00000,0.12590,50.045,-0.051,3
87.5600,1.01125,0.08498,-0.00112,1.00000,0.13370,53.229,-0.051,3
87.6120,1.00988,0.09462,-0.00112,1.00000,0.14150,56.401,-0.051,3
87.6640,1.00832,0.10434,-0.00112,1.00000,0.14930,59.566,-0.052,3
87.7160,1.00659,0.11410,-0.00112,1.00000,0.15710,62.723,-0.052,3
87.7680,1.00470,0.12386,-0.00112,1.00000,0.16490,65.874,-0.053,3
87.8200,1.00268,0.13358,-0.00112,1.00000,0.17270,69.019,-0.053,3
87.8720,1.00054,0.14322,-0.00112,1.00000,0.18050,72.160,-0.054,3
87.9240,0.99831,0.15277,-0.00112,1.00000,0.18830,75.295,-0.054,3
87.9760,0.99602,0.16219,-0.00112,1.00000,0.19610,78.425,-0.054,3
88.0280,0.99367,0.17146,-0.00112,1.00000,0.20390,81.549,-0.054,3
88.0800,0.99131,0.18057,-0.00112,1.00000,0.21170,84.656,-0.054,3
88.1320,0.98893,0.18951,-0.00112,1.00000,0.21950,87.638,-0.054,3
88.1840,0.98659,0.19829,-0.00112,1.00000,0.22730,89.827,-0.053,3
88.2360,0.98439,0.20696,-0.00112,1.00000,0.23510,90.311,-0.054,3
88.2880,0.98245,0.21556,-0.00112,1.00000,0.24290,90.277,-0.054,3
88.3400,0.98076,0.22410,-0.00112,1.00000,0.25070,90.259,-0.053,3
88.3920,0.97929,0.23257,-0.00112,1.00000,0.25850,90.259,-0.053,3
88.4440,0.97804,0.24097,-0.00112,1.00000,0.26630,90.260,-0.053,3
88.4960,0.97698,0.24932,-0.00112,1.00000,0.27410,90.262,-0.053,3
88.5480,0.97610,0.25762,-0.00112,1.00000,0.28190,90.264,-0.053,3
88.6000,0.97537,0.26586,-0.00112,1.00000,0.28970,90.266,-0.052,3
88.6520,0.97478,0.27405,-0.00112,1.00000,0.29750,90.269,-0.052,3
88.7040,0.97432,0.28220,-0.00113,1.00000,0.30530,90.271,-0.052,3
88.7560,0.97397,0.29031,-0.00113,1.00000,0.31310,90.273,-0.051,3
88.8080,0.97373,0.29838,-0.00113,1.00000,0.32090,90.275,-0.051,3
88.8600,0.97357,0.30641,-0.00113,1.00000,0.32870,90.278,-0.051,3
88.9120,0.97349,0.31442,-0.00113,1.00000,0.33650,90.280,-0.051,3
88.9640,0.97348,0.32239,-0.00113,1.00000,0.34430,90.282,-0.050,3
89.0160,0.97352,0.33035,-0.00113,1.00000,0.35210,90.284,-0.050,3
89.0680,0.97361,0.33827,-0.00113,1.00000,0.35990,90.286,-0.050,3
89.1200,0.97375,0.34618,-0.00113,1.00000,0.36770,90.288,-0.050,3
89.1720,0.97392,0.35407,-0.00113,1.00000,0.37550,90.289,-0.050,3
89.2240,0.97412,0.36194,-0.00113,1.00000,0.38330,90.291,-0.049,3
89.2760,0.97434,0.36980,-0.00113,1.00000,0.39110,90.293,-0.049,3
89.3280,0.97458,0.37765,-0.00113,1.00000,0.39890,90.294,-0.049,3
89.3800,0.97483,0.38548,-0.00113,1.00000,0.40670,90.295,-0.049,3
89.4320,0.97510,0.39331,-0.00113,1.00000,0.41450,90.297,-0.049,3
89.4840,0.97537,0.40113,-0.00113,1.00000,0.42230,90.298,-0.049,3
89.5360,0.97564,0.40894,-0.00113,1.00000,0.43010,90.299,-0.049,3
89.5880,0.97591,0.41674,-0.00113,1.00000,0.43790,90.300,-0.048,3
89.6400,0.97618,0.42454,-0.00113,1.00000,0.44570,90.301,-0.048,3
89.6920,0.97645,0.43233,-0.00113,1.00000,0.45350,90.302,-0.048,3
89.7440,0.97672,0.44013,-0.00113,1.00000,0.46130,90.303,-0.048,3
89.7960,0.97697,0.44791,-0.00113,1.00000,0.46910,90.304,-0.048,3
89.8480,0.97722,0.45570,-0.00113,1.00000,0.47690,90.304,-0.048,3
89.9000,0.97746,0.46349,-0.00113,1.00000,0.48470,90.305,-0.048,3
89.9520,0.97769,0.47127,-0.00113,1.00000,0.49250,90.306,-0.048,3
90.0040,0.97791,0.47905,-0.00113,1.00000,0.50030,90.306,-0.048,3
90.0560,0.97812,0.48684,-0.00113,1.00000,0.50810,90.307,-0.048,3
90.1080,0.97832,0.49462,-0.00113,1.00000,0.51590,90.307,-0.048,3
90.1600,0.97851,0.50240,-0.00113,1.00000,0.52370,90.308,-0.048,3
90.2120,0.97869,0.51018,-0.00113,1.00000,0.53150,90.308,-0.048,3
90.2640,0.97886,0.51797,-0.00113,1.00000,0.53930,90.308,-0.048,3
90.3160,0.97901,0.52575,-0.00113,1.00000,0.54710,90.309,-0.048,3
90.3680,0.97916,0.53354,-0.00113,1.00000,0.55490,90.309,-0.048,3
90.4200,0.97930,0.54132,-0.00113,1.00000,0.56270,90.309,-0.048,3
90.4720,0.97942,0.54911,-0.00113,1.00000,0.57050,90.309,-0.048,3
90.5240,0.97954,0.55689,-0.00113,1.00000,0.57830,90.309,-0.048,3
90.5760,0.97965,0.56468,-0.00113,1.00000,0.58610,90.310,-0.048,3
90.6280,0.97975,0.57247,-0.00113,1.00000,0.59390,90.310,-0.048,3
90.6800,0.97984,0.58026,-0.00113,1.00000,0.60170,90.310,-0.048,3
90.7320,0.97993,0.58805,-0.00113,1.00000,0.60950,90.310,-0.048,3
90.7840,0.98001,0.59584,-0.00113,1.00000,0.61730,90.310,-0.048,3
90.8360,0.98008,0.60363,-0.00113,1.00000,0.62510,90.310,-0.048,3
90.8880,0.98014,0.61142,-0.00113,1.00000,0.63290,90.310,-0.048,3
90.9400,0.98020,0.61922,-0.00113,1.00000,0.64070,90.310,-0.048,3
90.9920,0.98025,0.62701,-0.00113,1.00000,0.64850,90.310,-0.048,3
91.0440,0.98029,0.63480,-0.00113,1.00000,0.65630,90.310,-0.048,3
91.0960,0.98033,0.64260,-0.00113,1.00000,0.66410,90.310,-0.048,3
91.1480,0.98037,0.65039,-0.00113,1.00000,0.67190,90.310,-0.048,3
91.2000,0.98040,0.65819,-0.00113,1.00000,0.67970,90.310,-0.048,3
91.2520,0.98043,0.66599,-0.00113,1.00000,0.68750,90.310,-0.048,3
91.3040,0.98046,0.67378,-0.00113,1.00000,0.69530,90.310,-0.048,3
91.3560,0.98048,0.68158,-0.00113,1.00000,0.70310,90.310,-0.048,3
91.4080,0.98050,0.68938,-0.00113,1.00000,0.71090,90.310,-0.048,3
91.4600,0.98051,0.69718,-0.00113,1.00000,0.71870,90.310,-0.048,3
91.5120,0.98052,0.70497,-0.00113,1.00000,0.72650,90.310,-0.048,3
91.5640,0.98054,0.71277,-0.00113,1.00000,0.73430,90.310,-0.048,3
91.6160,0.98054,0.72057,-0.00113,1.00000,0.74210,90.310,-0.048,3
91.6680,0.98055,0.72837,-0.00113,1.00000,0.74990,90.310,-0.048,3
91.7200,0.98056,0.73617,-0.00113,1.00000,0.75770,90.310,-0.048,3
91.7720,0.98056,0.74397,-0.00113,1.00000,0.76550,90.310,-0.048,3
91.8240,0.98056,0.75177,-0.00113,1.00000,0.77330,90.310,-0.048,3
91.8760,0.98057,0.75957,-0.00113,1.00000,0.78110,90.310,-0.048,3
91.9280,0.98057,0.76737,-0.00113,1.00000,0.78890,90.310,-0.048,3
91.9800,0.98057,0.77517,-0.00113,1.00000,0.79670,90.310,-0.048,3
92.0320,0.98057,0.78297,-0.00113,1.00000,0.80450,90.309,-0.048,3
92.0840,0.98056,0.79077,-0.00113,1.00000,0.81230,90.309,-0.048,3
92.1360,0.98056,0.79857,-0.00113,1.00000,0.82010,90.309,-0.048,3
92.1880,0.98056,0.80637,-0.00113,1.00000,0.82790,90.309,-0.048,3
92.2400,0.98056,0.81417,-0.00113,1.00000,0.83570,90.309,-0.048,3
92.2920,0.98055,0.82197,-0.00113,1.00000,0.84350,90.309,-0.048,3
92.3440,0.98055,0.82977,-0.00113,1.00000,0.85130,90.309,-0.048,3
92.3960,0.98055,0.83757,-0.00113,1.00000,0.85910,90.309,-0.048,3
92.4480,0.98054,0.84537,-0.00113,1.00000,0.86690,90.309,-0.048,3
92.5000,0.98054,0.85317,-0.00113,1.00000,0.87470,90.309,-0.048,3
92.5520,0.98054,0.86097,-0.00113,1.00000,0.88250,90.309,-0.048,3
92.6040,0.98053,0.86877,-0.00113,1.00000,0.89030,90.309,-0.048,3
92.6560,0.98053,0.87657,-0.00113,1.00000,0.89810,90.309,-0.048,3
92.7080,0.98053,0.88437,-0.00113,1.00000,0.90590,90.309,-0.048,3
92.7600,0.98052,0.89217,-0.00113,1.00000,0.91370,90.309,-0.048,3
92.8120,0.98052,0.89997,-0.00113,1.00000,0.92150,90.309,-0.048,3
92.8640,0.98052,0.90777,-0.00113,1.00000,0.92930,90.309,-0.048,3
92.9160,0.98051,0.91557,-0.00113,1.00000,0.93710,90.309,-0.048,3
92.9680,0.98051,0.92337,-0.00113,1.00000,0.94490,90.309,-0.048,3
93.0200,0.98051,0.93117,-0.00113,1.00000,0.95270,90.309,-0.048,3
93.0720,0.98051,0.93897,-0.00113,1.00000,0.96050,90.309,-0.048,3
93.1240,0.98050,0.94677,-0.00113,1.00000,0.96830,90.309,-0.048,3
93.1760,0.98050,0.95457,-0.00113,1.00000,0.97610,90.309,-0.048,3
93.2280,0.98050,0.96237,-0.00113,1.00000,0.98390,90.309,-0.048,3
93.2800,0.98050,0.97017,-0.00113,1.00000,0.99170,90.309,-0.048,3
93.3320,0.98049,0.97797,-0.00113,1.00000,0.99950,90.309,-0.048,3
93.3840,0.98030,0.98547,-0.00113,0.99270,1.00000,90.744,-0.043,3
93.4360,0.97924,0.99171,-0.00113,0.98490,1.00000,93.049,-0.025,3
93.4880,0.97716,0.99665,-0.00113,0.97710,1.00000,96.565,-0.028,3
93.5400,0.97417,1.00046,-0.00113,0.96930,1.00000,100.211,-0.033,3
93.5920,0.97039,1.00328,-0.00113,0.96150,1.00000,103.782,-0.037,3
93.6440,0.96592,1.00530,-0.00113,0.95370,1.00000,107.268,-0.038,3
93.6960,0.96087,1.00664,-0.00113,0.94590,1.00000,110.684,-0.038,3
93.7480,0.95529,1.00744,-0.00113,0.93810,1.00000,114.045,-0.037,3
93.8000,0.94924,1.00779,-0.00113,0.93030,1.00000,117.362,-0.036,3
93.8520,0.94278,1.00780,-0.00113,0.92250,1.00000,120.643,-0.034,3
93.9040,0.93594,1.00754,-0.00113,0.91470,1.00000,123.895,-0.033,3
93.9560,0.92878,1.00707,-0.00113,0.90690,1.00000,127.124,-0.031,3
94.0080,0.92131,1.00644,-0.00113,0.89910,1.00000,130.333,-0.029,3
94.0600,0.91357,1.00571,-0.00113,0.89130,1.00000,133.526,-0.027,3
94.1120,0.90558,1.00490,-0.00113,0.88350,1.00000,136.707,-0.025,3
94.1640,0.89739,1.00404,-0.00113,0.87570,1.00000,139.877,-0.024,3
94.2160,0.88900,1.00315,-0.00113,0.86790,1.00000,143.038,-0.023,3
94.2680,0.88045,1.00225,-0.00113,0.86010,1.00000,146.192,-0.021,3
94.3200,0.87175,1.00135,-0.00114,0.85230,1.00000,149.340,-0.020,3
94.3720,0.86294,1.00045,-0.00114,0.84450,1.00000,152.484,-0.020,3
94.4240,0.85403,0.99957,-0.00114,0.83670,1.00000,155.624,-0.019,3
94.4760,0.84505,0.99871,-0.00114,0.82890,1.00000,158.763,-0.018,3
94.5280,0.83601,0.99786,-0.00114,0.82110,1.00000,161.900,-0.018,3
94.5800,0.82694,0.99702,-0.00114,0.81330,1.00000,165.037,-0.018,3
94.6320,0.81785,0.99621,-0.00114,0.80550,1.00000,168.174,-0.017,3
94.6840,0.80876,0.99540,-0.00114,0.79770,1.00000,171.313,-0.017,3
94.7360,0.79968,0.99461,-0.00114,0.78990,1.00000,174.444,-0.016,3
94.7880,0.79063,0.99383,-0.00114,0.78210,1.00000,177.429,-0.016,3
94.8400,0.78159,0.99307,-0.00114,0.77430,1.00000,179.465,-0.016,3
94.8920,0.77251,0.99232,-0.00114,0.76650,1.00000,179.852,-0.015,3
94.9440,0.76338,0.99161,-0.00114,0.75870,1.00000,179.843,-0.015,3
94.9960,0.75422,0.99093,-0.00114,0.75090,1.00000,179.861,-0.015,3
95.0480,0.74505,0.99028,-0.00114,0.74310,1.00000,179.887,-0.014,3
95.1000,0.73588,0.98967,-0.00114,0.73530,1.00000,179.909,-0.014,3
95.1520,0.72673,0.98909,-0.00114,0.72750,1.00000,179.926,-0.014,3
95.2040,0.71762,0.98854,-0.00114,0.71970,1.00000,179.940,-0.014,3
95.2560,0.70855,0.98803,-0.00114,0.71190,1.00000,179.950,-0.014,3
95.3080,0.69954,0.98755,-0.00114,0.70410,1.00000,179.959,-0.013,3
95.3600,0.69058,0.98710,-0.00114,0.69630,1.00000,179.965,-0.013,3
95.4120,0.68168,0.98669,-0.00114,0.68850,1.00000,179.970,-0.013,3
95.4640,0.67285,0.98631,-0.00114,0.68070,1.00000,179.973,-0.013,3
95.5160,0.66409,0.98595,-0.00114,0.67290,1.00000,179.976,-0.013,3
95.5680,0.65541,0.98562,-0.00114,0.66510,1.00000,179.977,-0.013,3
95.6200,0.64679,0.98532,-0.00114,0.65730,1.00000,179.978,-0.013,3
95.6720,0.63824,0.98505,-0.00114,0.64950,1.00000,179.979,-0.012,3
95.7240,0.62977,0.98480,-0.00114,0.64170,1.00000,179.978,-0.012,3
95.7760,0.62136,0.98457,-0.00114,0.63390,1.00000,179.978,-0.012,3
95.8280,0.61301,0.98437,-0.00114,0.62610,1.00000,179.977,-0.012,3
95.8800,0.60473,0.98419,-0.00114,0.61830,1.00000,179.976,-0.012,3
95.9320,0.59651,0.98402,-0.00114,0.61050,1.00000,179.975,-0.011,3
95.9840,0.58834,0.98387,-0.00114,0.60270,1.00000,179.974,-0.011,3
96.0360,0.58022,0.98374,-0.00114,0.59490,1.00000,179.973,-0.011,3
96.0880,0.57216,0.98362,-0.00114,0.58710,1.00000,179.972,-0.011,3
96.1400,0.56414,0.98352,-0.00114,0.57930,1.00000,179.970,-0.010,3
96.1920,0.55616,0.98343,-0.00114,0.57150,1.00000,179.969,-0.010,3
96.2440,0.54821,0.98336,-0.00114,0.56370,1.00000,179.968,-0.010,3
96.2960,0.54030,0.98329,-0.00114,0.55590,1.00000,179.967,-0.010,3
96.3480,0.53242,0.98323,-0.00114,0.54810,1.00000,179.966,-0.010,3
96.4000,0.52457,0.98319,-0.00114,0.54030,1.00000,179.965,-0.009,3
96.4520,0.51675,0.98315,-0.00114,0.53250,1.00000,179.964,-0.009,3
96.5040,0.50894,0.98312,-0.00114,0.52470,1.00000,179.963,-0.009,3
96.5560,0.50115,0.98309,-0.00114,0.51690,1.00000,179.962,-0.009,3
96.6080,0.49338,0.98307,-0.00114,0.50910,1.00000,179.961,-0.009,3
96.6600,0.48562,0.98306,-0.00114,0.50130,1.00000,179.961,-0.008,3
96.7120,0.47787,0.98305,-0.00114,0.49350,1.00000,179.960,-0.008,3
96.7640,0.47013,0.98304,-0.00114,0.48570,1.00000,179.959,-0.008,3
96.8160,0.46240,0.98304,-0.00114,0.47790,1.00000,179.959,-0.008,3
96.8680,0.45467,0.98304,-0.00114,0.47010,1.00000,179.958,-0.008,3
96.9200,0.44695,0.98304,-0.00114,0.46230,1.00000,179.958,-0.008,3
96.9720,0.43923,0.98305,-0.00114,0.45450,1.00000,179.958,-0.008,3
97.0240,0.43151,0.98306,-0.00114,0.44670,1.00000,179.957,-0.008,3
97.0760,0.42379,0.98307,-0.00114,0.43890,1.00000,179.957,-0.008,3
97.1280,0.41606,0.98308,-0.00114,0.43110,1.00000,179.957,-0.008,3
97.1800,0.40834,0.98309,-0.00114,0.42330,1.00000,179.957,-0.007,3
97.2320,0.40061,0.98310,-0.00114,0.41550,1.00000,179.957,-0.007,3
97.2840,0.39289,0.98312,-0.00114,0.40770,1.00000,179.957,-0.007,3
97.3360,0.38515,0.98313,-0.00114,0.39990,1.00000,179.957,-0.007,3
97.3880,0.37742,0.98314,-0.00114,0.39210,1.00000,179.957,-0.007,3
97.4400,0.36968,0.98316,-0.00114,0.38430,1.00000,179.957,-0.007,3
97.4920,0.36194,0.98317,-0.00114,0.37650,1.00000,179.957,-0.007,3
97.5440,0.35419,0.98318,-0.00114,0.36870,1.00000,179.957,-0.007,3
97.5960,0.34644,0.98320,-0.00114,0.36090,1.00000,179.957,-0.007,3
97.6480,0.33868,0.98321,-0.00114,0.35310,1.00000,179.957,-0.007,3
97.7000,0.33092,0.98322,-0.00114,0.34530,1.00000,179.957,-0.007,3
97.7520,0.32316,0.98324,-0.00114,0.33750,1.00000,179.957,-0.007,3
97.8040,0.31539,0.98325,-0.00114,0.32970,1.00000,179.957,-0.007,3
97.8560,0.30762,0.98326,-0.00114,0.32190,1.00000,179.957,-0.007,3
97.9080,0.29984,0.98327,-0.00114,0.31410,1.00000,179.957,-0.007,3
97.9600,0.29207,0.98328,-0.00114,0.30630,1.00000,179.957,-0.007,3
98.0120,0.28428,0.98329,-0.00114,0.29850,1.00000,179.957,-0.007,3
98.0640,0.27650,0.98330,-0.00114,0.29070,1.00000,179.957,-0.007,3
98.1160,0.26871,0.98331,-0.00114,0.28290,1.00000,179.957,-0.007,3
98.1680,0.26093,0.98332,-0.00114,0.27510,1.00000,179.957,-0.007,3
98.2200,0.25313,0.98332,-0.00114,0.26730,1.00000,179.958,-0.007,3
98.2720,0.24534,0.98333,-0.00114,0.25950,1.00000,179.958,-0.007,3
98.3240,0.23755,0.98334,-0.00114,0.25170,1.00000,179.958,-0.007,3
98.3760,0.22975,0.98334,-0.00114,0.24390,1.00000,179.958,-0.007,3
98.4280,0.22195,0.98335,-0.00114,0.23610,1.00000,179.958,-0.007,3
98.4800,0.21415,0.98335,-0.00114,0.22830,1.00000,179.958,-0.007,3
98.5320,0.20635,0.98336,-0.00114,0.22050,1.00000,179.958,-0.007,3
98.5840,0.19855,0.98336,-0.00114,0.21270,1.00000,179.958,-0.007,3
98.6360,0.19075,0.98337,-0.00114,0.20490,1.00000,179.958,-0.007,3
98.6880,0.18294,0.98337,-0.00114,0.19710,1.00000,179.958,-0.007,3
98.7400,0.17514,0.98337,-0.00114,0.18930,1.00000,179.958,-0.007,3
98.7920,0.16734,0.98338,-0.00114,0.18150,1.00000,179.958,-0.007,3
98.8440,0.15953,0.98338,-0.00114,0.17370,1.00000,179.958,-0.007,3
98.8960,0.15173,0.98338,-0.00114,0.16590,1.00000,179.958,-0.007,3
98.9480,0.14392,0.98338,-0.00114,0.15810,1.00000,179.958,-0.007,3
99.0000,0.13612,0.98339,-0.00114,0.15030,1.00000,179.958,-0.007,3
99.0520,0.12832,0.98339,-0.00114,0.14250,1.00000,179.958,-0.007,3
99.1040,0.12051,0.98339,-0.00114,0.13470,1.00000,179.958,-0.007,3
99.1560,0.11271,0.98339,-0.00114,0.12690,1.00000,179.958,-0.007,3
99.2080,0.10490,0.98339,-0.00114,0.11910,1.00000,179.958,-0.007,3
99.2600,0.09710,0.98339,-0.00114,0.11130,1.00000,179.958,-0.007,3
99.3120,0.08929,0.98339,-0.00114,0.10350,1.00000,179.958,-0.007,3
99.3640,0.08149,0.98339,-0.00114,0.09570,1.00000,179.958,-0.007,3
99.4160,0.07369,0.98339,-0.00114,0.08790,1.00000,179.958,-0.007,3
99.4680,0.06588,0.98339,-0.00114,0.08010,1.00000,179.958,-0.007,3
99.5200,0.05808,0.98340,-0.00114,0.07230,1.00000,179.958,-0.007,3
99.5720,0.05028,0.98340,-0.00114,0.06450,1.00000,179.958,-0.007,3
99.6240,0.04247,0.98340,-0.00114,0.05670,1.00000,179.958,-0.007,3
99.6760,0.03467,0.98340,-0.00114,0.04890,1.00000,179.958,-0.007,3
99.7280,0.02687,0.98340,-0.00114,0.04110,1.00000,179.958,-0.007,3
99.7800,0.01907,0.98340,-0.00114,0.03330,1.00000,179.958,-0.007,3
99.8320,0.01127,0.98340,-0.00114,0.02550,1.00000,179.958,-0.007,3
99.8840,0.00346,0.98340,-0.00114,0.01770,1.00000,179.958,-0.007,3
99.9360,-0.00434,0.98340,-0.00114,0.00990,1.00000,179.958,-0.007,3
99.9880,-0.01214,0.98340,-0.00114,0.00210,1.00000,179.958,-0.007,3
100.0400,-0.01994,0.98339,-0.00114,0.00000,0.99430,179.958,-0.007,3
100.0920,-0.02730,0.98308,-0.00114,0.00000,0.98650,-179.390,0.001,3
100.1440,-0.03332,0.98183,-0.00114,0.00000,0.97870,-176.795,0.015,3
100.1960,-0.03798,0.97967,-0.00113,0.00000,0.97090,-172.992,0.010,3
100.2480,-0.04147,0.97685,-0.00113,0.00000,0.96310,-169.051,0.005,3
100.3000,-0.04398,0.97348,-0.00112,0.00000,0.95530,-165.224,0.001,3
100.3520,-0.04570,0.96961,-0.00112,0.00000,0.94750,-161.520,-0.001,3
100.4040,-0.04683,0.96527,-0.00112,0.00000,0.93970,-157.916,-0.003,3
100.4560,-0.04749,0.96048,-0.00112,0.00000,0.93190,-154.390,-0.003,3
100.5080,-0.04783,0.95525,-0.00111,0.00000,0.92410,-150.930,-0.003,3
100.5600,-0.04793,0.94959,-0.00111,0.00000,0.91630,-147.521,-0.002,3
100.6120,-0.04788,0.94351,-0.00111,0.00000,0.90850,-144.157,-0.001,3
100.6640,-0.04774,0.93702,-0.00111,0.00000,0.90070,-140.828,-0.001,3
100.7160,-0.04756,0.93012,-0.00111,0.00000,0.89290,-137.529,0.000,3
100.7680,-0.04736,0.92283,-0.00111,0.00000,0.88510,-134.256,0.001,3
100.8200,-0.04717,0.91515,-0.00111,0.00000,0.87730,-131.004,0.001,3
100.8720,-0.04701,0.90710,-0.00111,0.00000,0.86950,-127.771,0.001,3
100.9240,-0.04688,0.89869,-0.00111,0.00000,0.86170,-124.552,0.001,3
100.9760,-0.04677,0.88993,-0.00111,0.00000,0.85390,-121.346,-0.000,3
101.0280,-0.04669,0.88085,-0.00111,0.00000,0.84610,-118.149,-0.001,3
101.0800,-0.04661,0.87146,-0.00111,0.00000,0.83830,-114.958,-0.002,3
101.1320,-0.04652,0.86178,-0.00111,0.00000,0.83050,-111.771,-0.003,3
101.1840,-0.04640,0.85183,-0.00111,0.00000,0.82270,-108.586,-0.005,3
101.2360,-0.04624,0.84165,-0.00111,0.00000,0.81490,-105.398,-0.006,3
101.2880,-0.04601,0.83124,-0.00111,0.00000,0.80710,-102.204,-0.008,3
101.3400,-0.04569,0.82066,-0.00111,0.00000,0.79930,-99.003,-0.009,3
101.3920,-0.04526,0.80992,-0.00111,0.00000,0.79150,-95.803,-0.011,3
101.4440,-0.04470,0.79908,-0.00112,0.00000,0.78370,-92.771,-0.013,3
101.4960,-0.04400,0.78820,-0.00112,0.00000,0.77590,-90.865,-0.014,3
101.5480,-0.04319,0.77743,-0.00112,0.00000,0.76810,-90.500,-0.015,3
101.6000,-0.04230,0.76681,-0.00112,0.00000,0.76030,-90.440,-0.016,3
101.6520,-0.04136,0.75636,-0.00112,0.00000,0.75250,-90.360,-0.017,3
101.7040,-0.04037,0.74608,-0.00112,0.00000,0.74470,-90.286,-0.017,3
101.7560,-0.03935,0.73598,-0.00112,0.00000,0.73690,-90.225,-0.018,3
101.8080,-0.03831,0.72606,-0.00112,0.00000,0.72910,-90.176,-0.018,3
101.8600,-0.03727,0.71632,-0.00112,0.00000,0.72130,-90.135,-0.018,3
101.9120,-0.03623,0.70675,-0.00112,0.00000,0.71350,-90.103,-0.018,3
101.9640,-0.03519,0.69736,-0.00112,0.00000,0.70570,-90.077,-0.018,3
102.0160,-0.03418,0.68813,-0.00112,0.00000,0.69790,-90.055,-0.018,3
102.0680,-0.03319,0.67906,-0.00113,0.00000,0.69010,-90.038,-0.018,3
102.1200,-0.03222,0.67014,-0.00113,0.00000,0.68230,-90.023,-0.018,3
102.1720,-0.03129,0.66136,-0.00113,0.00000,0.67450,-90.012,-0.017,3
102.2240,-0.03039,0.65272,-0.00113,0.00000,0.66670,-90.002,-0.017,3
102.2760,-0.02953,0.64421,-0.00113,0.00000,0.65890,-89.994,-0.017,3
102.3280,-0.02870,0.63581,-0.00113,0.00000,0.65110,-89.988,-0.016,3
102.3800,-0.02792,0.62751,-0.00113,0.00000,0.64330,-89.983,-0.016,3
102.4320,-0.02717,0.61932,-0.00113,0.00000,0.63550,-89.978,-0.015,3
102.4840,-0.02647,0.61121,-0.00113,0.00000,0.62770,-89.975,-0.015,3
102.5360,-0.02581,0.60318,-0.00113,0.00000,0.61990,-89.972,-0.014,3
102.5880,-0.02519,0.59522,-0.00113,0.00000,0.61210,-89.970,-0.014,3
102.6400,-0.02460,0.58733,-0.00113,0.00000,0.60430,-89.968,-0.014,3
102.6920,-0.02406,0.57949,-0.00113,0.00000,0.59650,-89.967,-0.013,3
102.7440,-0.02355,0.57170,-0.00113,0.00000,0.58870,-89.965,-0.013,3
102.7960,-0.02308,0.56395,-0.00113,0.00000,0.58090,-89.965,-0.012,3
102.8480,-0.02265,0.55623,-0.00113,0.00000,0.57310,-89.964,-0.012,3
102.9000,-0.02225,0.54855,-0.00113,0.00000,0.56530,-89.963,-0.012,3
102.9520,-0.02188,0.54088,-0.00113,0.00000,0.55750,-89.963,-0.011,3
103.0040,-0.02154,0.53324,-0.00113,0.00000,0.54970,-89.963,-0.011,3
103.0560,-0.02123,0.52561,-0.00114,0.00000,0.54190,-89.963,-0.011,3
103.1080,-0.02095,0.51799,-0.00114,0.00000,0.53410,-89.963,-0.011,3
103.1600,-0.02069,0.51038,-0.00114,0.00000,0.52630,-89.963,-0.010,3
103.2120,-0.02046,0.50277,-0.00114,0.00000,0.51850,-89.963,-0.010,3
103.2640,-0.02025,0.49516,-0.00114,0.00000,0.51070,-89.963,-0.010,3
103.3160,-0.02006,0.48755,-0.00114,0.00000,0.50290,-89.964,-0.010,3
103.3680,-0.01990,0.47994,-0.00114,0.00000,0.49510,-89.964,-0.010,3
103.4200,-0.01975,0.47232,-0.00114,0.00000,0.48730,-89.964,-0.010,3
103.4720,-0.01961,0.46470,-0.00114,0.00000,0.47950,-89.965,-0.009,3
103.5240,-0.01950,0.45707,-0.00114,0.00000,0.47170,-89.965,-0.009,3
103.5760,-0.01940,0.44943,-0.00114,0.00000,0.46390,-89.966,-0.009,3
103.6280,-0.01931,0.44178,-0.00114,0.00000,0.45610,-89.966,-0.009,3
103.6800,-0.01923,0.43413,-0.00114,0.00000,0.44830,-89.966,-0.009,3
103.7320,-0.01917,0.42646,-0.00114,0.00000,0.44050,-89.967,-0.009,3
103.7840,-0.01911,0.41878,-0.00114,0.00000,0.43270,-89.967,-0.009,3
103.8360,-0.01906,0.41109,-0.00114,0.00000,0.42490,-89.968,-0.009,3
103.8880,-0.01903,0.40340,-0.00114,0.00000,0.41710,-89.968,-0.009,3
103.9400,-0.01900,0.39569,-0.00114,0.00000,0.40930,-89.968,-0.009,3
103.9920,-0.01897,0.38797,-0.00114,0.00000,0.40150,-89.969,-0.009,3
104.0440,-0.01895,0.38025,-0.00114,0.00000,0.39370,-89.969,-0.009,3
104.0960,-0.01894,0.37252,-0.00114,0.00000,0.38590,-89.970,-0.009,3
104.1480,-0.01893,0.36477,-0.00114,0.00000,0.37810,-89.970,-0.009,3
104.2000,-0.01893,0.35702,-0.00114,0.00000,0.37030,-89.970,-0.009,3
104.2520,-0.01893,0.34927,-0.00114,0.00000,0.36250,-89.970,-0.009,3
104.3040,-0.01893,0.34150,-0.00114,0.00000,0.35470,-89.971,-0.009,3
104.3560,-0.01893,0.33373,-0.00114,0.00000,0.34690,-89.971,-0.009,3
104.4080,-0.01894,0.32596,-0.00114,0.00000,0.33910,-89.971,-0.009,3
104.4600,-0.01895,0.31818,-0.00114,0.00000,0.33130,-89.971,-0.009,3
104.5120,-0.01896,0.31039,-0.00114,0.00000,0.32350,-89.971,-0.009,3
104.5640,-0.01897,0.30260,-0.00114,0.00000,0.31570,-89.972,-0.009,3
104.6160,-0.01898,0.29481,-0.00114,0.00000,0.30790,-89.972,-0.009,3
104.6680,-0.01899,0.28702,-0.00114,0.00000,0.30010,-89.972,-0.009,3
104.7200,-0.01901,0.27922,-0.00114,0.00000,0.29230,-89.972,-0.009,3
104.7720,-0.01902,0.27141,-0.00114,0.00000,0.28450,-89.972,-0.009,3
104.8240,-0.01903,0.26361,-0.00114,0.00000,0.27670,-89.972,-0.009,3
104.8760,-0.01905,0.25581,-0.00114,0.00000,0.26890,-89.972,-0.009,3
104.9280,-0.01906,0.24800,-0.00114,0.00000,0.26110,-89.972,-0.009,3
104.9800,-0.01908,0.24019,-0.00114,0.00000,0.25330,-89.972,-0.009,3
105.0320,-0.01909,0.23238,-0.00114,0.00000,0.24550,-89.972,-0.009,3
105.0840,-0.01910,0.22457,-0.00114,0.00000,0.23770,-89.972,-0.009,3
105.1360,-0.01912,0.21676,-0.00114,0.00000,0.22990,-89.972,-0.009,3
105.1880,-0.01913,0.20895,-0.00114,0.00000,0.22210,-89.972,-0.009,3
105.2400,-0.01914,0.20114,-0.00114,0.00000,0.21430,-89.972,-0.009,3
105.2920,-0.01915,0.19333,-0.00114,0.00000,0.20650,-89.972,-0.009,3
105.3440,-0.01916,0.18552,-0.00114,0.00000,0.19870,-89.972,-0.009,3
105.3960,-0.01917,0.17771,-0.00114,0.00000,0.19090,-89.972,-0.009,3
105.4480,-0.01918,0.16990,-0.00114,0.00000,0.18310,-89.972,-0.010,3
105.5000,-0.01919,0.16209,-0.00114,0.00000,0.17530,-89.972,-0.010,3
105.5520,-0.01920,0.15428,-0.00114,0.00000,0.16750,-89.972,-0.010,3
105.6040,-0.01921,0.14647,-0.00114,0.00000,0.15970,-89.972,-0.010,3
105.6560,-0.01922,0.13867,-0.00114,0.00000,0.15190,-89.972,-0.010,3
105.7080,-0.01922,0.13086,-0.00114,0.00000,0.14410,-89.972,-0.010,3
105.7600,-0.01923,0.12305,-0.00114,0.00000,0.13630,-89.972,-0.010,3
105.8120,-0.01923,0.11524,-0.00114,0.00000,0.12850,-89.972,-0.010,3
105.8640,-0.01924,0.10744,-0.00114,0.00000,0.12070,-89.972,-0.010,3
105.9160,-0.01925,0.09963,-0.00114,0.00000,0.11290,-89.972,-0.010,3
105.9680,-0.01925,0.09183,-0.00114,0.00000,0.10510,-89.972,-0.010,3
106.0200,-0.01925,0.08402,-0.00114,0.00000,0.09730,-89.972,-0.010,3
106.0720,-0.01926,0.07622,-0.00114,0.00000,0.08950,-89.972,-0.010,3
106.1240,-0.01926,0.06842,-0.00114,0.00000,0.08170,-89.972,-0.010,3
106.1760,-0.01927,0.06061,-0.00114,0.00000,0.07390,-89.972,-0.010,3
106.2280,-0.01927,0.05281,-0.00114,0.00000,0.06610,-89.972,-0.010,3
106.2800,-0.01927,0.04501,-0.00114,0.00000,0.05830,-89.972,-0.010,3
106.3320,-0.01927,0.03721,-0.00114,0.00000,0.05050,-89.972,-0.010,3
106.3840,-0.01928,0.02940,-0.00114,0.00000,0.04270,-89.972,-0.010,3
106.4360,-0.01928,0.02160,-0.00114,0.00000,0.03490,-89.972,-0.010,3
106.4880,-0.01928,0.01380,-0.00114,0.00000,0.02710,-89.972,-0.010,3
106.5400,-0.01928,0.00600,-0.00114,0.00000,0.01930,-89.972,-0.010,3
106.5920,-0.01928,-0.00180,-0.00114,0.00000,0.01150,-89.972,-0.010,3
106.6440,-0.01928,-0.00960,-0.00114,0.00000,0.00370,-89.972,-0.010,3
106.6960,-0.01928,-0.01740,-0.00114,0.00410,0.00000,-89.972,-0.010,4
106.7480,-0.01889,-0.02465,-0.00114,0.01190,0.00000,-89.118,0.001,4
106.8000,-0.01761,-0.03075,-0.00114,0.01970,0.00000,-86.326,0.012,4
106.8520,-0.01550,-0.03585,-0.00113,0.02750,0.00000,-82.564,0.006,4
106.9040,-0.01268,-0.04010,-0.00113,0.03530,0.00000,-78.773,-0.001,4
106.9560,-0.00919,-0.04362,-0.00113,0.04310,0.00000,-75.084,-0.006,4
107.0080,-0.00509,-0.04655,-0.00113,0.05090,0.00000,-71.496,-0.009,4
107.0600,-0.00042,-0.04900,-0.00112,0.05870,0.00000,-67.992,-0.012,4
107.1120,0.00480,-0.05106,-0.00112,0.06650,0.00000,-64.556,-0.014,4
107.1640,0.01054,-0.05282,-0.00112,0.07430,0.00000,-61.178,-0.015,4
107.2160,0.01680,-0.05434,-0.00112,0.08210,0.00000,-57.848,-0.017,4
107.2680,0.02355,-0.05566,-0.00112,0.08990,0.00000,-54.559,-0.018,4
107.3200,0.03077,-0.05683,-0.00112,0.09770,0.00000,-51.305,-0.019,4
107.3720,0.03847,-0.05786,-0.00112,0.10550,0.00000,-48.081,-0.020,4
107.4240,0.04660,-0.05877,-0.00112,0.11330,0.00000,-44.881,-0.022,4
107.4760,0.05516,-0.05955,-0.00112,0.12110,0.00000,-41.704,-0.024,4
107.5280,0.06411,-0.06019,-0.00112,0.12890,0.00000,-38.544,-0.025,4
107.5800,0.07344,-0.06069,-0.00112,0.13670,0.00000,-35.400,-0.027,4
107.6320,0.08309,-0.06102,-0.00112,0.14450,0.00000,-32.269,-0.030,4
107.6840,0.09304,-0.06116,-0.00112,0.15230,0.00000,-29.148,-0.032,4
107.7360,0.10324,-0.06109,-0.00112,0.16010,0.00000,-26.037,-0.034,4
107.7880,0.11365,-0.06080,-0.00112,0.16790,0.00000,-22.933,-0.037,4
107.8400,0.12423,-0.06027,-0.00112,0.17570,0.00000,-19.836,-0.039,4
107.8920,0.13492,-0.05948,-0.00111,0.18350,0.00000,-16.744,-0.042,4
107.9440,0.14567,-0.05842,-0.00111,0.19130,0.00000,-13.656,-0.044,4
107.9960,0.15645,-0.05709,-0.00111,0.19910,0.00000,-10.574,-0.046,4
108.0480,0.16720,-0.05548,-0.00111,0.20690,0.00000,-7.497,-0.048,4
108.1000,0.17787,-0.05361,-0.00111,0.21470,0.00000,-4.446,-0.050,4
108.1520,0.18841,-0.05148,-0.00111,0.22250,0.00000,-1.649,-0.052,4
108.2040,0.19874,-0.04916,-0.00111,0.23030,0.00000,-0.289,-0.053,4
108.2560,0.20874,-0.04684,-0.00110,0.23810,0.00000,-0.203,-0.055,4
108.3080,0.21842,-0.04461,-0.00110,0.24590,0.00000,-0.265,-0.056,4
108.3600,0.22781,-0.04246,-0.00110,0.25370,0.00000,-0.284,-0.057,4
108.4120,0.23694,-0.04040,-0.00110,0.26150,0.00000,-0.293,-0.057,4
108.4640,0.24585,-0.03844,-0.00110,0.26930,0.00000,-0.300,-0.057,4
108.5160,0.25456,-0.03658,-0.00110,0.27710,0.00000,-0.306,-0.057,4
108.5680,0.26309,-0.03482,-0.00110,0.28490,0.00000,-0.310,-0.057,4
108.6200,0.27146,-0.03316,-0.00110,0.29270,0.00000,-0.313,-0.057,4
108.6720,0.27970,-0.03160,-0.00110,0.30050,0.00000,-0.315,-0.057,4
108.7240,0.28781,-0.03014,-0.00110,0.30830,0.00000,-0.316,-0.056,4
108.7760,0.29583,-0.02877,-0.00110,0.31610,0.00000,-0.317,-0.056,4
108.8280,0.30376,-0.02749,-0.00110,0.32390,0.00000,-0.318,-0.055,4
108.8800,0.31162,-0.02631,-0.00110,0.33170,0.00000,-0.317,-0.055,4
108.9320,0.31942,-0.02522,-0.00110,0.33950,0.00000,-0.317,-0.054,4
108.9840,0.32716,-0.02420,-0.00111,0.34730,0.00000,-0.317,-0.054,4
109.0360,0.33486,-0.02327,-0.00111,0.35510,0.00000,-0.316,-0.053,4
109.0880,0.34253,-0.02242,-0.00111,0.36290,0.00000,-0.315,-0.053,4
109.1400,0.35017,-0.02164,-0.00111,0.37070,0.00000,-0.314,-0.053,4
109.1920,0.35779,-0.02093,-0.00111,0.37850,0.00000,-0.313,-0.052,4
109.2440,0.36540,-0.02028,-0.00111,0.38630,0.00000,-0.312,-0.052,4
109.2960,0.37300,-0.01970,-0.00111,0.39410,0.00000,-0.311,-0.052,4
109.3480,0.38059,-0.01917,-0.00111,0.40190,0.00000,-0.310,-0.051,4
109.4000,0.38817,-0.01870,-0.00111,0.40970,0.00000,-0.310,-0.051,4
109.4520,0.39576,-0.01828,-0.00112,0.41750,0.00000,-0.309,-0.051,4
109.5040,0.40335,-0.01790,-0.00112,0.42530,0.00000,-0.308,-0.051,4
109.5560,0.41095,-0.01757,-0.00112,0.43310,0.00000,-0.307,-0.050,4
109.6080,0.41855,-0.01728,-0.00112,0.44090,0.00000,-0.306,-0.050,4
109.6600,0.42615,-0.01702,-0.00112,0.44870,0.00000,-0.305,-0.050,4
109.7120,0.43377,-0.01680,-0.00112,0.45650,0.00000,-0.305,-0.050,4
109.7640,0.44139,-0.01661,-0.00112,0.46430,0.00000,-0.304,-0.050,4
109.8160,0.44903,-0.01645,-0.00112,0.47210,0.00000,-0.304,-0.050,4
109.8680,0.45667,-0.01631,-0.00112,0.47990,0.00000,-0.303,-0.050,4
109.9200,0.46432,-0.01619,-0.00112,0.48770,0.00000,-0.302,-0.050,4
109.9720,0.47199,-0.01610,-0.00112,0.49550,0.00000,-0.302,-0.050,4
110.0240,0.47966,-0.01603,-0.00113,0.50330,0.00000,-0.302,-0.050,4
110.0760,0.48734,-0.01597,-0.00113,0.51110,0.00000,-0.301,-0.050,4
110.1280,0.49503,-0.01593,-0.00113,0.51890,0.00000,-0.301,-0.050,4
110.1800,0.50273,-0.01590,-0.00113,0.52670,0.00000,-0.300,-0.050,4
110.2320,0.51044,-0.01588,-0.00113,0.53450,0.00000,-0.300,-0.050,4
110.2840,0.51816,-0.01587,-0.00113,0.54230,0.00000,-0.300,-0.050,4
110.3360,0.52588,-0.01587,-0.00113,0.55010,0.00000,-0.299,-0.050,4
110.3880,0.53361,-0.01588,-0.00113,0.55790,0.00000,-0.299,-0.050,4
110.4400,0.54135,-0.01589,-0.00113,0.56570,0.00000,-0.299,-0.050,4
110.4920,0.54910,-0.01591,-0.00113,0.57350,0.00000,-0.299,-0.050,4
110.5440,0.55685,-0.01594,-0.00113,0.58130,0.00000,-0.298,-0.050,4
110.5960,0.56460,-0.01597,-0.00113,0.58910,0.00000,-0.298,-0.050,4
110.6480,0.57237,-0.01600,-0.00113,0.59690,0.00000,-0.298,-0.050,4
110.7000,0.58013,-0.01603,-0.00113,0.60470,0.00000,-0.298,-0.050,4
110.7520,0.58790,-0.01607,-0.00113,0.61250,0.00000,-0.298,-0.050,4
110.8040,0.59567,-0.01610,-0.00113,0.62030,0.00000,-0.298,-0.050,4
110.8560,0.60345,-0.01614,-0.00113,0.62810,0.00000,-0.297,-0.050,4
110.9080,0.61123,-0.01618,-0.00113,0.63590,0.00000,-0.297,-0.050,4
110.9600,0.61902,-0.01622,-0.00113,0.64370,0.00000,-0.297,-0.050,4
111.0120,0.62680,-0.01626,-0.00113,0.65150,0.00000,-0.297,-0.050,4
111.0640,0.63459,-0.01629,-0.00113,0.65930,0.00000,-0.297,-0.050,4
111.1160,0.64238,-0.01633,-0.00113,0.66710,0.00000,-0.297,-0.050,4
111.1680,0.65017,-0.01636,-0.00113,0.67490,0.00000,-0.297,-0.050,4
111.2200,0.65796,-0.01640,-0.00113,0.68270,0.00000,-0.297,-0.050,4
111.2720,0.66576,-0.01643,-0.00113,0.69050,0.00000,-0.297,-0.050,4
111.3240,0.67356,-0.01646,-0.00113,0.69830,0.00000,-0.297,-0.050,4
111.3760,0.68135,-0.01649,-0.00113,0.70610,0.00000,-0.297,-0.050,4
111.4280,0.68915,-0.01652,-0.00113,0.71390,0.00000,-0.297,-0.050,4
111.4800,0.69695,-0.01655,-0.00113,0.72170,0.00000,-0.297,-0.050,4
111.5320,0.70475,-0.01657,-0.00113,0.72950,0.00000,-0.297,-0.050,4
111.5840,0.71255,-0.01660,-0.00113,0.73730,0.00000,-0.297,-0.050,4
111.6360,0.72035,-0.01662,-0.00113,0.74510,0.00000,-0.297,-0.050,4
111.6880,0.72815,-0.01664,-0.00113,0.75290,0.00000,-0.297,-0.050,4
111.7400,0.73595,-0.01666,-0.00113,0.76070,0.00000,-0.297,-0.050,4
111.7920,0.74375,-0.01668,-0.00113,0.76850,0.00000,-0.297,-0.050,4
111.8440,0.75155,-0.01670,-0.00113,0.77630,0.00000,-0.297,-0.050,4
111.8960,0.75936,-0.01671,-0.00113,0.78410,0.00000,-0.297,-0.050,4
111.9480,0.76716,-0.01673,-0.00113,0.79190,0.00000,-0.297,-0.050,4
112.0000,0.77496,-0.01674,-0.00113,0.79970,0.00000,-0.297,-0.050,4
112.0520,0.78276,-0.01675,-0.00113,0.80750,0.00000,-0.297,-0.050,4
112.1040,0.79056,-0.01677,-0.00113,0.81530,0.00000,-0.297,-0.050,4
112.1560,0.79836,-0.01678,-0.00113,0.82310,0.00000,-0.297,-0.050,4
112.2080,0.80617,-0.01678,-0.00113,0.83090,0.00000,-0.297,-0.050,4
112.2600,0.81397,-0.01679,-0.00113,0.83870,0.00000,-0.297,-0.050,4
112.3120,0.82177,-0.01680,-0.00113,0.84650,0.00000,-0.297,-0.050,4
112.3640,0.82957,-0.01681,-0.00113,0.85430,0.00000,-0.297,-0.050,4
112.4160,0.83737,-0.01681,-0.00113,0.86210,0.00000,-0.297,-0.050,4
112.4680,0.84517,-0.01682,-0.00113,0.86990,0.00000,-0.297,-0.050,4
112.5200,0.85298,-0.01682,-0.00113,0.87770,0.00000,-0.297,-0.050,4
112.5720,0.86078,-0.01683,-0.00113,0.88550,0.00000,-0.297,-0.050,4
112.6240,0.86858,-0.01683,-0.00113,0.89330,0.00000,-0.297,-0.050,4
112.6760,0.87638,-0.01683,-0.00113,0.90110,0.00000,-0.297,-0.050,4
112.7280,0.88418,-0.01684,-0.00113,0.90890,0.00000,-0.297,-0.050,4
112.7800,0.89198,-0.01684,-0.00113,0.91670,0.00000,-0.297,-0.050,4
112.8320,0.89978,-0.01684,-0.00113,0.92450,0.00000,-0.297,-0.050,4
112.8840,0.90758,-0.01684,-0.00113,0.93230,0.00000,-0.297,-0.050,4
112.9360,0.91538,-0.01684,-0.00113,0.94010,0.00000,-0.297,-0.050,4
112.9880,0.92318,-0.01684,-0.00113,0.94790,0.00000,-0.297,-0.050,4
113.0400,0.93099,-0.01685,-0.00113,0.95570,0.00000,-0.297,-0.050,4
113.0920,0.93879,-0.01685,-0.00113,0.96350,0.00000,-0.297,-0.050,4
113.1440,0.94659,-0.01685,-0.00113,0.97130,0.00000,-0.297,-0.050,4
113.1960,0.95439,-0.01685,-0.00113,0.97910,0.00000,-0.297,-0.050,4
113.2480,0.96219,-0.01685,-0.00113,0.98690,0.00000,-0.297,-0.050,4
113.3000,0.96999,-0.01685,-0.00113,0.99470,0.00000,-0.297,-0.050,4
113.3520,0.97779,-0.01685,-0.00113,1.00000,0.00250,-0.297,-0.050,4
113.4040,0.98491,-0.01636,-0.00113,1.00000,0.01030,0.756,-0.037,4
113.4560,0.99091,-0.01490,-0.00113,1.00000,0.01810,3.649,-0.028,4
113.5080,0.99596,-0.01240,-0.00113,1.00000,0.02590,7.301,-0.034,4
113.5600,1.00016,-0.00896,-0.00113,1.00000,0.03370,10.965,-0.040,4
113.6120,1.00361,-0.00466,-0.00112,1.00000,0.04150,14.543,-0.043,4
113.6640,1.00639,0.00039,-0.00112,1.00000,0.04930,18.039,-0.046,4
113.7160,1.00859,0.00613,-0.00112,1.00000,0.05710,21.468,-0.047,4
113.7680,1.01029,0.01248,-0.00112,1.00000,0.06490,24.843,-0.048,4
113.8200,1.01152,0.01939,-0.00112,1.00000,0.07270,28.173,-0.049,4
113.8720,1.01236,0.02680,-0.00112,1.00000,0.08050,31.467,-0.049,4
113.9240,1.01283,0.03464,-0.00112,1.00000,0.08830,34.731,-0.049,4
113.9760,1.01298,0.04288,-0.00112,1.00000,0.09610,37.971,-0.049,4
114.0280,1.01282,0.05147,-0.00112,1.00000,0.10390,41.191,-0.050,4
114.0800,1.01239,0.06035,-0.00112,1.00000,0.11170,44.396,-0.050,4
114.1320,1.01171,0.06947,-0.00112,1.00000,0.11950,47.589,-0.050,4
114.1840,1.01079,0.07880,-0.00112,1.00000,0.12730,50.772,-0.050,4
114.2360,1.00964,0.08828,-0.00112,1.00000,0.13510,53.947,-0.051,4
114.2880,1.00829,0.09787,-0.00112,1.00000,0.14290,57.118,-0.051,4
114.3400,1.00675,0.10753,-0.00112,1.00000,0.15070,60.284,-0.052,4
114.3920,1.00504,0.11722,-0.00112,1.00000,0.15850,63.449,-0.052,4
114.4440,1.00318,0.12689,-0.00112,1.00000,0.16630,66.612,-0.053,4
114.4960,1.00119,0.13652,-0.00112,1.00000,0.17410,69.775,-0.053,4
114.5480,0.99909,0.14607,-0.00112,1.00000,0.18190,72.940,-0.053,4
114.6000,0.99690,0.15551,-0.00112,1.00000,0.18970,76.107,-0.054,4
114.6520,0.99465,0.16482,-0.00112,1.00000,0.19750,79.277,-0.054,4
114.7040,0.99235,0.17398,-0.00112,1.00000,0.20530,82.449,-0.054,4
114.7560,0.99002,0.18298,-0.00112,1.00000,0.21310,85.600,-0.053,4
114.8080,0.98769,0.19180,-0.00112,1.00000,0.22090,88.448,-0.053,4
114.8600,0.98543,0.20049,-0.00112,1.00000,0.22870,89.760,-0.053,4
114.9120,0.98338,0.20910,-0.00112,1.00000,0.23650,89.951,-0.053,4
114.9640,0.98157,0.21764,-0.00112,1.00000,0.24430,89.978,-0.053,4
115.0160,0.98001,0.22611,-0.00112,1.00000,0.25210,90.024,-0.053,4
115.0680,0.97865,0.23452,-0.00112,1.00000,0.25990,90.068,-0.053,4
115.1200,0.97750,0.24286,-0.00112,1.00000,0.26770,90.104,-0.053,4
115.1720,0.97653,0.25115,-0.00112,1.00000,0.27550,90.135,-0.053,4
115.2240,0.97572,0.25939,-0.00112,1.00000,0.28330,90.160,-0.052,4
115.2760,0.97506,0.26758,-0.00112,1.00000,0.29110,90.181,-0.052,4
115.3280,0.97454,0.27573,-0.00113,1.00000,0.29890,90.199,-0.052,4
115.3800,0.97413,0.28384,-0.00113,1.00000,0.30670,90.214,-0.051,4
115.4320,0.97383,0.29191,-0.00113,1.00000,0.31450,90.227,-0.051,4
115.4840,0.97363,0.29994,-0.00113,1.00000,0.32230,90.238,-0.051,4
115.5360,0.97351,0.30795,-0.00113,1.00000,0.33010,90.247,-0.051,4
115.5880,0.97346,0.31592,-0.00113,1.00000,0.33790,90.255,-0.050,4
115.6400,0.97347,0.32387,-0.00113,1.00000,0.34570,90.261,-0.050,4
115.6920,0.97354,0.33180,-0.00113,1.00000,0.35350,90.267,-0.050,4
115.7440,0.97365,0.33971,-0.00113,1.00000,0.36130,90.272,-0.050,4
115.7960,0.97380,0.34760,-0.00113,1.00000,0.36910,90.277,-0.050,4
115.8480,0.97399,0.35548,-0.00113,1.00000,0.37690,90.280,-0.049,4
115.9000,0.97420,0.36334,-0.00113,1.00000,0.38470,90.284,-0.049,4
115.9520,0.97443,0.37119,-0.00113,1.00000,0.39250,90.287,-0.049,4
116.0040,0.97467,0.37903,-0.00113,1.00000,0.40030,90.289,-0.049,4
116.0560,0.97493,0.38685,-0.00113,1.00000,0.40810,90.292,-0.049,4
116.1080,0.97520,0.39467,-0.00113,1.00000,0.41590,90.294,-0.049,4
116.1600,0.97547,0.40249,-0.00113,1.00000,0.42370,90.296,-0.049,4
116.2120,0.97574,0.41030,-0.00113,1.00000,0.43150,90.297,-0.048,4
116.2640,0.97602,0.41810,-0.00113,1.00000,0.43930,90.299,-0.048,4
116.3160,0.97629,0.42590,-0.00113,1.00000,0.44710,90.300,-0.048,4
116.3680,0.97656,0.43369,-0.00113,1.00000,0.45490,90.301,-0.048,4
116.4200,0.97682,0.44148,-0.00113,1.00000,0.46270,90.302,-0.048,4
116.4720,0.97707,0.44927,-0.00113,1.00000,0.47050,90.303,-0.048,4
116.5240,0.97731,0.45706,-0.00113,1.00000,0.47830,90.304,-0.048,4
116.5760,0.97755,0.46484,-0.00113,1.00000,0.48610,90.305,-0.048,4
116.6280,0.97778,0.47263,-0.00113,1.00000,0.49390,90.305,-0.048,4
116.6800,0.97799,0.48042,-0.00113,1.00000,0.50170,90.306,-0.048,4
116.7320,0.97820,0.48820,-0.00113,1.00000,0.50950,90.307,-0.048,4
116.7840,0.97840,0.49598,-0.00113,1.00000,0.51730,90.307,-0.048,4
116.8360,0.97858,0.50377,-0.00113,1.00000,0.52510,90.308,-0.048,4
116.8880,0.97876,0.51155,-0.00113,1.00000,0.53290,90.308,-0.048,4
116.9400,0.97892,0.51934,-0.00113,1.00000,0.54070,90.308,-0.048,4
116.9920,0.97907,0.52712,-0.00113,1.00000,0.54850,90.309,-0.048,4
117.0440,0.97922,0.53491,-0.00113,1.00000,0.55630,90.309,-0.048,4
117.0960,0.97935,0.54270,-0.00113,1.00000,0.56410,90.309,-0.048,4
117.1480,0.97947,0.55049,-0.00113,1.00000,0.57190,90.309,-0.048,4
117.2000,0.97959,0.55827,-0.00113,1.00000,0.57970,90.309,-0.048,4
117.2520,0.97969,0.56606,-0.00113,1.00000,0.58750,90.310,-0.048,4
117.3040,0.97979,0.57385,-0.00113,1.00000,0.59530,90.310,-0.048,4
117.3560,0.97988,0.58164,-0.00113,1.00000,0.60310,90.310,-0.048,4
117.4080,0.97996,0.58944,-0.00113,1.00000,0.61090,90.310,-0.048,4
117.4600,0.98003,0.59723,-0.00113,1.00000,0.61870,90.310,-0.048,4
117.5120,0.98010,0.60502,-0.00113,1.00000,0.62650,90.310,-0.048,4
117.5640,0.98016,0.61281,-0.00113,1.00000,0.63430,90.310,-0.048,4
117.6160,0.98022,0.62061,-0.00113,1.00000,0.64210,90.310,-0.048,4
117.6680,0.98027,0.62840,-0.00113,1.00000,0.64990,90.310,-0.048,4
117.7200,0.98031,0.63620,-0.00113,1.00000,0.65770,90.310,-0.048,4
117.7720,0.98035,0.64399,-0.00113,1.00000,0.66550,90.310,-0.048,4
117.8240,0.98038,0.65179,-0.00113,1.00000,0.67330,90.310,-0.048,4
117.8760,0.98041,0.65959,-0.00113,1.00000,0.68110,90.310,-0.048,4
117.9280,0.98044,0.66738,-0.00113,1.00000,0.68890,90.310,-0.048,4
117.9800,0.98047,0.67518,-0.00113,1.00000,0.69670,90.310,-0.048,4
118.0320,0.98049,0.68298,-0.00113,1.00000,0.70450,90.310,-0.048,4
118.0840,0.98050,0.69078,-0.00113,1.00000,0.71230,90.310,-0.048,4
118.1360,0.98052,0.69857,-0.00113,1.00000,0.72010,90.310,-0.048,4
118.1880,0.98053,0.70637,-0.00113,1.00000,0.72790,90.310,-0.048,4
118.2400,0.98054,0.71417,-0.00113,1.00000,0.73570,90.310,-0.048,4
118.2920,0.98055,0.72197,-0.00113,1.00000,0.74350,90.310,-0.048,4
118.3440,0.98055,0.72977,-0.00113,1.00000,0.75130,90.310,-0.048,4
118.3960,0.98056,0.73757,-0.00113,1.00000,0.75910,90.310,-0.048,4
118.4480,0.98056,0.74537,-0.00113,1.00000,0.76690,90.310,-0.048,4
118.5000,0.98057,0.75317,-0.00113,1.00000,0.77470,90.310,-0.048,4
118.5520,0.98057,0.76097,-0.00113,1.00000,0.78250,90.310,-0.048,4
118.6040,0.98057,0.76877,-0.00113,1.00000,0.79030,90.310,-0.048,4
118.6560,0.98057,0.77657,-0.00113,1.00000,0.79810,90.310,-0.048,4
118.7080,0.98057,0.78437,-0.00113,1.00000,0.80590,90.309,-0.048,4
118.7600,0.98056,0.79217,-0.00113,1.00000,0.81370,90.309,-0.048,4
118.8120,0.98056,0.79997,-0.00113,1.00000,0.82150,90.309,-0.048,4
118.8640,0.98056,0.80777,-0.00113,1.00000,0.82930,90.309,-0.048,4
118.9160,0.98056,0.81557,-0.00113,1.00000,0.83710,90.309,-0.048,4
118.9680,0.98055,0.82337,-0.00113,1.00000,0.84490,90.309,-0.048,4
119.0200,0.98055,0.83117,-0.00113,1.00000,0.85270,90.309,-0.048,4
119.0720,0.98055,0.83897,-0.00113,1.00000,0.86050,90.309,-0.048,4
119.1240,0.98054,0.84677,-0.00113,1.00000,0.86830,90.309,-0.048,4
119.1760,0.98054,0.85457,-0.00113,1.00000,0.87610,90.309,-0.048,4
119.2280,0.98054,0.86237,-0.00113,1.00000,0.88390,90.309,-0.048,4
119.2800,0.98053,0.87017,-0.00113,1.00000,0.89170,90.309,-0.048,4
119.3320,0.98053,0.87797,-0.00113,1.00000,0.89950,90.309,-0.048,4
119.3840,0.98053,0.88577,-0.00113,1.00000,0.90730,90.309,-0.048,4
119.4360,0.98052,0.89357,-0.00113,1.00000,0.91510,90.309,-0.048,4
119.4880,0.98052,0.90137,-0.00113,1.00000,0.92290,90.309,-0.048,4
119.5400,0.98052,0.90917,-0.00113,1.00000,0.93070,90.309,-0.048,4
119.5920,0.98051,0.91697,-0.00113,1.00000,0.93850,90.309,-0.048,4
119.6440,0.98051,0.92477,-0.00113,1.00000,0.94630,90.309,-0.048,4
119.6960,0.98051,0.93257,-0.00113,1.00000,0.95410,90.309,-0.048,4
119.7480,0.98050,0.94037,-0.00113,1.00000,0.96190,90.309,-0.048,4
119.8000,0.98050,0.94817,-0.00113,1.00000,0.96970,90.309,-0.048,4
119.8520,0.98050,0.95597,-0.00113,1.00000,0.97750,90.309,-0.048,4
119.9040,0.98050,0.96377,-0.00113,1.00000,0.98530,90.309,-0.048,4
119.9560,0.98049,0.97157,-0.00113,1.00000,0.99310,90.309,-0.048,4
120.0080,0.98049,0.97937,-0.00113,0.99910,1.00000,90.309,-0.048,4
120.0600,0.98047,0.98714,-0.00113,0.99130,1.00000,90.339,-0.047,4
120.1120,0.97983,0.99395,-0.00113,0.98350,1.00000,91.779,-0.031,4
120.1640,0.97816,0.99939,-0.00113,0.97570,1.00000,95.097,-0.025,4
120.2160,0.97549,1.00355,-0.00113,0.96790,1.00000,99.016,-0.031,4
120.2680,0.97195,1.00661,-0.00113,0.96010,1.00000,102.886,-0.036,4
120.3200,0.96767,1.00876,-0.00113,0.95230,1.00000,106.625,-0.038,4
120.3720,0.96274,1.01016,-0.00113,0.94450,1.00000,110.249,-0.039,4
120.4240,0.95725,1.01096,-0.00113,0.93670,1.00000,113.781,-0.038,4
120.4760,0.95127,1.01127,-0.00113,0.92890,1.00000,117.237,-0.037,4
120.5280,0.94484,1.01119,-0.00113,0.92110,1.00000,120.634,-0.035,4
120.5800,0.93801,1.01083,-0.00113,0.91330,1.00000,123.982,-0.034,4
120.6320,0.93083,1.01023,-0.00113,0.90550,1.00000,127.290,-0.032,4
120.6840,0.92332,1.00948,-0.00113,0.89770,1.00000,130.566,-0.030,4
120.7360,0.91552,1.00860,-0.00113,0.88990,1.00000,133.816,-0.028,4
120.7880,0.90746,1.00765,-0.00113,0.88210,1.00000,137.046,-0.026,4
120.8400,0.89917,1.00664,-0.00113,0.87430,1.00000,140.259,-0.024,4
120.8920,0.89067,1.00561,-0.00113,0.86650,1.00000,143.459,-0.023,4
120.9440,0.88200,1.00457,-0.00113,0.85870,1.00000,146.649,-0.022,4
120.9960,0.87317,1.00353,-0.00113,0.85090,1.00000,149.832,-0.021,4
121.0480,0.86421,1.00249,-0.00114,0.84310,1.00000,153.010,-0.020,4
121.1000,0.85515,1.00148,-0.00114,0.83530,1.00000,156.187,-0.019,4
121.1520,0.84601,1.00048,-0.00114,0.82750,1.00000,159.365,-0.019,4
121.2040,0.83681,0.99950,-0.00114,0.81970,1.00000,162.546,-0.018,4
121.2560,0.82757,0.99854,-0.00114,0.81190,1.00000,165.734,-0.018,4
121.3080,0.81832,0.99760,-0.00114,0.80410,1.00000,168.930,-0.018,4
121.3600,0.80907,0.99667,-0.00114,0.79630,1.00000,172.137,-0.017,4
121.4120,0.79983,0.99576,-0.00114,0.78850,1.00000,175.324,-0.017,4
121.4640,0.79062,0.99486,-0.00114,0.78070,1.00000,178.142,-0.016,4
121.5160,0.78140,0.99398,-0.00114,0.77290,1.00000,179.282,-0.016,4
121.5680,0.77213,0.99314,-0.00114,0.76510,1.00000,179.467,-0.016,4
121.6200,0.76282,0.99234,-0.00114,0.75730,1.00000,179.542,-0.016,4
121.6720,0.75350,0.99158,-0.00114,0.74950,1.00000,179.624,-0.015,4
121.7240,0.74419,0.99085,-0.00114,0.74170,1.00000,179.696,-0.015,4
121.7760,0.73490,0.99017,-0.00114,0.73390,1.00000,179.753,-0.015,4
121.8280,0.72564,0.98953,-0.00114,0.72610,1.00000,179.800,-0.015,4
121.8800,0.71643,0.98892,-0.00114,0.71830,1.00000,179.837,-0.014,4
121.9320,0.70727,0.98836,-0.00114,0.71050,1.00000,179.867,-0.014,4
121.9840,0.69818,0.98783,-0.00114,0.70270,1.00000,179.892,-0.014,4
122.0360,0.68915,0.98734,-0.00114,0.69490,1.00000,179.911,-0.014,4
122.0880,0.68020,0.98689,-0.00114,0.68710,1.00000,179.926,-0.014,4
122.1400,0.67133,0.98647,-0.00114,0.67930,1.00000,179.938,-0.014,4
122.1920,0.66253,0.98608,-0.00114,0.67150,1.00000,179.947,-0.013,4
122.2440,0.65381,0.98573,-0.00114,0.66370,1.00000,179.954,-0.013,4
122.2960,0.64517,0.98540,-0.00114,0.65590,1.00000,179.959,-0.013,4
122.3480,0.63661,0.98511,-0.00114,0.64810,1.00000,179.963,-0.013,4
122.4000,0.62812,0.98484,-0.00114,0.64030,1.00000,179.966,-0.013,4
122.4520,0.61970,0.98459,-0.00114,0.63250,1.00000,179.968,-0.012,4
122.5040,0.61135,0.98437,-0.00114,0.62470,1.00000,179.969,-0.012,4
122.5560,0.60307,0.98418,-0.00114,0.61690,1.00000,179.970,-0.012,4
122.6080,0.59485,0.98400,-0.00114,0.60910,1.00000,179.970,-0.012,4
122.6600,0.58668,0.98384,-0.00114,0.60130,1.00000,179.970,-0.011,4
122.7120,0.57858,0.98370,-0.00114,0.59350,1.00000,179.969,-0.011,4
122.7640,0.57052,0.98358,-0.00114,0.58570,1.00000,179.969,-0.011,4
122.8160,0.56251,0.98347,-0.00114,0.57790,1.00000,179.968,-0.011,4
122.8680,0.55454,0.98338,-0.00114,0.57010,1.00000,179.967,-0.010,4
122.9200,0.54661,0.98330,-0.00114,0.56230,1.00000,179.966,-0.010,4
122.9720,0.53871,0.98323,-0.00114,0.55450,1.00000,179.965,-0.010,4
123.0240,0.53085,0.98317,-0.00114,0.54670,1.00000,179.965,-0.010,4
123.0760,0.52301,0.98313,-0.00114,0.53890,1.00000,179.964,-0.009,4
123.1280,0.51520,0.98309,-0.00114,0.53110,1.00000,179.963,-0.009,4
123.1800,0.50741,0.98306,-0.00114,0.52330,1.00000,179.962,-0.009,4
123.2320,0.49963,0.98303,-0.00114,0.51550,1.00000,179.961,-0.009,4
123.2840,0.49187,0.98301,-0.00114,0.50770,1.00000,179.961,-0.009,4
123.3360,0.48413,0.98300,-0.00114,0.49990,1.00000,179.960,-0.008,4
123.3880,0.47639,0.98299,-0.00114,0.49210,1.00000,179.959,-0.008,4
123.4400,0.46866,0.98299,-0.00114,0.48430,1.00000,179.959,-0.008,4
123.4920,0.46094,0.98299,-0.00114,0.47650,1.00000,179.958,-0.008,4
123.5440,0.45322,0.98299,-0.00114,0.46870,1.00000,179.958,-0.008,4
123.5960,0.44550,0.98300,-0.00114,0.46090,1.00000,179.958,-0.008,4
123.6480,0.43779,0.98301,-0.00114,0.45310,1.00000,179.957,-0.008,4
123.7000,0.43008,0.98302,-0.00114,0.44530,1.00000,179.957,-0.008,4
123.7520,0.42236,0.98303,-0.00114,0.43750,1.00000,179.957,-0.008,4
123.8040,0.41465,0.98304,-0.00114,0.42970,1.00000,179.957,-0.008,4
123.8560,0.40693,0.98306,-0.00114,0.42190,1.00000,179.957,-0.007,4
123.9080,0.39921,0.98307,-0.00114,0.41410,1.00000,179.956,-0.007,4
123.9600,0.39148,0.98309,-0.00114,0.40630,1.00000,179.956,-0.007,4
124.0120,0.38376,0.98310,-0.00114,0.39850,1.00000,179.956,-0.007,4
124.0640,0.37602,0.98312,-0.00114,0.39070,1.00000,179.956,-0.007,4
124.1160,0.36829,0.98313,-0.00114,0.38290,1.00000,179.956,-0.007,4
124.1680,0.36054,0.98315,-0.00114,0.37510,1.00000,179.956,-0.007,4
124.2200,0.35280,0.98316,-0.00114,0.36730,1.00000,179.956,-0.007,4
124.2720,0.34505,0.98318,-0.00114,0.35950,1.00000,179.956,-0.007,4
124.3240,0.33729,0.98319,-0.00114,0.35170,1.00000,179.957,-0.007,4
124.3760,0.32954,0.98321,-0.00114,0.34390,1.00000,179.957,-0.007,4
124.4280,0.32177,0.98322,-0.00114,0.33610,1.00000,179.957,-0.007,4
124.4800,0.31401,0.98324,-0.00114,0.32830,1.00000,179.957,-0.007,4
124.5320,0.30623,0.98325,-0.00114,0.32050,1.00000,179.957,-0.007,4
124.5840,0.29846,0.98326,-0.00114,0.31270,1.00000,179.957,-0.007,4
124.6360,0.29068,0.98327,-0.00114,0.30490,1.00000,179.957,-0.007,4
124.6880,0.28290,0.98328,-0.00114,0.29710,1.00000,179.957,-0.007,4
124.7400,0.27512,0.98329,-0.00114,0.28930,1.00000,179.957,-0.007,4
124.7920,0.26733,0.98330,-0.00114,0.28150,1.00000,179.957,-0.007,4
124.8440,0.25954,0.98331,-0.00114,0.27370,1.00000,179.957,-0.007,4
124.8960,0.25175,0.98332,-0.00114,0.26590,1.00000,179.958,-0.007,4
124.9480,0.24395,0.98333,-0.00114,0.25810,1.00000,179.958,-0.007,4
125.0000,0.23616,0.98333,-0.00114,0.25030,1.00000,179.958,-0.007,4
125.0520,0.22836,0.98334,-0.00114,0.24250,1.00000,179.958,-0.007,4
125.1040,0.22056,0.98335,-0.00114,0.23470,1.00000,179.958,-0.007,4
125.1560,0.21276,0.98335,-0.00114,0.22690,1.00000,179.958,-0.007,4
125.2080,0.20496,0.98336,-0.00114,0.21910,1.00000,179.958,-0.007,4
125.2600,0.19716,0.98336,-0.00114,0.21130,1.00000,179.958,-0.007,4
125.3120,0.18935,0.98337,-0.00114,0.20350,1.00000,179.958,-0.007,4
125.3640,0.18155,0.98337,-0.00114,0.19570,1.00000,179.958,-0.007,4
125.4160,0.17375,0.98337,-0.00114,0.18790,1.00000,179.958,-0.007,4
125.4680,0.16594,0.98338,-0.00114,0.18010,1.00000,179.958,-0.007,4
125.5200,0.15814,0.98338,-0.00114,0.17230,1.00000,179.958,-0.007,4
125.5720,0.15033,0.98338,-0.00114,0.16450,1.00000,179.958,-0.007,4
125.6240,0.14253,0.98338,-0.00114,0.15670,1.00000,179.958,-0.007,4
125.6760,0.13472,0.98339,-0.00114,0.14890,1.00000,179.958,-0.007,4
125.7280,0.12692,0.98339,-0.00114,0.14110,1.00000,179.958,-0.007,4
125.7800,0.11911,0.98339,-0.00114,0.13330,1.00000,179.958,-0.007,4
125.8320,0.11131,0.98339,-0.00114,0.12550,1.00000,179.958,-0.007,4
125.8840,0.10350,0.98339,-0.00114,0.11770,1.00000,179.958,-0.007,4
125.9360,0.09570,0.98339,-0.00114,0.10990,1.00000,179.958,-0.007,4
125.9880,0.08789,0.98339,-0.00114,0.10210,1.00000,179.958,-0.007,4
126.0400,0.08009,0.98339,-0.00114,0.09430,1.00000,179.958,-0.007,4
126.0920,0.07229,0.98340,-0.00114,0.08650,1.00000,179.958,-0.007,4
126.1440,0.06448,0.98340,-0.00114,0.07870,1.00000,179.958,-0.007,4
126.1960,0.05668,0.98340,-0.00114,0.07090,1.00000,179.958,-0.007,4
126.2480,0.04888,0.98340,-0.00114,0.06310,1.00000,179.958,-0.007,4
126.3000,0.04107,0.98340,-0.00114,0.05530,1.00000,179.958,-0.007,4
126.3520,0.03327,0.98340,-0.00114,0.04750,1.00000,179.958,-0.007,4
126.4040,0.02547,0.98340,-0.00114,0.03970,1.00000,179.958,-0.007,4
126.4560,0.01767,0.98340,-0.00114,0.03190,1.00000,179.958,-0.007,4
126.5080,0.00987,0.98340,-0.00114,0.02410,1.00000,179.958,-0.007,4
126.5600,0.00206,0.98340,-0.00114,0.01630,1.00000,179.958,-0.007,4
126.6120,-0.00574,0.98340,-0.00114,0.00850,1.00000,179.958,-0.007,4
126.6640,-0.01354,0.98340,-0.00114,0.00070,1.00000,179.958,-0.007,4
126.7160,-0.02127,0.98335,-0.00114,0.00000,0.99290,-179.957,-0.006,4
126.7680,-0.02798,0.98260,-0.00114,0.00000,0.98510,-178.324,0.011,4
126.8200,-0.03331,0.98084,-0.00114,0.00000,0.97730,-174.948,0.014,4
126.8720,-0.03739,0.97833,-0.00113,0.00000,0.96950,-171.155,0.008,4
126.9240,-0.04042,0.97523,-0.00113,0.00000,0.96170,-167.415,0.003,4
126.9760,-0.04258,0.97161,-0.00112,0.00000,0.95390,-163.778,0.000,4
127.0280,-0.04406,0.96752,-0.00112,0.00000,0.94610,-160.230,-0.002,4
127.0800,-0.04503,0.96297,-0.00112,0.00000,0.93830,-156.753,-0.002,4
127.1320,-0.04559,0.95799,-0.00111,0.00000,0.93050,-153.334,-0.002,4
127.1840,-0.04588,0.95259,-0.00111,0.00000,0.92270,-149.962,-0.002,4
127.2360,-0.04597,0.94678,-0.00111,0.00000,0.91490,-146.628,-0.001,4
127.2880,-0.04593,0.94057,-0.00111,0.00000,0.90710,-143.327,-0.001,4
127.3400,-0.04583,0.93396,-0.00111,0.00000,0.89930,-140.054,0.000,4
127.3920,-0.04569,0.92696,-0.00111,0.00000,0.89150,-136.804,0.001,4
127.4440,-0.04556,0.91958,-0.00111,0.00000,0.88370,-133.576,0.001,4
127.4960,-0.04544,0.91183,-0.00111,0.00000,0.87590,-130.366,0.001,4
127.5480,-0.04535,0.90373,-0.00111,0.00000,0.86810,-127.172,0.001,4
127.6000,-0.04529,0.89529,-0.00111,0.00000,0.86030,-123.994,0.001,4
127.6520,-0.04525,0.88652,-0.00111,0.00000,0.85250,-120.830,0.000,4
127.7040,-0.04524,0.87744,-0.00111,0.00000,0.84470,-117.678,-0.001,4
127.7560,-0.04522,0.86806,-0.00111,0.00000,0.83690,-114.537,-0.002,4
127.8080,-0.04520,0.85841,-0.00111,0.00000,0.82910,-111.408,-0.003,4
127.8600,-0.04514,0.84851,-0.00111,0.00000,0.82130,-108.288,-0.005,4
127.9120,-0.04504,0.83839,-0.00111,0.00000,0.81350,-105.178,-0.006,4
127.9640,-0.04486,0.82806,-0.00111,0.00000,0.80570,-102.077,-0.008,4
128.0160,-0.04460,0.81757,-0.00111,0.00000,0.79790,-98.986,-0.009,4
128.0660,-0.04424,0.80735,-0.00112,0.00000,0.79040,-96.027,-0.011,4
128.1160,-0.04377,0.79704,-0.00112,0.00000,0.78290,-93.126,-0.012,4
128.1660,-0.04317,0.78668,-0.00112,0.00000,0.77540,-90.648,-0.014,4
128.2160,-0.04246,0.77637,-0.00112,0.00000,0.76790,-89.783,-0.015,4
128.2660,-0.04166,0.76620,-0.00112,0.00000,0.76040,-89.765,-0.015,4
128.3160,-0.04080,0.75620,-0.00112,0.00000,0.75290,-89.825,-0.016,4
128.3660,-0.03990,0.74636,-0.00112,0.00000,0.74540,-89.853,-0.017,4
128.4160,-0.03897,0.73668,-0.00112,0.00000,0.73790,-89.872,-0.018,4
128.4660,-0.03802,0.72718,-0.00112,0.00000,0.73040,-89.887,-0.018,4
128.5160,-0.03705,0.71783,-0.00112,0.00000,0.72290,-89.900,-0.018,4
128.5660,-0.03609,0.70866,-0.00112,0.00000,0.71540,-89.910,-0.018,4
128.6160,-0.03513,0.69963,-0.00112,0.00000,0.70790,-89.919,-0.018,4
128.6660,-0.03418,0.69077,-0.00113,0.00000,0.70040,-89.926,-0.018,4
128.7160,-0.03325,0.68204,-0.00113,0.00000,0.69290,-89.932,-0.018,4
128.7660,-0.03233,0.67346,-0.00113,0.00000,0.68540,-89.937,-0.018,4
128.8160,-0.03145,0.66501,-0.00113,0.00000,0.67790,-89.941,-0.017,4
128.8660,-0.03059,0.65668,-0.00113,0.00000,0.67040,-89.945,-0.017,4
128.9160,-0.02977,0.64847,-0.00113,0.00000,0.66290,-89.947,-0.017,4
128.9660,-0.02898,0.64037,-0.00113,0.00000,0.65540,-89.949,-0.016,4
129.0160,-0.02822,0.63237,-0.00113,0.00000,0.64790,-89.951,-0.016,4
129.0660,-0.02750,0.62446,-0.00113,0.00000,0.64040,-89.953,-0.015,4
129.1160,-0.02681,0.61663,-0.00113,0.00000,0.63290,-89.954,-0.015,4
129.1660,-0.02616,0.60888,-0.00113,0.00000,0.62540,-89.955,-0.015,4
129.2160,-0.02555,0.60120,-0.00113,0.00000,0.61790,-89.956,-0.014,4
129.2660,-0.02497,0.59357,-0.00113,0.00000,0.61040,-89.956,-0.014,4
129.3160,-0.02443,0.58600,-0.00113,0.00000,0.60290,-89.957,-0.013,4
129.3660,-0.02392,0.57848,-0.00113,0.00000,0.59540,-89.958,-0.013,4
129.4160,-0.02345,0.57100,-0.00113,0.00000,0.58790,-89.958,-0.013,4
129.4660,-0.02301,0.56356,-0.00113,0.00000,0.58040,-89.958,-0.012,4
129.5160,-0.02260,0.55615,-0.00113,0.00000,0.57290,-89.959,-0.012,4
129.5660,-0.02222,0.54876,-0.00113,0.00000,0.56540,-89.959,-0.012,4
129.6160,-0.02187,0.54139,-0.00113,0.00000,0.55790,-89.960,-0.011,4
129.6660,-0.02155,0.53404,-0.00114,0.00000,0.55040,-89.960,-0.011,4
129.7160,-0.02125,0.52670,-0.00114,0.00000,0.54290,-89.961,-0.011,4
129.7660,-0.02098,0.51937,-0.00114,0.00000,0.53540,-89.961,-0.011,4
129.8160,-0.02074,0.51204,-0.00114,0.00000,0.52790,-89.961,-0.010,4
129.8660,-0.02051,0.50472,-0.00114,0.00000,0.52040,-89.962,-0.010,4
129.9160,-0.02031,0.49740,-0.00114,0.00000,0.51290,-89.962,-0.010,4
129.9660,-0.02013,0.49008,-0.00114,0.00000,0.50540,-89.963,-0.010,4
130.0160,-0.01996,0.48276,-0.00114,0.00000,0.49790,-89.963,-0.010,4
130.0660,-0.01981,0.47543,-0.00114,0.00000,0.49040,-89.964,-0.010,4
130.1160,-0.01968,0.46810,-0.00114,0.00000,0.48290,-89.964,-0.009,4
130.1660,-0.01956,0.46076,-0.00114,0.00000,0.47540,-89.965,-0.009,4
130.2160,-0.01946,0.45341,-0.00114,0.00000,0.46790,-89.965,-0.009,4
130.2660,-0.01937,0.44606,-0.00114,0.00000,0.46040,-89.966,-0.009,4
130.3160,-0.01929,0.43869,-0.00114,0.00000,0.45290,-89.966,-0.009,4
130.3660,-0.01922,0.43132,-0.00114,0.00000,0.44540,-89.967,-0.009,4
130.4160,-0.01916,0.42394,-0.00114,0.00000,0.43790,-89.967,-0.009,4
130.4660,-0.01911,0.41655,-0.00114,0.00000,0.43040,-89.967,-0.009,4
130.5160,-0.01907,0.40915,-0.00114,0.00000,0.42290,-89.968,-0.009,4
130.5660,-0.01903,0.40175,-0.00114,0.00000,0.41540,-89.968,-0.009,4
130.6160,-0.01900,0.39433,-0.00114,0.00000,0.40790,-89.969,-0.009,4
130.6660,-0.01898,0.38691,-0.00114,0.00000,0.40040,-89.969,-0.009,4
130.7160,-0.01896,0.37947,-0.00114,0.00000,0.39290,-89.969,-0.009,4
130.7660,-0.01895,0.37203,-0.00114,0.00000,0.38540,-89.970,-0.009,4
130.8160,-0.01894,0.36459,-0.00114,0.00000,0.37790,-89.970,-0.009,4
130.8660,-0.01894,0.35713,-0.00114,0.00000,0.37040,-89.970,-0.009,4
130.9160,-0.01894,0.34967,-0.00114,0.00000,0.36290,-89.970,-0.009,4
130.9660,-0.01894,0.34220,-0.00114,0.00000,0.35540,-89.971,-0.009,4
131.0160,-0.01894,0.33473,-0.00114,0.00000,0.34790,-89.971,-0.009,4
131.0660,-0.01895,0.32726,-0.00114,0.00000,0.34040,-89.971,-0.009,4
131.1160,-0.01895,0.31977,-0.00114,0.00000,0.33290,-89.971,-0.009,4
131.1660,-0.01896,0.31229,-0.00114,0.00000,0.32540,-89.971,-0.009,4
131.2160,-0.01897,0.30480,-0.00114,0.00000,0.31790,-89.972,-0.009,4
131.2660,-0.01898,0.29731,-0.00114,0.00000,0.31040,-89.972,-0.009,4
131.3160,-0.01900,0.28981,-0.00114,0.00000,0.30290,-89.972,-0.009,4
131.3660,-0.01901,0.28231,-0.00114,0.00000,0.29540,-89.972,-0.009,4
131.4160,-0.01902,0.27481,-0.00114,0.00000,0.28790,-89.972,-0.009,4
131.4660,-0.01903,0.26731,-0.00114,0.00000,0.28040,-89.972,-0.009,4
131.5160,-0.01905,0.25980,-0.00114,0.00000,0.27290,-89.972,-0.009,4
131.5660,-0.01906,0.25230,-0.00114,0.00000,0.26540,-89.972,-0.009,4
131.6160,-0.01907,0.24479,-0.00114,0.00000,0.25790,-89.972,-0.009,4
131.6660,-0.01908,0.23728,-0.00114,0.00000,0.25040,-89.972,-0.009,4
131.7160,-0.01910,0.22977,-0.00114,0.00000,0.24290,-89.972,-0.009,4
131.7660,-0.01911,0.22226,-0.00114,0.00000,0.23540,-89.972,-0.009,4
131.8160,-0.01912,0.21475,-0.00114,0.00000,0.22790,-89.972,-0.009,4
131.8660,-0.01913,0.20724,-0.00114,0.00000,0.22040,-89.972,-0.009,4
131.9160,-0.01914,0.19973,-0.00114,0.00000,0.21290,-89.972,-0.009,4
131.9660,-0.01915,0.19222,-0.00114,0.00000,0.20540,-89.972,-0.009,4
132.0160,-0.01916,0.18471,-0.00114,0.00000,0.19790,-89.972,-0.009,4
132.0660,-0.01917,0.17721,-0.00114,0.00000,0.19040,-89.972,-0.009,4
132.1160,-0.01918,0.16970,-0.00114,0.00000,0.18290,-89.972,-0.010,4
132.1660,-0.01919,0.16219,-0.00114,0.00000,0.17540,-89.972,-0.010,4
132.2160,-0.01920,0.15468,-0.00114,0.00000,0.16790,-89.972,-0.010,4
132.2660,-0.01921,0.14717,-0.00114,0.00000,0.16040,-89.972,-0.010,4
132.3160,-0.01922,0.13966,-0.00114,0.00000,0.15290,-89.972,-0.010,4
132.3660,-0.01922,0.13216,-0.00114,0.00000,0.14540,-89.972,-0.010,4
132.4160,-0.01923,0.12465,-0.00114,0.00000,0.13790,-89.972,-0.010,4
132.4660,-0.01923,0.11714,-0.00114,0.00000,0.13040,-89.972,-0.010,4
132.5160,-0.01924,0.10964,-0.00114,0.00000,0.12290,-89.972,-0.010,4
132.5660,-0.01924,0.10213,-0.00114,0.00000,0.11540,-89.972,-0.010,4
132.6160,-0.01925,0.09463,-0.00114,0.00000,0.10790,-89.972,-0.010,4
132.6660,-0.01925,0.08712,-0.00114,0.00000,0.10040,-89.972,-0.010,4
132.7160,-0.01926,0.07962,-0.00114,0.00000,0.09290,-89.972,-0.010,4
132.7660,-0.01926,0.07212,-0.00114,0.00000,0.08540,-89.972,-0.010,4
132.8160,-0.01926,0.06461,-0.00114,0.00000,0.07790,-89.972,-0.010,4
132.8660,-0.01927,0.05711,-0.00114,0.00000,0.07040,-89.972,-0.010,4
132.9160,-0.01927,0.04961,-0.00114,0.00000,0.06290,-89.972,-0.010,4
132.9660,-0.01927,0.04211,-0.00114,0.00000,0.05540,-89.972,-0.010,4
133.0160,-0.01927,0.03461,-0.00114,0.00000,0.04790,-89.972,-0.010,4
133.0660,-0.01928,0.02710,-0.00114,0.00000,0.04040,-89.972,-0.010,4
133.1160,-0.01928,0.01960,-0.00114,0.00000,0.03290,-89.972,-0.010,4
133.1660,-0.01928,0.01210,-0.00114,0.00000,0.02540,-89.972,-0.010,4
133.2160,-0.01928,0.00460,-0.00114,0.00000,0.01790,-89.972,-0.010,4
133.2660,-0.01928,-0.00290,-0.00114,0.00000,0.01040,-89.972,-0.010,4
133.3160,-0.01928,-0.01040,-0.00114,0.00000,0.00290,-89.972,-0.010,4
133.3660,-0.01924,-0.01784,-0.00114,0.00460,0.00000,-89.887,-0.008,5
133.4160,-0.01856,-0.02440,-0.00114,0.01210,0.00000,-88.361,0.008,5
133.4660,-0.01709,-0.02995,-0.00114,0.01960,0.00000,-85.303,0.011,5
133.5160,-0.01489,-0.03463,-0.00113,0.02710,0.00000,-81.790,0.004,5
133.5660,-0.01205,-0.03856,-0.00113,0.03460,0.00000,-78.289,-0.002,5
133.6160,-0.00862,-0.04187,-0.00113,0.04210,0.00000,-74.865,-0.006,5
133.6660,-0.00465,-0.04465,-0.00113,0.04960,0.00000,-71.513,-0.009,5
133.7160,-0.00015,-0.04700,-0.00113,0.05710,0.00000,-68.222,-0.012,5
133.7660,0.00483,-0.04900,-0.00112,0.06460,0.00000,-64.980,-0.013,5
133.8160,0.01030,-0.05073,-0.00112,0.07210,0.00000,-61.780,-0.015,5
133.8660,0.01622,-0.05224,-0.00112,0.07960,0.00000,-58.616,-0.016,5
133.9160,0.02259,-0.05358,-0.00112,0.08710,0.00000,-55.482,-0.017,5
133.9660,0.02939,-0.05478,-0.00112,0.09460,0.00000,-52.374,-0.018,5
134.0160,0.03662,-0.05585,-0.00112,0.10210,0.00000,-49.289,-0.020,5
134.0660,0.04426,-0.05681,-0.00112,0.10960,0.00000,-46.223,-0.021,5
134.1160,0.05229,-0.05766,-0.00112,0.11710,0.00000,-43.173,-0.022,5
134.1660,0.06068,-0.05839,-0.00112,0.12460,0.00000,-40.136,-0.024,5
134.2160,0.06943,-0.05900,-0.00112,0.13210,0.00000,-37.111,-0.026,5
134.2660,0.07849,-0.05946,-0.00112,0.13960,0.00000,-34.095,-0.028,5
134.3160,0.08784,-0.05976,-0.00112,0.14710,0.00000,-31.086,-0.030,5
134.3660,0.09745,-0.05988,-0.00112,0.15460,0.00000,-28.082,-0.032,5
134.4160,0.10727,-0.05981,-0.00112,0.16210,0.00000,-25.082,-0.035,5
134.4660,0.11727,-0.05952,-0.00112,0.16960,0.00000,-22.084,-0.037,5
134.5160,0.12741,-0.05900,-0.00112,0.17710,0.00000,-19.086,-0.040,5
134.5660,0.13765,-0.05824,-0.00112,0.18460,0.00000,-16.086,-0.042,5
134.6160,0.14794,-0.05723,-0.00111,0.19210,0.00000,-13.084,-0.044,5
134.6660,0.15824,-0.05596,-0.00111,0.19960,0.00000,-10.078,-0.046,5
134.7160,0.16851,-0.05444,-0.00111,0.20710,0.00000,-7.070,-0.048,5
134.7660,0.17871,-0.05266,-0.00111,0.21460,0.00000,-4.103,-0.050,5
134.8160,0.18879,-0.05064,-0.00111,0.22210,0.00000,-1.538,-0.051,5
134.8660,0.19864,-0.04848,-0.00111,0.22960,0.00000,-0.635,-0.053,5
134.9160,0.20819,-0.04633,-0.00110,0.23710,0.00000,-0.557,-0.054,5
134.9660,0.21745,-0.04424,-0.00110,0.24460,0.00000,-0.546,-0.055,5
135.0160,0.22645,-0.04223,-0.00110,0.25210,0.00000,-0.513,-0.056,5
135.0660,0.23522,-0.04030,-0.00110,0.25960,0.00000,-0.481,-0.057,5
135.1160,0.24378,-0.03845,-0.00110,0.26710,0.00000,-0.455,-0.057,5
135.1660,0.25215,-0.03669,-0.00110,0.27460,0.00000,-0.433,-0.057,5
135.2160,0.26036,-0.03501,-0.00110,0.28210,0.00000,-0.414,-0.057,5
135.2660,0.26843,-0.03342,-0.00110,0.28960,0.00000,-0.399,-0.057,5
135.3160,0.27637,-0.03192,-0.00110,0.29710,0.00000,-0.385,-0.056,5
135.3660,0.28419,-0.03050,-0.00110,0.30460,0.00000,-0.374,-0.056,5
135.4160,0.29192,-0.02918,-0.00110,0.31210,0.00000,-0.365,-0.056,5
135.4660,0.29956,-0.02793,-0.00110,0.31960,0.00000,-0.357,-0.055,5
135.5160,0.30713,-0.02677,-0.00110,0.32710,0.00000,-0.350,-0.055,5
135.5660,0.31465,-0.02569,-0.00110,0.33460,0.00000,-0.344,-0.054,5
135.6160,0.32211,-0.02469,-0.00111,0.34210,0.00000,-0.339,-0.054,5
135.6660,0.32952,-0.02377,-0.00111,0.34960,0.00000,-0.334,-0.053,5
135.7160,0.33691,-0.02291,-0.00111,0.35710,0.00000,-0.330,-0.053,5
135.7660,0.34426,-0.02212,-0.00111,0.36460,0.00000,-0.327,-0.053,5
135.8160,0.35159,-0.02140,-0.00111,0.37210,0.00000,-0.324,-0.052,5
135.8660,0.35891,-0.02074,-0.00111,0.37960,0.00000,-0.321,-0.052,5
135.9160,0.36622,-0.02014,-0.00111,0.38710,0.00000,-0.319,-0.052,5
135.9660,0.37351,-0.01960,-0.00111,0.39460,0.00000,-0.316,-0.051,5
136.0160,0.38080,-0.01911,-0.00111,0.40210,0.00000,-0.315,-0.051,5
136.0660,0.38809,-0.01866,-0.00111,0.40960,0.00000,-0.313,-0.051,5
136.1160,0.39539,-0.01826,-0.00112,0.41710,0.00000,-0.311,-0.051,5
136.1660,0.40268,-0.01791,-0.00112,0.42460,0.00000,-0.310,-0.050,5
136.2160,0.40998,-0.01759,-0.00112,0.43210,0.00000,-0.309,-0.050,5
136.2660,0.41728,-0.01731,-0.00112,0.43960,0.00000,-0.308,-0.050,5
136.3160,0.42459,-0.01706,-0.00112,0.44710,0.00000,-0.307,-0.050,5
136.3660,0.43191,-0.01685,-0.00112,0.45460,0.00000,-0.306,-0.050,5
136.4160,0.43924,-0.01666,-0.00112,0.46210,0.00000,-0.305,-0.050,5
136.4660,0.44657,-0.01650,-0.00112,0.46960,0.00000,-0.304,-0.050,5
136.5160,0.45392,-0.01636,-0.00112,0.47710,0.00000,-0.304,-0.050,5
136.5660,0.46127,-0.01625,-0.00112,0.48460,0.00000,-0.303,-0.050,5
136.6160,0.46864,-0.01615,-0.00112,0.49210,0.00000,-0.302,-0.050,5
136.6660,0.47601,-0.01607,-0.00112,0.49960,0.00000,-0.302,-0.050,5
136.7160,0.48339,-0.01601,-0.00113,0.50710,0.00000,-0.301,-0.050,5
136.7660,0.49078,-0.01596,-0.00113,0.51460,0.00000,-0.301,-0.050,5
136.8160,0.49818,-0.01593,-0.00113,0.52210,0.00000,-0.301,-0.050,5
136.8660,0.50559,-0.01591,-0.00113,0.52960,0.00000,-0.300,-0.050,5
136.9160,0.51301,-0.01589,-0.00113,0.53710,0.00000,-0.300,-0.050,5
136.9660,0.52043,-0.01589,-0.00113,0.54460,0.00000,-0.300,-0.050,5
137.0160,0.52786,-0.01589,-0.00113,0.55210,0.00000,-0.299,-0.050,5
137.0660,0.53529,-0.01590,-0.00113,0.55960,0.00000,-0.299,-0.050,5
137.1160,0.54274,-0.01591,-0.00113,0.56710,0.00000,-0.299,-0.050,5
137.1660,0.55018,-0.01593,-0.00113,0.57460,0.00000,-0.299,-0.050,5
137.2160,0.55764,-0.01596,-0.00113,0.58210,0.00000,-0.298,-0.050,5
137.2660,0.56510,-0.01599,-0.00113,0.58960,0.00000,-0.298,-0.050,5
137.3160,0.57256,-0.01602,-0.00113,0.59710,0.00000,-0.298,-0.050,5
137.3660,0.58003,-0.01605,-0.00113,0.60460,0.00000,-0.298,-0.050,5
137.4160,0.58750,-0.01608,-0.00113,0.61210,0.00000,-0.298,-0.050,5
137.4660,0.59497,-0.01612,-0.00113,0.61960,0.00000,-0.298,-0.050,5
137.5160,0.60245,-0.01615,-0.00113,0.62710,0.00000,-0.297,-0.050,5
137.5660,0.60993,-0.01619,-0.00113,0.63460,0.00000,-0.297,-0.050,5
137.6160,0.61742,-0.01622,-0.00113,0.64210,0.00000,-0.297,-0.050,5
137.6660,0.62490,-0.01626,-0.00113,0.64960,0.00000,-0.297,-0.050,5
137.7160,0.63239,-0.01629,-0.00113,0.65710,0.00000,-0.297,-0.050,5
137.7660,0.63988,-0.01633,-0.00113,0.66460,0.00000,-0.297,-0.050,5
137.8160,0.64737,-0.01636,-0.00113,0.67210,0.00000,-0.297,-0.050,5
137.8660,0.65486,-0.01639,-0.00113,0.67960,0.00000,-0.297,-0.050,5
137.9160,0.66236,-0.01642,-0.00113,0.68710,0.00000,-0.297,-0.050,5
137.9660,0.66986,-0.01645,-0.00113,0.69460,0.00000,-0.297,-0.050,5
138.0160,0.67735,-0.01648,-0.00113,0.70210,0.00000,-0.297,-0.050,5
138.0660,0.68485,-0.01651,-0.00113,0.70960,0.00000,-0.297,-0.050,5
138.1160,0.69235,-0.01654,-0.00113,0.71710,0.00000,-0.297,-0.050,5
138.1660,0.69985,-0.01656,-0.00113,0.72460,0.00000,-0.297,-0.050,5
138.2160,0.70735,-0.01659,-0.00113,0.73210,0.00000,-0.297,-0.050,5
138.2660,0.71485,-0.01661,-0.00113,0.73960,0.00000,-0.297,-0.050,5
138.3160,0.72235,-0.01663,-0.00113,0.74710,0.00000,-0.297,-0.050,5
138.3660,0.72985,-0.01665,-0.00113,0.75460,0.00000,-0.297,-0.050,5
138.4160,0.73735,-0.01667,-0.00113,0.76210,0.00000,-0.297,-0.050,5
138.4660,0.74485,-0.01669,-0.00113,0.76960,0.00000,-0.297,-0.050,5
138.5160,0.75235,-0.01670,-0.00113,0.77710,0.00000,-0.297,-0.050,5
138.5660,0.75986,-0.01672,-0.00113,0.78460,0.00000,-0.297,-0.050,5
138.6160,0.76736,-0.01673,-0.00113,0.79210,0.00000,-0.297,-0.050,5
138.6660,0.77486,-0.01674,-0.00113,0.79960,0.00000,-0.297,-0.050,5
138.7160,0.78236,-0.01675,-0.00113,0.80710,0.00000,-0.297,-0.050,5
138.7660,0.78986,-0.01677,-0.00113,0.81460,0.00000,-0.297,-0.050,5
138.8160,0.79736,-0.01678,-0.00113,0.82210,0.00000,-0.297,-0.050,5
138.8660,0.80487,-0.01678,-0.00113,0.82960,0.00000,-0.297,-0.050,5
138.9160,0.81237,-0.01679,-0.00113,0.83710,0.00000,-0.297,-0.050,5
138.9660,0.81987,-0.01680,-0.00113,0.84460,0.00000,-0.297,-0.050,5
139.0160,0.82737,-0.01681,-0.00113,0.85210,0.00000,-0.297,-0.050,5
139.0660,0.83487,-0.01681,-0.00113,0.85960,0.00000,-0.297,-0.050,5
139.1160,0.84237,-0.01682,-0.00113,0.86710,0.00000,-0.297,-0.050,5
139.1660,0.84988,-0.01682,-0.00113,0.87460,0.00000,-0.297,-0.050,5
139.2160,0.85738,-0.01683,-0.00113,0.88210,0.00000,-0.297,-0.050,5
139.2660,0.86488,-0.01683,-0.00113,0.88960,0.00000,-0.297,-0.050,5
139.3160,0.87238,-0.01683,-0.00113,0.89710,0.00000,-0.297,-0.050,5
139.3660,0.87988,-0.01684,-0.00113,0.90460,0.00000,-0.297,-0.050,5
139.4160,0.88738,-0.01684,-0.00113,0.91210,0.00000,-0.297,-0.050,5
139.4660,0.89488,-0.01684,-0.00113,0.91960,0.00000,-0.297,-0.050,5
139.5160,0.90238,-0.01684,-0.00113,0.92710,0.00000,-0.297,-0.050,5
139.5660,0.90988,-0.01684,-0.00113,0.93460,0.00000,-0.297,-0.050,5
139.6160,0.91738,-0.01684,-0.00113,0.94210,0.00000,-0.297,-0.050,5
139.6660,0.92488,-0.01684,-0.00113,0.94960,0.00000,-0.297,-0.050,5
139.7160,0.93239,-0.01685,-0.00113,0.95710,0.00000,-0.297,-0.050,5
139.7660,0.93989,-0.01685,-0.00113,0.96460,0.00000,-0.297,-0.050,5
139.8160,0.94739,-0.01685,-0.00113,0.97210,0.00000,-0.297,-0.050,5
139.8660,0.95489,-0.01685,-0.00113,0.97960,0.00000,-0.297,-0.050,5
139.9160,0.96239,-0.01685,-0.00113,0.98710,0.00000,-0.297,-0.050,5
139.9660,0.96989,-0.01685,-0.00113,0.99460,0.00000,-0.297,-0.050,5
140.0160,0.97739,-0.01685,-0.00113,1.00000,0.00210,-0.297,-0.050,5
140.0660,0.98482,-0.01680,-0.00113,1.00000,0.00960,-0.214,-0.049,5
140.1160,0.99134,-0.01610,-0.00113,1.00000,0.01710,1.277,-0.032,5
140.1660,0.99682,-0.01443,-0.00113,1.00000,0.02460,4.396,-0.028,5
140.2160,1.00141,-0.01178,-0.00113,1.00000,0.03210,8.169,-0.035,5
140.2660,1.00521,-0.00824,-0.00113,1.00000,0.03960,11.963,-0.040,5
140.3160,1.00831,-0.00389,-0.00112,1.00000,0.04710,15.634,-0.044,5
140.3660,1.01079,0.00118,-0.00112,1.00000,0.05460,19.189,-0.046,5
140.4160,1.01273,0.00689,-0.00112,1.00000,0.06210,22.649,-0.048,5
140.4660,1.01417,0.01319,-0.00112,1.00000,0.06960,26.030,-0.049,5
140.5160,1.01519,0.02002,-0.00112,1.00000,0.07710,29.347,-0.049,5
140.5660,1.01583,0.02732,-0.00112,1.00000,0.08460,32.611,-0.050,5
140.6160,1.01612,0.03503,-0.00112,1.00000,0.09210,35.832,-0.050,5
140.6660,1.01610,0.04312,-0.00112,1.00000,0.09960,39.018,-0.050,5
140.7160,1.01579,0.05154,-0.00112,1.00000,0.10710,42.174,-0.050,5
140.7660,1.01522,0.06023,-0.00112,1.00000,0.11460,45.308,-0.050,5
140.8160,1.01440,0.06916,-0.00112,1.00000,0.12210,48.424,-0.051,5
140.8660,1.01336,0.07828,-0.00112,1.00000,0.12960,51.526,-0.051,5
140.9160,1.01211,0.08755,-0.00112,1.00000,0.13710,54.617,-0.051,5
140.9660,1.01066,0.09692,-0.00112,1.00000,0.14460,57.701,-0.052,5
141.0160,1.00904,0.10636,-0.00112,1.00000,0.15210,60.781,-0.052,5
141.0660,1.00725,0.11583,-0.00112,1.00000,0.15960,63.859,-0.053,5
141.1160,1.00532,0.12528,-0.00112,1.00000,0.16710,66.938,-0.053,5
141.1660,1.00327,0.13470,-0.00112,1.00000,0.17460,70.019,-0.054,5
141.2160,1.00111,0.14404,-0.00112,1.00000,0.18210,73.107,-0.054,5
141.2660,0.99886,0.15328,-0.00112,1.00000,0.18960,76.203,-0.054,5
141.3160,0.99655,0.16240,-0.00112,1.00000,0.19710,79.309,-0.054,5
141.3660,0.99420,0.17138,-0.00112,1.00000,0.20460,82.425,-0.054,5
141.4160,0.99181,0.18020,-0.00112,1.00000,0.21210,85.512,-0.054,5
141.4660,0.98942,0.18886,-0.00112,1.00000,0.21960,88.213,-0.054,5
141.5160,0.98711,0.19739,-0.00112,1.00000,0.22710,89.328,-0.054,5
141.5660,0.98500,0.20583,-0.00112,1.00000,0.23460,89.551,-0.054,5
141.6160,0.98312,0.21419,-0.00112,1.00000,0.24210,89.649,-0.054,5
141.6660,0.98147,0.22248,-0.00112,1.00000,0.24960,89.751,-0.054,5
141.7160,0.98002,0.23069,-0.00112,1.00000,0.25710,89.841,-0.054,5
141.7660,0.97876,0.23884,-0.00112,1.00000,0.26460,89.916,-0.054,5
141.8160,0.97768,0.24692,-0.00112,1.00000,0.27210,89.978,-0.053,5
141.8660,0.97676,0.25494,-0.00112,1.00000,0.27960,90.030,-0.053,5
141.9160,0.97599,0.26291,-0.00112,1.00000,0.28710,90.073,-0.053,5
141.9660,0.97535,0.27083,-0.00112,1.00000,0.29460,90.109,-0.053,5
142.0160,0.97483,0.27870,-0.00112,1.00000,0.30210,90.139,-0.052,5
142.0660,0.97443,0.28654,-0.00112,1.00000,0.30960,90.165,-0.052,5
142.1160,0.97412,0.29433,-0.00113,1.00000,0.31710,90.186,-0.052,5
142.1660,0.97390,0.30209,-0.00113,1.00000,0.32460,90.204,-0.051,5
142.2160,0.97376,0.30981,-0.00113,1.00000,0.33210,90.219,-0.051,5
142.2660,0.97368,0.31751,-0.00113,1.00000,0.33960,90.231,-0.051,5
142.3160,0.97367,0.32518,-0.00113,1.00000,0.34710,90.242,-0.051,5
142.3660,0.97370,0.33282,-0.00113,1.00000,0.35460,90.251,-0.050,5
142.4160,0.97379,0.34045,-0.00113,1.00000,0.36210,90.259,-0.050,5
142.4660,0.97391,0.34805,-0.00113,1.00000,0.36960,90.265,-0.050,5
142.5160,0.97406,0.35564,-0.00113,1.00000,0.37710,90.271,-0.050,5
142.5660,0.97424,0.36321,-0.00113,1.00000,0.38460,90.276,-0.050,5
142.6160,0.97444,0.37077,-0.00113,1.00000,0.39210,90.280,-0.049,5
142.6660,0.97466,0.37832,-0.00113,1.00000,0.39960,90.284,-0.049,5
142.7160,0.97489,0.38585,-0.00113,1.00000,0.40710,90.287,-0.049,5
142.7660,0.97513,0.39338,-0.00113,1.00000,0.41460,90.289,-0.049,5
142.8160,0.97538,0.40090,-0.00113,1.00000,0.42210,90.292,-0.049,5
142.8660,0.97564,0.40841,-0.00113,1.00000,0.42960,90.294,-0.049,5
142.9160,0.97589,0.41592,-0.00113,1.00000,0.43710,90.296,-0.049,5
142.9660,0.97615,0.42342,-0.00113,1.00000,0.44460,90.298,-0.048,5
143.0160,0.97640,0.43092,-0.00113,1.00000,0.45210,90.299,-0.048,5
143.0660,0.97665,0.43841,-0.00113,1.00000,0.45960,90.300,-0.048,5
143.1160,0.97689,0.44591,-0.00113,1.00000,0.46710,90.302,-0.048,5
143.1660,0.97713,0.45339,-0.00113,1.00000,0.47460,90.303,-0.048,5
143.2160,0.97736,0.46088,-0.00113,1.00000,0.48210,90.304,-0.048,5
143.2660,0.97758,0.46837,-0.00113,1.00000,0.48960,90.304,-0.048,5
143.3160,0.97780,0.47585,-0.00113,1.00000,0.49710,90.305,-0.048,5
143.3660,0.97800,0.48334,-0.00113,1.00000,0.50460,90.306,-0.048,5
143.4160,0.97820,0.49082,-0.00113,1.00000,0.51210,90.306,-0.048,5
143.4660,0.97838,0.49831,-0.00113,1.00000,0.51960,90.307,-0.048,5
143.5160,0.97856,0.50579,-0.00113,1.00000,0.52710,90.307,-0.048,5
143.5660,0.97873,0.51327,-0.00113,1.00000,0.53460,90.308,-0.048,5
143.6160,0.97888,0.52076,-0.00113,1.00000,0.54210,90.308,-0.048,5
143.6660,0.97903,0.52824,-0.00113,1.00000,0.54960,90.308,-0.048,5
143.7160,0.97917,0.53573,-0.00113,1.00000,0.55710,90.309,-0.048,5
143.7660,0.97930,0.54322,-0.00113,1.00000,0.56460,90.309,-0.048,5
143.8160,0.97942,0.55070,-0.00113,1.00000,0.57210,90.309,-0.048,5
143.8660,0.97953,0.55819,-0.00113,1.00000,0.57960,90.309,-0.048,5
143.9160,0.97964,0.56568,-0.00113,1.00000,0.58710,90.309,-0.048,5
143.9660,0.97974,0.57317,-0.00113,1.00000,0.59460,90.310,-0.048,5
144.0160,0.97982,0.58066,-0.00113,1.00000,0.60210,90.310,-0.048,5
144.0660,0.97991,0.58815,-0.00113,1.00000,0.60960,90.310,-0.048,5
144.1160,0.97998,0.59564,-0.00113,1.00000,0.61710,90.310,-0.048,5
144.1660,0.98005,0.60313,-0.00113,1.00000,0.62460,90.310,-0.048,5
144.2160,0.98011,0.61062,-0.00113,1.00000,0.63210,90.310,-0.048,5
144.2660,0.98017,0.61812,-0.00113,1.00000,0.63960,90.310,-0.048,5
144.3160,0.98022,0.62561,-0.00113,1.00000,0.64710,90.310,-0.048,5
144.3660,0.98027,0.63311,-0.00113,1.00000,0.65460,90.310,-0.048,5
144.4160,0.98031,0.64060,-0.00113,1.00000,0.66210,90.310,-0.048,5
144.4660,0.98035,0.64810,-0.00113,1.00000,0.66960,90.310,-0.048,5
144.5160,0.98038,0.65559,-0.00113,1.00000,0.67710,90.310,-0.048,5
144.5660,0.98041,0.66309,-0.00113,1.00000,0.68460,90.310,-0.048,5
144.6160,0.98044,0.67058,-0.00113,1.00000,0.69210,90.310,-0.048,5
144.6660,0.98046,0.67808,-0.00113,1.00000,0.69960,90.310,-0.048,5
144.7160,0.98048,0.68558,-0.00113,1.00000,0.70710,90.310,-0.048,5
144.7660,0.98050,0.69308,-0.00113,1.00000,0.71460,90.310,-0.048,5
144.8160,0.98051,0.70057,-0.00113,1.00000,0.72210,90.310,-0.048,5
144.8660,0.98052,0.70807,-0.00113,1.00000,0.72960,90.310,-0.048,5
144.9160,0.98053,0.71557,-0.00113,1.00000,0.73710,90.310,-0.048,5
144.9660,0.98054,0.72307,-0.00113,1.00000,0.74460,90.310,-0.048,5
145.0160,0.98055,0.73057,-0.00113,1.00000,0.75210,90.310,-0.048,5
145.0660,0.98055,0.73807,-0.00113,1.00000,0.75960,90.310,-0.048,5
145.1160,0.98056,0.74557,-0.00113,1.00000,0.76710,90.310,-0.048,5
145.1660,0.98056,0.75307,-0.00113,1.00000,0.77460,90.310,-0.048,5
145.2160,0.98056,0.76057,-0.00113,1.00000,0.78210,90.310,-0.048,5
145.2660,0.98056,0.76807,-0.00113,1.00000,0.78960,90.310,-0.048,5
145.3160,0.98056,0.77557,-0.00113,1.00000,0.79710,90.310,-0.048,5
145.3660,0.98056,0.78307,-0.00113,1.00000,0.80460,90.309,-0.048,5
145.4160,0.98056,0.79057,-0.00113,1.00000,0.81210,90.309,-0.048,5
145.4660,0.98056,0.79807,-0.00113,1.00000,0.81960,90.309,-0.048,5
145.5160,0.98056,0.80557,-0.00113,1.00000,0.82710,90.309,-0.048,5
145.5660,0.98056,0.81307,-0.00113,1.00000,0.83460,90.309,-0.048,5
145.6160,0.98055,0.82057,-0.00113,1.00000,0.84210,90.309,-0.048,5
145.6660,0.98055,0.82807,-0.00113,1.00000,0.84960,90.309,-0.048,5
145.7160,0.98055,0.83557,-0.00113,1.00000,0.85710,90.309,-0.048,5
145.7660,0.98055,0.84307,-0.00113,1.00000,0.86460,90.309,-0.048,5
145.8160,0.98054,0.85057,-0.00113,1.00000,0.87210,90.309,-0.048,5
145.8660,0.98054,0.85807,-0.00113,1.00000,0.87960,90.309,-0.048,5
145.9160,0.98054,0.86557,-0.00113,1.00000,0.88710,90.309,-0.048,5
145.9660,0.98053,0.87307,-0.00113,1.00000,0.89460,90.309,-0.048,5
146.0160,0.98053,0.88057,-0.00113,1.00000,0.90210,90.309,-0.048,5
146.0660,0.98053,0.88807,-0.00113,1.00000,0.90960,90.309,-0.048,5
146.1160,0.98052,0.89557,-0.00113,1.00000,0.91710,90.309,-0.048,5
146.1660,0.98052,0.90307,-0.00113,1.00000,0.92460,90.309,-0.048,5
146.2160,0.98052,0.91057,-0.00113,1.00000,0.93210,90.309,-0.048,5
146.2660,0.98051,0.91807,-0.00113,1.00000,0.93960,90.309,-0.048,5
146.3160,0.98051,0.92557,-0.00113,1.00000,0.94710,90.309,-0.048,5
146.3660,0.98051,0.93307,-0.00113,1.00000,0.95460,90.309,-0.048,5
146.4160,0.98050,0.94057,-0.00113,1.00000,0.96210,90.309,-0.048,5
146.4660,0.98050,0.94807,-0.00113,1.00000,0.96960,90.309,-0.048,5
146.5160,0.98050,0.95557,-0.00113,1.00000,0.97710,90.309,-0.048,5
146.5660,0.98050,0.96307,-0.00113,1.00000,0.98460,90.309,-0.048,5
146.6160,0.98050,0.97057,-0.00113,1.00000,0.99210,90.309,-0.048,5
146.6660,0.98049,0.97807,-0.00113,1.00000,0.99960,90.309,-0.048,5
146.7160,0.98044,0.98550,-0.00113,0.99290,1.00000,90.397,-0.047,5
146.7660,0.97975,0.99194,-0.00113,0.98540,1.00000,91.969,-0.030,5
146.8160,0.97812,0.99714,-0.00113,0.97790,1.00000,95.155,-0.026,5
146.8660,0.97557,1.00119,-0.00113,0.97040,1.00000,98.791,-0.031,5
146.9160,0.97223,1.00424,-0.00113,0.96290,1.00000,102.385,-0.035,5
146.9660,0.96821,1.00646,-0.00113,0.95540,1.00000,105.878,-0.038,5
147.0160,0.96359,1.00798,-0.00113,0.94790,1.00000,109.281,-0.038,5
147.0660,0.95845,1.00893,-0.00113,0.94040,1.00000,112.611,-0.038,5
147.1160,0.95284,1.00941,-0.00113,0.93290,1.00000,115.882,-0.037,5
147.1660,0.94682,1.00952,-0.00113,0.92540,1.00000,119.105,-0.036,5
147.2160,0.94042,1.00934,-0.00113,0.91790,1.00000,122.288,-0.034,5
147.2660,0.93368,1.00893,-0.00113,0.91040,1.00000,125.439,-0.032,5
147.3160,0.92664,1.00834,-0.00113,0.90290,1.00000,128.563,-0.030,5
147.3660,0.91933,1.00763,-0.00113,0.89540,1.00000,131.664,-0.028,5
147.4160,0.91176,1.00683,-0.00113,0.88790,1.00000,134.746,-0.027,5
147.4660,0.90397,1.00596,-0.00113,0.88040,1.00000,137.813,-0.025,5
147.5160,0.89599,1.00505,-0.00113,0.87290,1.00000,140.866,-0.024,5
147.5660,0.88782,1.00413,-0.00113,0.86540,1.00000,143.908,-0.022,5
147.6160,0.87951,1.00320,-0.00113,0.85790,1.00000,146.939,-0.021,5
147.6660,0.87106,1.00227,-0.00114,0.85040,1.00000,149.961,-0.021,5
147.7160,0.86250,1.00134,-0.00114,0.84290,1.00000,152.976,-0.020,5
147.7660,0.85385,1.00044,-0.00114,0.83540,1.00000,155.983,-0.019,5
147.8160,0.84513,0.99955,-0.00114,0.82790,1.00000,158.984,-0.019,5
147.8660,0.83636,0.99867,-0.00114,0.82040,1.00000,161.977,-0.018,5
147.9160,0.82755,0.99782,-0.00114,0.81290,1.00000,164.965,-0.018,5
147.9660,0.81873,0.99698,-0.00114,0.80540,1.00000,167.946,-0.017,5
148.0160,0.80991,0.99616,-0.00114,0.79790,1.00000,170.920,-0.017,5
148.0660,0.80109,0.99535,-0.00114,0.79040,1.00000,173.882,-0.017,5
148.1160,0.79230,0.99455,-0.00114,0.78290,1.00000,176.787,-0.016,5
148.1660,0.78354,0.99377,-0.00114,0.77540,1.00000,179.272,-0.016,5
148.2160,0.77478,0.99280,-0.00114,0.76790,1.00000,-179.815,-0.016,5
148.2660,0.76616,0.98959,-0.00113,0.76040,1.00000,-179.327,-0.018,5
148.3160,0.75758,0.98725,-0.00108,0.75290,1.00000,-179.352,-0.018,5
148.3660,0.74894,0.98542,-0.00103,0.74540,1.00000,-179.482,-0.021,5
148.4160,0.74026,0.98380,-0.00098,0.73790,1.00000,-179.573,-0.022,5
148.4660,0.73156,0.98238,-0.00093,0.73040,1.00000,-179.652,-0.021,5
148.5160,0.72286,0.98116,-0.00089,0.72290,1.00000,-179.717,-0.019,5
148.5660,0.71416,0.98011,-0.00086,0.71540,1.00000,-179.772,-0.018,5
148.6160,0.70549,0.97923,-0.00083,0.70790,1.00000,-179.817,-0.017,5
148.6660,0.69685,0.97849,-0.00081,0.70040,1.00000,-179.855,-0.016,5
148.7160,0.68824,0.97788,-0.00078,0.69290,1.00000,-179.887,-0.016,5
148.7660,0.67968,0.97740,-0.00077,0.68540,1.00000,-179.913,-0.015,5
148.8160,0.67118,0.97702,-0.00075,0.67790,1.00000,-179.935,-0.015,5
148.8660,0.66272,0.97674,-0.00074,0.67040,1.00000,-179.954,-0.014,5
148.9160,0.65432,0.97655,-0.00073,0.66290,1.00000,-179.969,-0.014,5
148.9660,0.64599,0.97643,-0.00073,0.65540,1.00000,-179.982,-0.013,5
149.0160,0.63771,0.97638,-0.00072,0.64790,1.00000,-179.993,-0.013,5
149.0660,0.62949,0.97639,-0.00072,0.64040,1.00000,179.997,-0.012,5
149.1160,0.62137,0.97663,-0.00072,0.63290,1.00000,179.971,-0.011,5
149.1660,0.61381,0.97895,-0.00072,0.62540,1.00000,179.660,-0.002,5
149.2160,0.60635,0.98052,-0.00067,0.61790,1.00000,179.537,-0.006,5
149.2660,0.59887,0.98168,-0.00061,0.61040,1.00000,179.574,-0.010,5
149.3160,0.59136,0.98270,-0.00057,0.60290,1.00000,179.636,-0.010,5
149.3660,0.58382,0.98359,-0.00053,0.59540,1.00000,179.693,-0.010,5
149.4160,0.57626,0.98437,-0.00050,0.58790,1.00000,179.739,-0.009,5
149.4660,0.56868,0.98503,-0.00048,0.58040,1.00000,179.778,-0.009,5
149.5160,0.56109,0.98560,-0.00046,0.57290,1.00000,179.811,-0.008,5
149.5660,0.55349,0.98607,-0.00045,0.56540,1.00000,179.838,-0.008,5
149.6160,0.54588,0.98646,-0.00045,0.55790,1.00000,179.860,-0.008,5
149.6660,0.53826,0.98678,-0.00044,0.55040,1.00000,179.879,-0.007,5
149.7160,0.53063,0.98703,-0.00045,0.54290,1.00000,179.895,-0.007,5
149.7660,0.52300,0.98722,-0.00045,0.53540,1.00000,179.908,-0.007,5
149.8160,0.51537,0.98735,-0.00046,0.52790,1.00000,179.919,-0.007,5
149.8660,0.50774,0.98744,-0.00047,0.52040,1.00000,179.928,-0.006,5
149.9160,0.50011,0.98749,-0.00048,0.51290,1.00000,179.936,-0.006,5
149.9660,0.49248,0.98750,-0.00050,0.50540,1.00000,179.942,-0.006,5
150.0160,0.48486,0.98748,-0.00051,0.49790,1.00000,179.947,-0.006,5
150.0660,0.47724,0.98743,-0.00053,0.49040,1.00000,179.951,-0.006,5
150.1160,0.46962,0.98736,-0.00055,0.48290,1.00000,179.955,-0.006,5
150.1660,0.46201,0.98727,-0.00057,0.47540,1.00000,179.958,-0.006,5
150.2160,0.45441,0.98716,-0.00059,0.46790,1.00000,179.960,-0.006,5
150.2660,0.44681,0.98704,-0.00061,0.46040,1.00000,179.962,-0.006,5
150.3160,0.43922,0.98690,-0.00064,0.45290,1.00000,179.963,-0.006,5
150.3660,0.43163,0.98676,-0.00066,0.44540,1.00000,179.965,-0.006,5
150.4160,0.42405,0.98661,-0.00068,0.43790,1.00000,179.965,-0.006,5
150.4660,0.41648,0.98646,-0.00070,0.43040,1.00000,179.966,-0.006,5
150.5160,0.40891,0.98631,-0.00073,0.42290,1.00000,179.967,-0.006,5
150.5660,0.40135,0.98615,-0.00075,0.41540,1.00000,179.967,-0.006,5
150.6160,0.39380,0.98600,-0.00077,0.40790,1.00000,179.967,-0.006,5
150.6660,0.38625,0.98584,-0.00079,0.40040,1.00000,179.967,-0.006,5
150.7160,0.37871,0.98569,-0.00081,0.39290,1.00000,179.967,-0.006,5
150.7660,0.37117,0.98554,-0.00083,0.38540,1.00000,179.967,-0.006,5
150.8160,0.36364,0.98540,-0.00085,0.37790,1.00000,179.966,-0.006,5
150.8660,0.35611,0.98526,-0.00087,0.37040,1.00000,179.966,-0.006,5
150.9160,0.34859,0.98512,-0.00089,0.36290,1.00000,179.966,-0.006,5
150.9660,0.34107,0.98499,-0.00091,0.35540,1.00000,179.966,-0.006,5
151.0160,0.33355,0.98487,-0.00093,0.34790,1.00000,179.965,-0.006,5
151.0660,0.32604,0.98475,-0.00094,0.34040,1.00000,179.965,-0.006,5
151.1160,0.31853,0.98463,-0.00096,0.33290,1.00000,179.964,-0.006,5
151.1660,0.31102,0.98452,-0.00097,0.32540,1.00000,179.964,-0.006,5
151.2160,0.30352,0.98442,-0.00099,0.31790,1.00000,179.964,-0.006,5
151.2660,0.29602,0.98433,-0.00100,0.31040,1.00000,179.963,-0.006,5
151.3160,0.28852,0.98424,-0.00101,0.30290,1.00000,179.963,-0.006,5
151.3660,0.28102,0.98415,-0.00103,0.29540,1.00000,179.963,-0.007,5
151.4160,0.27352,0.98407,-0.00104,0.28790,1.00000,179.962,-0.007,5
151.4660,0.26602,0.98400,-0.00105,0.28040,1.00000,179.962,-0.007,5
151.5160,0.25853,0.98393,-0.00106,0.27290,1.00000,179.962,-0.007,5
151.5660,0.25103,0.98387,-0.00107,0.26540,1.00000,179.961,-0.007,5
151.6160,0.24354,0.98381,-0.00108,0.25790,1.00000,179.961,-0.007,5
151.6660,0.23605,0.98376,-0.00109,0.25040,1.00000,179.961,-0.007,5
151.7160,0.22855,0.98371,-0.00109,0.24290,1.00000,179.961,-0.007,5
151.7660,0.22106,0.98366,-0.00110,0.23540,1.00000,179.960,-0.007,5
151.8160,0.21357,0.98362,-0.00111,0.22790,1.00000,179.960,-0.007,5
151.8660,0.20607,0.98358,-0.00111,0.22040,1.00000,179.960,-0.007,5
151.9160,0.19858,0.98355,-0.00112,0.21290,1.00000,179.960,-0.007,5
151.9660,0.19109,0.98352,-0.00112,0.20540,1.00000,179.960,-0.007,5
152.0160,0.18360,0.98349,-0.00113,0.19790,1.00000,179.959,-0.007,5
152.0660,0.17610,0.98347,-0.00113,0.19040,1.00000,179.959,-0.007,5
152.1160,0.16861,0.98345,-0.00114,0.18290,1.00000,179.959,-0.007,5
152.1660,0.16112,0.98343,-0.00114,0.17540,1.00000,179.959,-0.007,5
152.2160,0.15362,0.98341,-0.00114,0.16790,1.00000,179.959,-0.007,5
152.2660,0.14613,0.98339,-0.00115,0.16040,1.00000,179.959,-0.007,5
152.3160,0.13863,0.98338,-0.00115,0.15290,1.00000,179.959,-0.007,5
152.3660,0.13114,0.98337,-0.00115,0.14540,1.00000,179.959,-0.007,5
152.4160,0.12364,0.98336,-0.00115,0.13790,1.00000,179.959,-0.007,5
152.4660,0.11615,0.98335,-0.00115,0.13040,1.00000,179.959,-0.007,5
152.5160,0.10865,0.98335,-0.00116,0.12290,1.00000,179.959,-0.007,5
152.5660,0.10115,0.98334,-0.00116,0.11540,1.00000,179.958,-0.007,5
152.6160,0.09366,0.98334,-0.00116,0.10790,1.00000,179.958,-0.007,5
152.6660,0.08616,0.98333,-0.00116,0.10040,1.00000,179.958,-0.007,5
152.7160,0.07866,0.98333,-0.00116,0.09290,1.00000,179.958,-0.007,5
152.7660,0.07116,0.98333,-0.00116,0.08540,1.00000,179.958,-0.007,5
152.8160,0.06366,0.98333,-0.00116,0.07790,1.00000,179.958,-0.007,5
152.8660,0.05617,0.98333,-0.00116,0.07040,1.00000,179.958,-0.007,5
152.9160,0.04867,0.98333,-0.00116,0.06290,1.00000,179.958,-0.007,5
152.9660,0.04117,0.98333,-0.00116,0.05540,1.00000,179.958,-0.007,5
153.0160,0.03367,0.98333,-0.00116,0.04790,1.00000,179.958,-0.007,5
153.0660,0.02617,0.98333,-0.00116,0.04040,1.00000,179.958,-0.007,5
153.1160,0.01867,0.98333,-0.00116,0.03290,1.00000,179.958,-0.007,5
153.1660,0.01117,0.98333,-0.00116,0.02540,1.00000,179.958,-0.007,5
153.2160,0.00367,0.98333,-0.00116,0.01790,1.00000,179.958,-0.007,5
153.2660,-0.00383,0.98334,-0.00116,0.01040,1.00000,179.958,-0.007,5
153.3160,-0.01133,0.98334,-0.00116,0.00290,1.00000,179.958,-0.007,5
153.3660,-0.01876,0.98329,-0.00116,0.00000,0.99540,-179.957,-0.006,5
153.4160,-0.02524,0.98261,-0.00116,0.00000,0.98790,-178.430,0.010,5
153.4660,-0.03044,0.98095,-0.00115,0.00000,0.98040,-175.353,0.015,5
153.5160,-0.03450,0.97858,-0.00115,0.00000,0.97290,-171.847,0.009,5
153.5660,-0.03758,0.97567,-0.00114,0.00000,0.96540,-168.359,0.004,5
153.6160,-0.03986,0.97228,-0.00114,0.00000,0.95790,-164.946,0.001,5
153.6660,-0.04149,0.96845,-0.00113,0.00000,0.95040,-161.602,-0.001,5
153.7160,-0.04261,0.96421,-0.00113,0.00000,0.94290,-158.312,-0.002,5
153.7660,-0.04333,0.95957,-0.00113,0.00000,0.93540,-155.067,-0.002,5
153.8160,-0.04376,0.95456,-0.00113,0.00000,0.92790,-151.857,-0.002,5
153.8660,-0.04398,0.94917,-0.00112,0.00000,0.92040,-148.677,-0.001,5
153.9160,-0.04405,0.94342,-0.00112,0.00000,0.91290,-145.521,-0.001,5
153.9660,-0.04404,0.93731,-0.00112,0.00000,0.90540,-142.387,0.000,5
154.0160,-0.04399,0.93086,-0.00112,0.00000,0.89790,-139.271,0.001,5
154.0660,-0.04392,0.92405,-0.00112,0.00000,0.89040,-136.171,0.001,5
154.1160,-0.04385,0.91692,-0.00112,0.00000,0.88290,-133.084,0.002,5
154.1660,-0.04381,0.90945,-0.00112,0.00000,0.87540,-130.010,0.002,5
154.2160,-0.04379,0.90167,-0.00112,0.00000,0.86790,-126.947,0.001,5
154.2660,-0.04381,0.89359,-0.00112,0.00000,0.86040,-123.894,0.001,5
154.3160,-0.04384,0.88521,-0.00112,0.00000,0.85290,-120.849,0.000,5
154.3660,-0.04389,0.87655,-0.00112,0.00000,0.84540,-117.812,-0.001,5
154.4160,-0.04395,0.86762,-0.00112,0.00000,0.83790,-114.781,-0.002,5
154.4660,-0.04399,0.85845,-0.00112,0.00000,0.83040,-111.755,-0.003,5
154.5160,-0.04401,0.84904,-0.00112,0.00000,0.82290,-108.733,-0.004,5
154.5660,-0.04399,0.83943,-0.00112,0.00000,0.81540,-105.714,-0.006,5
154.6160,-0.04390,0.82962,-0.00112,0.00000,0.80790,-102.697,-0.007,5
154.6660,-0.04373,0.81966,-0.00112,0.00000,0.80040,-99.680,-0.009,5
154.7160,-0.04346,0.80955,-0.00112,0.00000,0.79290,-96.666,-0.010,5
154.7660,-0.04308,0.79935,-0.00112,0.00000,0.78540,-93.697,-0.012,5
154.8160,-0.04257,0.78908,-0.00112,0.00000,0.77790,-91.136,-0.013,5
154.8660,-0.04194,0.77884,-0.00112,0.00000,0.77040,-90.190,-0.014,5
154.9160,-0.04122,0.76874,-0.00112,0.00000,0.76290,-90.101,-0.015,5
154.9660,-0.04043,0.75878,-0.00112,0.00000,0.75540,-90.102,-0.016,5
155.0160,-0.03960,0.74899,-0.00112,0.00000,0.74790,-90.081,-0.016,5
155.0660,-0.03872,0.73935,-0.00112,0.00000,0.74040,-90.059,-0.017,5
155.1160,-0.03782,0.72986,-0.00112,0.00000,0.73290,-90.041,-0.017,5
155.1660,-0.03691,0.72054,-0.00112,0.00000,0.72540,-90.026,-0.018,5
155.2160,-0.03598,0.71138,-0.00113,0.00000,0.71790,-90.014,-0.018,5
155.2660,-0.03506,0.70236,-0.00113,0.00000,0.71040,-90.004,-0.018,5
155.3160,-0.03415,0.69350,-0.00113,0.00000,0.70290,-89.996,-0.018,5
155.3660,-0.03324,0.68478,-0.00113,0.00000,0.69540,-89.990,-0.018,5
155.4160,-0.03236,0.67619,-0.00113,0.00000,0.68790,-89.985,-0.017,5
155.4660,-0.03149,0.66774,-0.00113,0.00000,0.68040,-89.980,-0.017,5
155.5160,-0.03066,0.65940,-0.00113,0.00000,0.67290,-89.976,-0.017,5
155.5660,-0.02985,0.65118,-0.00113,0.00000,0.66540,-89.973,-0.016,5
155.6160,-0.02907,0.64307,-0.00113,0.00000,0.65790,-89.971,-0.016,5
155.6660,-0.02832,0.63506,-0.00113,0.00000,0.65040,-89.969,-0.016,5
155.7160,-0.02761,0.62714,-0.00113,0.00000,0.64290,-89.967,-0.015,5
155.7660,-0.02693,0.61930,-0.00113,0.00000,0.63540,-89.966,-0.015,5
155.8160,-0.02629,0.61153,-0.00113,0.00000,0.62790,-89.965,-0.014,5
155.8660,-0.02568,0.60384,-0.00113,0.00000,0.62040,-89.964,-0.014,5
155.9160,-0.02510,0.59620,-0.00113,0.00000,0.61290,-89.963,-0.014,5
155.9660,-0.02456,0.58862,-0.00113,0.00000,0.60540,-89.962,-0.013,5
156.0160,-0.02405,0.58109,-0.00113,0.00000,0.59790,-89.962,-0.013,5
156.0660,-0.02358,0.57360,-0.00113,0.00000,0.59040,-89.962,-0.013,5
156.1160,-0.02314,0.56614,-0.00113,0.00000,0.58290,-89.961,-0.012,5
156.1660,-0.02272,0.55872,-0.00113,0.00000,0.57540,-89.961,-0.012,5
156.2160,-0.02234,0.55132,-0.00113,0.00000,0.56790,-89.961,-0.012,5
156.2660,-0.02199,0.54394,-0.00113,0.00000,0.56040,-89.961,-0.011,5
156.3160,-0.02166,0.53658,-0.00113,0.00000,0.55290,-89.961,-0.011,5
156.3660,-0.02136,0.52923,-0.00114,0.00000,0.54540,-89.962,-0.011,5
156.4160,-0.02109,0.52190,-0.00114,0.00000,0.53790,-89.962,-0.011,5
156.4660,-0.02084,0.51457,-0.00114,0.00000,0.53040,-89.962,-0.010,5
156.5160,-0.02061,0.50724,-0.00114,0.00000,0.52290,-89.962,-0.010,5
156.5660,-0.02040,0.49991,-0.00114,0.00000,0.51540,-89.963,-0.010,5
156.6160,-0.02021,0.49259,-0.00114,0.00000,0.50790,-89.963,-0.010,5
156.6660,-0.02004,0.48526,-0.00114,0.00000,0.50040,-89.964,-0.010,5
156.7160,-0.01989,0.47793,-0.00114,0.00000,0.49290,-89.964,-0.010,5
156.7660,-0.01975,0.47059,-0.00114,0.00000,0.48540,-89.964,-0.009,5
156.8160,-0.01963,0.46325,-0.00114,0.00000,0.47790,-89.965,-0.009,5
156.8660,-0.01952,0.45590,-0.00114,0.00000,0.47040,-89.965,-0.009,5
156.9160,-0.01943,0.44855,-0.00114,0.00000,0.46290,-89.966,-0.009,5
156.9660,-0.01934,0.44118,-0.00114,0.00000,0.45540,-89.966,-0.009,5
157.0160,-0.01927,0.43381,-0.00114,0.00000,0.44790,-89.967,-0.009,5
157.0660,-0.01921,0.42643,-0.00114,0.00000,0.44040,-89.967,-0.009,5
157.1160,-0.01915,0.41904,-0.00114,0.00000,0.43290,-89.967,-0.009,5
157.1660,-0.01911,0.41164,-0.00114,0.00000,0.42540,-89.968,-0.009,5
157.2160,-0.01907,0.40423,-0.00114,0.00000,0.41790,-89.968,-0.009,5
157.2660,-0.01904,0.39682,-0.00114,0.00000,0.41040,-89.968,-0.009,5
157.3160,-0.01901,0.38939,-0.00114,0.00000,0.40290,-89.969,-0.009,5
157.3660,-0.01899,0.38196,-0.00114,0.00000,0.39540,-89.969,-0.009,5
157.4160,-0.01898,0.37452,-0.00114,0.00000,0.38790,-89.969,-0.009,5
157.4660,-0.01896,0.36707,-0.00114,0.00000,0.38040,-89.970,-0.009,5
157.5160,-0.01896,0.35962,-0.00114,0.00000,0.37290,-89.970,-0.009,5
157.5660,-0.01895,0.35216,-0.00114,0.00000,0.36540,-89.970,-0.009,5
157.6160,-0.01895,0.34469,-0.00114,0.00000,0.35790,-89.971,-0.009,5
157.6660,-0.01895,0.33722,-0.00114,0.00000,0.35040,-89.971,-0.009,5
157.7160,-0.01896,0.32975,-0.00114,0.00000,0.34290,-89.971,-0.009,5
157.7660,-0.01896,0.32226,-0.00114,0.00000,0.33540,-89.971,-0.009,5
157.8160,-0.01897,0.31478,-0.00114,0.00000,0.32790,-89.971,-0.009,5
157.8660,-0.01898,0.30729,-0.00114,0.00000,0.32040,-89.971,-0.009,5
157.9160,-0.01899,0.29980,-0.00114,0.00000,0.31290,-89.972,-0.009,5
157.9660,-0.01900,0.29230,-0.00114,0.00000,0.30540,-89.972,-0.009,5
158.0160,-0.01901,0.28481,-0.00114,0.00000,0.29790,-89.972,-0.009,5
158.0660,-0.01902,0.27731,-0.00114,0.00000,0.29040,-89.972,-0.009,5
158.1160,-0.01904,0.26980,-0.00114,0.00000,0.28290,-89.972,-0.009,5
158.1660,-0.01905,0.26230,-0.00114,0.00000,0.27540,-89.972,-0.009,5
158.2160,-0.01906,0.25479,-0.00114,0.00000,0.26790,-89.972,-0.009,5
158.2660,-0.01907,0.24729,-0.00114,0.00000,0.26040,-89.972,-0.009,5
158.3160,-0.01909,0.23978,-0.00114,0.00000,0.25290,-89.972,-0.009,5
158.3660,-0.01910,0.23227,-0.00114,0.00000,0.24540,-89.972,-0.009,5
158.4160,-0.01911,0.22476,-0.00114,0.00000,0.23790,-89.972,-0.009,5
158.4660,-0.01912,0.21725,-0.00114,0.00000,0.23040,-89.972,-0.009,5
158.5160,-0.01913,0.20974,-0.00114,0.00000,0.22290,-89.972,-0.009,5
158.5660,-0.01914,0.20223,-0.00114,0.00000,0.21540,-89.972,-0.009,5
158.6160,-0.01915,0.19472,-0.00114,0.00000,0.20790,-89.972,-0.009,5
158.6660,-0.01916,0.18721,-0.00114,0.00000,0.20040,-89.972,-0.009,5
158.7160,-0.01917,0.17971,-0.00114,0.00000,0.19290,-89.972,-0.009,5
158.7660,-0.01918,0.17220,-0.00114,0.00000,0.18540,-89.972,-0.010,5
158.8160,-0.01919,0.16469,-0.00114,0.00000,0.17790,-89.972,-0.010,5
158.8660,-0.01920,0.15718,-0.00114,0.00000,0.17040,-89.972,-0.010,5
158.9160,-0.01921,0.14967,-0.00114,0.00000,0.16290,-89.972,-0.010,5
158.9660,-0.01921,0.14216,-0.00114,0.00000,0.15540,-89.972,-0.010,5
159.0160,-0.01922,0.13466,-0.00114,0.00000,0.14790,-89.972,-0.010,5
159.0660,-0.01923,0.12715,-0.00114,0.00000,0.14040,-89.972,-0.010,5
159.1160,-0.01923,0.11964,-0.00114,0.00000,0.13290,-89.972,-0.010,5
159.1660,-0.01924,0.11214,-0.00114,0.00000,0.12540,-89.972,-0.010,5
159.2160,-0.01924,0.10463,-0.00114,0.00000,0.11790,-89.972,-0.010,5
159.2660,-0.01925,0.09713,-0.00114,0.00000,0.11040,-89.972,-0.010,5
159.3160,-0.01925,0.08962,-0.00114,0.00000,0.10290,-89.972,-0.010,5
159.3660,-0.01926,0.08212,-0.00114,0.00000,0.09540,-89.972,-0.010,5
159.4160,-0.01926,0.07462,-0.00114,0.00000,0.08790,-89.972,-0.010,5
159.4660,-0.01926,0.06711,-0.00114,0.00000,0.08040,-89.972,-0.010,5
159.5160,-0.01927,0.05961,-0.00114,0.00000,0.07290,-89.972,-0.010,5
159.5660,-0.01927,0.05211,-0.00114,0.00000,0.06540,-89.972,-0.010,5
159.6160,-0.01927,0.04461,-0.00114,0.00000,0.05790,-89.972,-0.010,5
159.6660,-0.01927,0.03711,-0.00114,0.00000,0.05040,-89.972,-0.010,5
159.7160,-0.01928,0.02960,-0.00114,0.00000,0.04290,-89.972,-0.010,5
159.7660,-0.01928,0.02210,-0.00114,0.00000,0.03540,-89.972,-0.010,5
159.8160,-0.01928,0.01460,-0.00114,0.00000,0.02790,-89.972,-0.010,5
159.8660,-0.01928,0.00710,-0.00114,0.00000,0.02040,-89.972,-0.010,5
159.9160,-0.01928,-0.00040,-0.00114,0.00000,0.01290,-89.972,-0.010,5
159.9660,-0.01928,-0.00790,-0.00114,0.00000,0.00540,-89.972,-0.010,5
160.0160,-0.01924,-0.01534,-0.00114,0.00210,0.00000,-89.887,-0.009,6
160.0660,-0.01858,-0.02192,-0.00114,0.00960,0.00000,-88.368,0.008,6
160.1160,-0.01713,-0.02751,-0.00114,0.01710,0.00000,-85.421,0.010,6
160.1660,-0.01496,-0.03224,-0.00113,0.02460,0.00000,-82.046,0.004,6
160.2160,-0.01217,-0.03624,-0.00113,0.03210,0.00000,-78.666,-0.002,6
160.2660,-0.00879,-0.03960,-0.00113,0.03960,0.00000,-75.344,-0.006,6
160.3160,-0.00488,-0.04245,-0.00113,0.04710,0.00000,-72.076,-0.009,6
160.3660,-0.00046,-0.04486,-0.00113,0.05460,0.00000,-68.852,-0.011,6
160.4160,0.00445,-0.04693,-0.00112,0.06210,0.00000,-65.666,-0.013,6
160.4660,0.00983,-0.04872,-0.00112,0.06960,0.00000,-62.511,-0.014,6
160.5160,0.01565,-0.05030,-0.00112,0.07710,0.00000,-59.384,-0.016,6
160.5660,0.02191,-0.05169,-0.00112,0.08460,0.00000,-56.279,-0.017,6
160.6160,0.02860,-0.05295,-0.00112,0.09210,0.00000,-53.195,-0.018,6
160.6660,0.03570,-0.05409,-0.00112,0.09960,0.00000,-50.127,-0.019,6
160.7160,0.04321,-0.05512,-0.00112,0.10710,0.00000,-47.074,-0.020,6
160.7660,0.05110,-0.05604,-0.00112,0.11460,0.00000,-44.033,-0.022,6
160.8160,0.05936,-0.05685,-0.00112,0.12210,0.00000,-41.001,-0.024,6
160.8660,0.06797,-0.05754,-0.00112,0.12960,0.00000,-37.977,-0.025,6
160.9160,0.07690,-0.05809,-0.00112,0.13710,0.00000,-34.959,-0.027,6
160.9660,0.08612,-0.05849,-0.00112,0.14460,0.00000,-31.945,-0.029,6
161.0160,0.09561,-0.05872,-0.00112,0.15210,0.00000,-28.932,-0.032,6
161.0660,0.10531,-0.05876,-0.00112,0.15960,0.00000,-25.919,-0.034,6
161.1160,0.11521,-0.05858,-0.00112,0.16710,0.00000,-22.903,-0.036,6
161.1660,0.12526,-0.05818,-0.00112,0.17460,0.00000,-19.882,-0.039,6
161.2160,0.13541,-0.05753,-0.00112,0.18210,0.00000,-16.854,-0.041,6
161.2660,0.14564,-0.05664,-0.00112,0.18960,0.00000,-13.816,-0.043,6
161.3160,0.15588,-0.05549,-0.00111,0.19710,0.00000,-10.766,-0.045,6
161.3660,0.16611,-0.05407,-0.00111,0.20460,0.00000,-7.704,-0.047,6
161.4160,0.17629,-0.05239,-0.00111,0.21210,0.00000,-4.670,-0.049,6
161.4660,0.18635,-0.05046,-0.00111,0.21960,0.00000,-2.023,-0.051,6
161.5160,0.19620,-0.04838,-0.00111,0.22710,0.00000,-1.041,-0.052,6
161.5660,0.20575,-0.04629,-0.00111,0.23460,0.00000,-0.892,-0.054,6
161.6160,0.21501,-0.04426,-0.00110,0.24210,0.00000,-0.822,-0.055,6
161.6660,0.22402,-0.04229,-0.00110,0.24960,0.00000,-0.740,-0.056,6
161.7160,0.23279,-0.04039,-0.00110,0.25710,0.00000,-0.668,-0.056,6
161.7660,0.24136,-0.03857,-0.00110,0.26460,0.00000,-0.608,-0.057,6
161.8160,0.24974,-0.03682,-0.00110,0.27210,0.00000,-0.559,-0.057,6
161.8660,0.25796,-0.03516,-0.00110,0.27960,0.00000,-0.518,-0.057,6
161.9160,0.26603,-0.03358,-0.00110,0.28710,0.00000,-0.484,-0.056,6
161.9660,0.27397,-0.03208,-0.00110,0.29460,0.00000,-0.456,-0.056,6
162.0160,0.28180,-0.03067,-0.00110,0.30210,0.00000,-0.432,-0.056,6
162.0660,0.28953,-0.02935,-0.00110,0.30960,0.00000,-0.413,-0.055,6
162.1160,0.29718,-0.02810,-0.00110,0.31710,0.00000,-0.396,-0.055,6
162.1660,0.30475,-0.02694,-0.00110,0.32460,0.00000,-0.382,-0.055,6
162.2160,0.31226,-0.02586,-0.00110,0.33210,0.00000,-0.370,-0.054,6
162.2660,0.31972,-0.02485,-0.00111,0.33960,0.00000,-0.360,-0.054,6
162.3160,0.32714,-0.02392,-0.00111,0.34710,0.00000,-0.352,-0.053,6
162.3660,0.33452,-0.02306,-0.00111,0.35460,0.00000,-0.345,-0.053,6
162.4160,0.34187,-0.02227,-0.00111,0.36210,0.00000,-0.339,-0.053,6
162.4660,0.34920,-0.02154,-0.00111,0.36960,0.00000,-0.334,-0.052,6
162.5160,0.35651,-0.02087,-0.00111,0.37710,0.00000,-0.329,-0.052,6
162.5660,0.36381,-0.02027,-0.00111,0.38460,0.00000,-0.325,-0.052,6
162.6160,0.37110,-0.01971,-0.00111,0.39210,0.00000,-0.322,-0.051,6
162.6660,0.37839,-0.01921,-0.00111,0.39960,0.00000,-0.319,-0.051,6
162.7160,0.38568,-0.01876,-0.00111,0.40710,0.00000,-0.317,-0.051,6
162.7660,0.39296,-0.01836,-0.00112,0.41460,0.00000,-0.314,-0.051,6
162.8160,0.40025,-0.01799,-0.00112,0.42210,0.00000,-0.313,-0.050,6
162.8660,0.40755,-0.01767,-0.00112,0.42960,0.00000,-0.311,-0.050,6
162.9160,0.41484,-0.01738,-0.00112,0.43710,0.00000,-0.309,-0.050,6
162.9660,0.42215,-0.01713,-0.00112,0.44460,0.00000,-0.308,-0.050,6
163.0160,0.42947,-0.01691,-0.00112,0.45210,0.00000,-0.307,-0.050,6
163.0660,0.43679,-0.01672,-0.00112,0.45960,0.00000,-0.306,-0.050,6
163.1160,0.44412,-0.01655,-0.00112,0.46710,0.00000,-0.305,-0.050,6
163.1660,0.45146,-0.01641,-0.00112,0.47460,0.00000,-0.304,-0.050,6
163.2160,0.45881,-0.01629,-0.00112,0.48210,0.00000,-0.303,-0.050,6
163.2660,0.46617,-0.01619,-0.00112,0.48960,0.00000,-0.303,-0.050,6
163.3160,0.47354,-0.01611,-0.00112,0.49710,0.00000,-0.302,-0.050,6
163.3660,0.48092,-0.01604,-0.00113,0.50460,0.00000,-0.302,-0.050,6
163.4160,0.48831,-0.01599,-0.00113,0.51210,0.00000,-0.301,-0.050,6
163.4660,0.49571,-0.01595,-0.00113,0.51960,0.00000,-0.301,-0.050,6
163.5160,0.50311,-0.01593,-0.00113,0.52710,0.00000,-0.300,-0.050,6
163.5660,0.51052,-0.01591,-0.00113,0.53460,0.00000,-0.300,-0.050,6
163.6160,0.51794,-0.01590,-0.00113,0.54210,0.00000,-0.300,-0.050,6
163.6660,0.52537,-0.01590,-0.00113,0.54960,0.00000,-0.299,-0.050,6
163.7160,0.53281,-0.01591,-0.00113,0.55710,0.00000,-0.299,-0.050,6
163.7660,0.54025,-0.01592,-0.00113,0.56460,0.00000,-0.299,-0.050,6
163.8160,0.54769,-0.01594,-0.00113,0.57210,0.00000,-0.299,-0.050,6
163.8660,0.55515,-0.01597,-0.00113,0.57960,0.00000,-0.298,-0.050,6
163.9160,0.56260,-0.01599,-0.00113,0.58710,0.00000,-0.298,-0.050,6
163.9660,0.57006,-0.01602,-0.00113,0.59460,0.00000,-0.298,-0.050,6
164.0160,0.57753,-0.01605,-0.00113,0.60210,0.00000,-0.298,-0.050,6
164.0660,0.58500,-0.01608,-0.00113,0.60960,0.00000,-0.298,-0.050,6
164.1160,0.59248,-0.01612,-0.00113,0.61710,0.00000,-0.298,-0.050,6
164.1660,0.59995,-0.01615,-0.00113,0.62460,0.00000,-0.298,-0.050,6
164.2160,0.60743,-0.01619,-0.00113,0.63210,0.00000,-0.297,-0.050,6
164.2660,0.61492,-0.01622,-0.00113,0.63960,0.00000,-0.297,-0.050,6
164.3160,0.62240,-0.01626,-0.00113,0.64710,0.00000,-0.297,-0.050,6
164.3660,0.62989,-0.01629,-0.00113,0.65460,0.00000,-0.297,-0.050,6
164.4160,0.63738,-0.01632,-0.00113,0.66210,0.00000,-0.297,-0.050,6
164.4660,0.64487,-0.01636,-0.00113,0.66960,0.00000,-0.297,-0.050,6
164.5160,0.65236,-0.01639,-0.00113,0.67710,0.00000,-0.297,-0.050,6
164.5660,0.65986,-0.01642,-0.00113,0.68460,0.00000,-0.297,-0.050,6
164.6160,0.66735,-0.01645,-0.00113,0.69210,0.00000,-0.297,-0.050,6
164.6660,0.67485,-0.01648,-0.00113,0.69960,0.00000,-0.297,-0.050,6
164.7160,0.68235,-0.01651,-0.00113,0.70710,0.00000,-0.297,-0.050,6
164.7660,0.68985,-0.01653,-0.00113,0.71460,0.00000,-0.297,-0.050,6
164.8160,0.69735,-0.01656,-0.00113,0.72210,0.00000,-0.297,-0.050,6
164.8660,0.70485,-0.01658,-0.00113,0.72960,0.00000,-0.297,-0.050,6
164.9160,0.71235,-0.01661,-0.00113,0.73710,0.00000,-0.297,-0.050,6
164.9660,0.71985,-0.01663,-0.00113,0.74460,0.00000,-0.297,-0.050,6
165.0160,0.72735,-0.01665,-0.00113,0.75210,0.00000,-0.297,-0.050,6
165.0660,0.73485,-0.01667,-0.00113,0.75960,0.00000,-0.297,-0.050,6
165.1160,0.74235,-0.01668,-0.00113,0.76710,0.00000,-0.297,-0.050,6
165.1660,0.74985,-0.01670,-0.00113,0.77460,0.00000,-0.297,-0.050,6
165.2160,0.75735,-0.01671,-0.00113,0.78210,0.00000,-0.297,-0.050,6
165.2660,0.76486,-0.01673,-0.00113,0.78960,0.00000,-0.297,-0.050,6
165.3160,0.77236,-0.01674,-0.00113,0.79710,0.00000,-0.297,-0.050,6
165.3660,0.77986,-0.01675,-0.00113,0.80460,0.00000,-0.297,-0.050,6
165.4160,0.78736,-0.01676,-0.00113,0.81210,0.00000,-0.297,-0.050,6
165.4660,0.79486,-0.01677,-0.00113,0.81960,0.00000,-0.297,-0.050,6
165.5160,0.80237,-0.01678,-0.00113,0.82710,0.00000,-0.297,-0.050,6
165.5660,0.80987,-0.01679,-0.00113,0.83460,0.00000,-0.297,-0.050,6
165.6160,0.81737,-0.01680,-0.00113,0.84210,0.00000,-0.297,-0.050,6
165.6660,0.82487,-0.01680,-0.00113,0.84960,0.00000,-0.297,-0.050,6
165.7160,0.83237,-0.01681,-0.00113,0.85710,0.00000,-0.297,-0.050,6
165.7660,0.83987,-0.01682,-0.00113,0.86460,0.00000,-0.297,-0.050,6
165.8160,0.84738,-0.01682,-0.00113,0.87210,0.00000,-0.297,-0.050,6
165.8660,0.85488,-0.01682,-0.00113,0.87960,0.00000,-0.297,-0.050,6
165.9160,0.86238,-0.01683,-0.00113,0.88710,0.00000,-0.297,-0.050,6
165.9660,0.86988,-0.01683,-0.00113,0.89460,0.00000,-0.297,-0.050,6
166.0160,0.87738,-0.01683,-0.00113,0.90210,0.00000,-0.297,-0.050,6
166.0660,0.88488,-0.01684,-0.00113,0.90960,0.00000,-0.297,-0.050,6
166.1160,0.89238,-0.01684,-0.00113,0.91710,0.00000,-0.297,-0.050,6
166.1660,0.89988,-0.01684,-0.00113,0.92460,0.00000,-0.297,-0.050,6
166.2160,0.90738,-0.01684,-0.00113,0.93210,0.00000,-0.297,-0.050,6
166.2660,0.91488,-0.01684,-0.00113,0.93960,0.00000,-0.297,-0.050,6
166.3160,0.92238,-0.01684,-0.00113,0.94710,0.00000,-0.297,-0.050,6
166.3660,0.92989,-0.01684,-0.00113,0.95460,0.00000,-0.297,-0.050,6
166.4160,0.93739,-0.01685,-0.00113,0.96210,0.00000,-0.297,-0.050,6
166.4660,0.94489,-0.01685,-0.00113,0.96960,0.00000,-0.297,-0.050,6
166.5160,0.95239,-0.01685,-0.00113,0.97710,0.00000,-0.297,-0.050,6
166.5660,0.95989,-0.01685,-0.00113,0.98460,0.00000,-0.297,-0.050,6
166.6160,0.96739,-0.01685,-0.00113,0.99210,0.00000,-0.297,-0.050,6
166.6660,0.97489,-0.01685,-0.00113,0.99960,0.00000,-0.297,-0.050,6
166.7160,0.98232,-0.01680,-0.00113,1.00000,0.00710,-0.214,-0.049,6
166.7660,0.98886,-0.01611,-0.00113,1.00000,0.01460,1.277,-0.032,6
166.8160,0.99439,-0.01446,-0.00113,1.00000,0.02210,4.389,-0.028,6
166.8660,0.99903,-0.01185,-0.00113,1.00000,0.02960,8.043,-0.035,6
166.9160,1.00290,-0.00836,-0.00113,1.00000,0.03710,11.691,-0.040,6
166.9660,1.00608,-0.00409,-0.00112,1.00000,0.04460,15.237,-0.044,6
167.0160,1.00864,0.00090,-0.00112,1.00000,0.05210,18.688,-0.046,6
167.0660,1.01066,0.00652,-0.00112,1.00000,0.05960,22.061,-0.047,6
167.1160,1.01220,0.01272,-0.00112,1.00000,0.06710,25.370,-0.048,6
167.1660,1.01331,0.01944,-0.00112,1.00000,0.07460,28.625,-0.049,6
167.2160,1.01405,0.02663,-0.00112,1.00000,0.08210,31.837,-0.049,6
167.2660,1.01444,0.03423,-0.00112,1.00000,0.08960,35.013,-0.049,6
167.3160,1.01452,0.04221,-0.00112,1.00000,0.09710,38.159,-0.050,6
167.3660,1.01432,0.05051,-0.00112,1.00000,0.10460,41.280,-0.050,6
167.4160,1.01386,0.05909,-0.00112,1.00000,0.11210,44.381,-0.050,6
167.4660,1.01316,0.06791,-0.00112,1.00000,0.11960,47.465,-0.050,6
167.5160,1.01223,0.07692,-0.00112,1.00000,0.12710,50.536,-0.051,6
167.5660,1.01110,0.08609,-0.00112,1.00000,0.13460,53.595,-0.051,6
167.6160,1.00977,0.09537,-0.00112,1.00000,0.14210,56.645,-0.051,6
167.6660,1.00826,0.10472,-0.00112,1.00000,0.14960,59.687,-0.052,6
167.7160,1.00659,0.11410,-0.00112,1.00000,0.15710,62.723,-0.052,6
167.7660,1.00478,0.12348,-0.00112,1.00000,0.16460,65.753,-0.053,6
167.8160,1.00284,0.13283,-0.00112,1.00000,0.17210,68.778,-0.053,6
167.8660,1.00079,0.14212,-0.00112,1.00000,0.17960,71.798,-0.053,6
167.9160,0.99866,0.15131,-0.00112,1.00000,0.18710,74.813,-0.054,6
167.9660,0.99646,0.16039,-0.00112,1.00000,0.19460,77.824,-0.054,6
168.0160,0.99422,0.16933,-0.00112,1.00000,0.20210,80.829,-0.054,6
168.0660,0.99194,0.17813,-0.00112,1.00000,0.20960,83.823,-0.054,6
168.1160,0.98966,0.18678,-0.00112,1.00000,0.21710,86.762,-0.054,6
168.1660,0.98739,0.19526,-0.00112,1.00000,0.22460,89.283,-0.053,6
168.2160,0.98521,0.20363,-0.00112,1.00000,0.23210,90.227,-0.053,6
168.2660,0.98324,0.21193,-0.00112,1.00000,0.23960,90.296,-0.054,6
168.3160,0.98151,0.22017,-0.00112,1.00000,0.24710,90.264,-0.054,6
168.3660,0.98000,0.22834,-0.00112,1.00000,0.25460,90.258,-0.053,6
168.4160,0.97869,0.23646,-0.00112,1.00000,0.26210,90.259,-0.053,6
168.4660,0.97757,0.24451,-0.00112,1.00000,0.26960,90.261,-0.053,6
168.5160,0.97662,0.25252,-0.00112,1.00000,0.27710,90.263,-0.053,6
168.5660,0.97583,0.26047,-0.00112,1.00000,0.28460,90.265,-0.052,6
168.6160,0.97517,0.26838,-0.00112,1.00000,0.29210,90.267,-0.052,6
168.6660,0.97464,0.27625,-0.00112,1.00000,0.29960,90.269,-0.052,6
168.7160,0.97423,0.28407,-0.00113,1.00000,0.30710,90.271,-0.052,6
168.7660,0.97392,0.29186,-0.00113,1.00000,0.31460,90.274,-0.051,6
168.8160,0.97370,0.29962,-0.00113,1.00000,0.32210,90.276,-0.051,6
168.8660,0.97356,0.30734,-0.00113,1.00000,0.32960,90.278,-0.051,6
168.9160,0.97349,0.31503,-0.00113,1.00000,0.33710,90.280,-0.051,6
168.9660,0.97348,0.32270,-0.00113,1.00000,0.34460,90.282,-0.050,6
169.0160,0.97352,0.33035,-0.00113,1.00000,0.35210,90.284,-0.050,6
169.0660,0.97361,0.33797,-0.00113,1.00000,0.35960,90.286,-0.050,6
169.1160,0.97374,0.34557,-0.00113,1.00000,0.36710,90.287,-0.050,6
169.1660,0.97390,0.35316,-0.00113,1.00000,0.37460,90.289,-0.050,6
169.2160,0.97409,0.36073,-0.00113,1.00000,0.38210,90.291,-0.049,6
169.2660,0.97430,0.36829,-0.00113,1.00000,0.38960,90.292,-0.049,6
169.3160,0.97452,0.37584,-0.00113,1.00000,0.39710,90.294,-0.049,6
169.3660,0.97476,0.38337,-0.00113,1.00000,0.40460,90.295,-0.049,6
169.4160,0.97501,0.39090,-0.00113,1.00000,0.41210,90.296,-0.049,6
169.4660,0.97527,0.39842,-0.00113,1.00000,0.41960,90.298,-0.049,6
169.5160,0.97553,0.40593,-0.00113,1.00000,0.42710,90.299,-0.049,6
169.5660,0.97580,0.41344,-0.00113,1.00000,0.43460,90.300,-0.049,6
169.6160,0.97606,0.42094,-0.00113,1.00000,0.44210,90.301,-0.048,6
169.6660,0.97632,0.42844,-0.00113,1.00000,0.44960,90.302,-0.048,6
169.7160,0.97657,0.43593,-0.00113,1.00000,0.45710,90.303,-0.048,6
169.7660,0.97682,0.44342,-0.00113,1.00000,0.46460,90.303,-0.048,6
169.8160,0.97707,0.45091,-0.00113,1.00000,0.47210,90.304,-0.048,6
169.8660,0.97730,0.45840,-0.00113,1.00000,0.47960,90.305,-0.048,6
169.9160,0.97753,0.46588,-0.00113,1.00000,0.48710,90.305,-0.048,6
169.9660,0.97775,0.47337,-0.00113,1.00000,0.49460,90.306,-0.048,6
170.0160,0.97796,0.48085,-0.00113,1.00000,0.50210,90.306,-0.048,6
170.0660,0.97816,0.48833,-0.00113,1.00000,0.50960,90.307,-0.048,6
170.1160,0.97835,0.49582,-0.00113,1.00000,0.51710,90.307,-0.048,6
170.1660,0.97853,0.50330,-0.00113,1.00000,0.52460,90.308,-0.048,6
170.2160,0.97870,0.51078,-0.00113,1.00000,0.53210,90.308,-0.048,6
170.2660,0.97886,0.51827,-0.00113,1.00000,0.53960,90.308,-0.048,6
170.3160,0.97901,0.52575,-0.00113,1.00000,0.54710,90.309,-0.048,6
170.3660,0.97915,0.53324,-0.00113,1.00000,0.55460,90.309,-0.048,6
170.4160,0.97929,0.54072,-0.00113,1.00000,0.56210,90.309,-0.048,6
170.4660,0.97941,0.54821,-0.00113,1.00000,0.56960,90.309,-0.048,6
170.5160,0.97952,0.55570,-0.00113,1.00000,0.57710,90.309,-0.048,6
170.5660,0.97963,0.56318,-0.00113,1.00000,0.58460,90.309,-0.048,6
170.6160,0.97973,0.57067,-0.00113,1.00000,0.59210,90.310,-0.048,6
170.6660,0.97982,0.57816,-0.00113,1.00000,0.59960,90.310,-0.048,6
170.7160,0.97990,0.58565,-0.00113,1.00000,0.60710,90.310,-0.048,6
170.7660,0.97998,0.59314,-0.00113,1.00000,0.61460,90.310,-0.048,6
170.8160,0.98005,0.60063,-0.00113,1.00000,0.62210,90.310,-0.048,6
170.8660,0.98011,0.60813,-0.00113,1.00000,0.62960,90.310,-0.048,6
170.9160,0.98017,0.61562,-0.00113,1.00000,0.63710,90.310,-0.048,6
170.9660,0.98022,0.62311,-0.00113,1.00000,0.64460,90.310,-0.048,6
171.0160,0.98027,0.63061,-0.00113,1.00000,0.65210,90.310,-0.048,6
171.0660,0.98031,0.63810,-0.00113,1.00000,0.65960,90.310,-0.048,6
171.1160,0.98035,0.64560,-0.00113,1.00000,0.66710,90.310,-0.048,6
171.1660,0.98038,0.65309,-0.00113,1.00000,0.67460,90.310,-0.048,6
171.2160,0.98041,0.66059,-0.00113,1.00000,0.68210,90.310,-0.048,6
171.2660,0.98044,0.66808,-0.00113,1.00000,0.68960,90.310,-0.048,6
171.3160,0.98046,0.67558,-0.00113,1.00000,0.69710,90.310,-0.048,6
171.3660,0.98048,0.68308,-0.00113,1.00000,0.70460,90.310,-0.048,6
171.4160,0.98050,0.69058,-0.00113,1.00000,0.71210,90.310,-0.048,6
171.4660,0.98051,0.69807,-0.00113,1.00000,0.71960,90.310,-0.048,6
171.5160,0.98053,0.70557,-0.00113,1.00000,0.72710,90.310,-0.048,6
171.5660,0.98054,0.71307,-0.00113,1.00000,0.73460,90.310,-0.048,6
171.6160,0.98054,0.72057,-0.00113,1.00000,0.74210,90.310,-0.048,6
171.6660,0.98055,0.72807,-0.00113,1.00000,0.74960,90.310,-0.048,6
171.7160,0.98056,0.73557,-0.00113,1.00000,0.75710,90.310,-0.048,6
171.7660,0.98056,0.74307,-0.00113,1.00000,0.76460,90.310,-0.048,6
171.8160,0.98056,0.75057,-0.00113,1.00000,0.77210,90.310,-0.048,6
171.8660,0.98057,0.75807,-0.00113,1.00000,0.77960,90.310,-0.048,6
171.9160,0.98057,0.76557,-0.00113,1.00000,0.78710,90.310,-0.048,6
171.9660,0.98057,0.77307,-0.00113,1.00000,0.79460,90.310,-0.048,6
172.0160,0.98057,0.78057,-0.00113,1.00000,0.80210,90.310,-0.048,6
172.0660,0.98057,0.78807,-0.00113,1.00000,0.80960,90.309,-0.048,6
172.1160,0.98056,0.79557,-0.00113,1.00000,0.81710,90.309,-0.048,6
172.1660,0.98056,0.80307,-0.00113,1.00000,0.82460,90.309,-0.048,6
172.2160,0.98056,0.81057,-0.00113,1.00000,0.83210,90.309,-0.048,6
172.2660,0.98056,0.81807,-0.00113,1.00000,0.83960,90.309,-0.048,6
172.3160,0.98055,0.82557,-0.00113,1.00000,0.84710,90.309,-0.048,6
172.3660,0.98055,0.83307,-0.00113,1.00000,0.85460,90.309,-0.048,6
172.4160,0.98055,0.84057,-0.00113,1.00000,0.86210,90.309,-0.048,6
172.4660,0.98054,0.84807,-0.00113,1.00000,0.86960,90.309,-0.048,6
172.5160,0.98054,0.85557,-0.00113,1.00000,0.87710,90.309,-0.048,6
172.5660,0.98054,0.86307,-0.00113,1.00000,0.88460,90.309,-0.048,6
172.6160,0.98053,0.87057,-0.00113,1.00000,0.89210,90.309,-0.048,6
172.6660,0.98053,0.87807,-0.00113,1.00000,0.89960,90.309,-0.048,6
172.7160,0.98053,0.88557,-0.00113,1.00000,0.90710,90.309,-0.048,6
172.7660,0.98052,0.89307,-0.00113,1.00000,0.91460,90.309,-0.048,6
172.8160,0.98052,0.90057,-0.00113,1.00000,0.92210,90.309,-0.048,6
172.8660,0.98052,0.90807,-0.00113,1.00000,0.92960,90.309,-0.048,6
172.9160,0.98051,0.91557,-0.00113,1.00000,0.93710,90.309,-0.048,6
172.9660,0.98051,0.92307,-0.00113,1.00000,0.94460,90.309,-0.048,6
173.0160,0.98051,0.93057,-0.00113,1.00000,0.95210,90.309,-0.048,6
173.0660,0.98051,0.93807,-0.00113,1.00000,0.95960,90.309,-0.048,6
173.1160,0.98050,0.94557,-0.00113,1.00000,0.96710,90.309,-0.048,6
173.1660,0.98050,0.95307,-0.00113,1.00000,0.97460,90.309,-0.048,6
173.2160,0.98050,0.96057,-0.00113,1.00000,0.98210,90.309,-0.048,6
173.2660,0.98050,0.96807,-0.00113,1.00000,0.98960,90.309,-0.048,6
173.3160,0.98049,0.97557,-0.00113,1.00000,0.99710,90.309,-0.048,6
173.3660,0.98045,0.98300,-0.00113,0.99540,1.00000,90.397,-0.047,6
173.4160,0.97977,0.98947,-0.00113,0.98790,1.00000,91.962,-0.030,6
173.4660,0.97816,0.99471,-0.00113,0.98040,1.00000,95.038,-0.026,6
173.5160,0.97565,0.99883,-0.00113,0.97290,1.00000,98.535,-0.031,6
173.5660,0.97237,1.00198,-0.00113,0.96540,1.00000,102.008,-0.035,6
173.6160,0.96841,1.00430,-0.00113,0.95790,1.00000,105.400,-0.037,6
173.6660,0.96385,1.00594,-0.00113,0.95040,1.00000,108.720,-0.038,6
173.7160,0.95878,1.00700,-0.00113,0.94290,1.00000,111.983,-0.038,6
173.7660,0.95324,1.00760,-0.00113,0.93540,1.00000,115.198,-0.037,6
173.8160,0.94729,1.00783,-0.00113,0.92790,1.00000,118.375,-0.036,6
173.8660,0.94097,1.00775,-0.00113,0.92040,1.00000,121.521,-0.034,6
173.9160,0.93432,1.00745,-0.00113,0.91290,1.00000,124.642,-0.032,6
173.9660,0.92736,1.00696,-0.00113,0.90540,1.00000,127.742,-0.030,6
174.0160,0.92013,1.00634,-0.00113,0.89790,1.00000,130.825,-0.028,6
174.0660,0.91266,1.00562,-0.00113,0.89040,1.00000,133.894,-0.027,6
174.1160,0.90496,1.00483,-0.00113,0.88290,1.00000,136.951,-0.025,6
174.1660,0.89707,1.00400,-0.00113,0.87540,1.00000,139.998,-0.024,6
174.2160,0.88900,1.00315,-0.00113,0.86790,1.00000,143.038,-0.023,6
174.2660,0.88078,1.00228,-0.00113,0.86040,1.00000,146.071,-0.021,6
174.3160,0.87243,1.00142,-0.00114,0.85290,1.00000,149.098,-0.021,6
174.3660,0.86396,1.00056,-0.00114,0.84540,1.00000,152.121,-0.020,6
174.4160,0.85541,0.99971,-0.00114,0.83790,1.00000,155.141,-0.019,6
174.4660,0.84678,0.99887,-0.00114,0.83040,1.00000,158.159,-0.019,6
174.5160,0.83810,0.99805,-0.00114,0.82290,1.00000,161.176,-0.018,6
174.5660,0.82938,0.99725,-0.00114,0.81540,1.00000,164.192,-0.018,6
174.6160,0.82065,0.99646,-0.00114,0.80790,1.00000,167.209,-0.017,6
174.6660,0.81190,0.99568,-0.00114,0.80040,1.00000,170.227,-0.017,6
174.7160,0.80317,0.99491,-0.00114,0.79290,1.00000,173.243,-0.017,6
174.7660,0.79445,0.99416,-0.00114,0.78540,1.00000,176.216,-0.016,6
174.8160,0.78576,0.99342,-0.00114,0.77790,1.00000,178.783,-0.016,6
174.8660,0.77706,0.99269,-0.00114,0.77040,1.00000,179.747,-0.016,6
174.9160,0.76830,0.99199,-0.00114,0.76290,1.00000,179.847,-0.015,6
174.9660,0.75951,0.99132,-0.00114,0.75540,1.00000,179.849,-0.015,6
175.0160,0.75069,0.99068,-0.00114,0.74790,1.00000,179.872,-0.014,6
175.0660,0.74187,0.99006,-0.00114,0.74040,1.00000,179.895,-0.014,6
175.1160,0.73306,0.98948,-0.00114,0.73290,1.00000,179.915,-0.014,6
175.1660,0.72428,0.98894,-0.00114,0.72540,1.00000,179.930,-0.014,6
175.2160,0.71552,0.98842,-0.00114,0.71790,1.00000,179.943,-0.014,6
175.2660,0.70681,0.98793,-0.00114,0.71040,1.00000,179.952,-0.014,6
175.3160,0.69815,0.98748,-0.00114,0.70290,1.00000,179.960,-0.013,6
175.3660,0.68955,0.98705,-0.00114,0.69540,1.00000,179.966,-0.013,6
175.4160,0.68100,0.98666,-0.00114,0.68790,1.00000,179.970,-0.013,6
175.4660,0.67252,0.98629,-0.00114,0.68040,1.00000,179.974,-0.013,6
175.5160,0.66409,0.98595,-0.00114,0.67290,1.00000,179.976,-0.013,6
175.5660,0.65574,0.98564,-0.00114,0.66540,1.00000,179.977,-0.013,6
175.6160,0.64745,0.98535,-0.00114,0.65790,1.00000,179.978,-0.013,6
175.6660,0.63923,0.98508,-0.00114,0.65040,1.00000,179.979,-0.012,6
175.7160,0.63107,0.98484,-0.00114,0.64290,1.00000,179.978,-0.012,6
175.7660,0.62297,0.98462,-0.00114,0.63540,1.00000,179.978,-0.012,6
175.8160,0.61493,0.98442,-0.00114,0.62790,1.00000,179.977,-0.012,6
175.8660,0.60695,0.98423,-0.00114,0.62040,1.00000,179.977,-0.012,6
175.9160,0.59903,0.98407,-0.00114,0.61290,1.00000,179.976,-0.011,6
175.9660,0.59116,0.98392,-0.00114,0.60540,1.00000,179.975,-0.011,6
176.0160,0.58334,0.98379,-0.00114,0.59790,1.00000,179.973,-0.011,6
176.0660,0.57556,0.98367,-0.00114,0.59040,1.00000,179.972,-0.011,6
176.1160,0.56783,0.98357,-0.00114,0.58290,1.00000,179.971,-0.010,6
176.1660,0.56014,0.98348,-0.00114,0.57540,1.00000,179.970,-0.010,6
176.2160,0.55248,0.98340,-0.00114,0.56790,1.00000,179.969,-0.010,6
176.2660,0.54486,0.98333,-0.00114,0.56040,1.00000,179.968,-0.010,6
176.3160,0.53727,0.98327,-0.00114,0.55290,1.00000,179.966,-0.010,6
176.3660,0.52970,0.98322,-0.00114,0.54540,1.00000,179.965,-0.009,6
176.4160,0.52216,0.98317,-0.00114,0.53790,1.00000,179.964,-0.009,6
176.4660,0.51464,0.98314,-0.00114,0.53040,1.00000,179.963,-0.009,6
176.5160,0.50714,0.98311,-0.00114,0.52290,1.00000,179.963,-0.009,6
176.5660,0.49966,0.98309,-0.00114,0.51540,1.00000,179.962,-0.009,6
176.6160,0.49219,0.98307,-0.00114,0.50790,1.00000,179.961,-0.009,6
176.6660,0.48473,0.98306,-0.00114,0.50040,1.00000,179.960,-0.008,6
176.7160,0.47728,0.98305,-0.00114,0.49290,1.00000,179.960,-0.008,6
176.7660,0.46984,0.98304,-0.00114,0.48540,1.00000,179.959,-0.008,6
176.8160,0.46240,0.98304,-0.00114,0.47790,1.00000,179.959,-0.008,6
176.8660,0.45497,0.98304,-0.00114,0.47040,1.00000,179.958,-0.008,6
176.9160,0.44754,0.98304,-0.00114,0.46290,1.00000,179.958,-0.008,6
176.9660,0.44012,0.98305,-0.00114,0.45540,1.00000,179.958,-0.008,6
177.0160,0.43269,0.98306,-0.00114,0.44790,1.00000,179.957,-0.008,6
177.0660,0.42527,0.98307,-0.00114,0.44040,1.00000,179.957,-0.008,6
177.1160,0.41785,0.98308,-0.00114,0.43290,1.00000,179.957,-0.008,6
177.1660,0.41042,0.98309,-0.00114,0.42540,1.00000,179.957,-0.007,6
177.2160,0.40299,0.98310,-0.00114,0.41790,1.00000,179.957,-0.007,6
177.2660,0.39556,0.98311,-0.00114,0.41040,1.00000,179.957,-0.007,6
177.3160,0.38813,0.98312,-0.00114,0.40290,1.00000,179.957,-0.007,6
177.3660,0.38069,0.98314,-0.00114,0.39540,1.00000,179.957,-0.007,6
177.4160,0.37325,0.98315,-0.00114,0.38790,1.00000,179.957,-0.007,6
177.4660,0.36581,0.98316,-0.00114,0.38040,1.00000,179.957,-0.007,6
177.5160,0.35836,0.98318,-0.00114,0.37290,1.00000,179.957,-0.007,6
177.5660,0.35091,0.98319,-0.00114,0.36540,1.00000,179.957,-0.007,6
177.6160,0.34345,0.98320,-0.00114,0.35790,1.00000,179.957,-0.007,6
177.6660,0.33599,0.98321,-0.00114,0.35040,1.00000,179.957,-0.007,6
177.7160,0.32853,0.98323,-0.00114,0.34290,1.00000,179.957,-0.007,6
177.7660,0.32107,0.98324,-0.00114,0.33540,1.00000,179.957,-0.007,6
177.8160,0.31360,0.98325,-0.00114,0.32790,1.00000,179.957,-0.007,6
177.8660,0.30612,0.98326,-0.00114,0.32040,1.00000,179.957,-0.007,6
177.9160,0.29865,0.98327,-0.00114,0.31290,1.00000,179.957,-0.007,6
177.9660,0.29117,0.98328,-0.00114,0.30540,1.00000,179.957,-0.007,6
178.0160,0.28369,0.98329,-0.00114,0.29790,1.00000,179.957,-0.007,6
178.0660,0.27620,0.98330,-0.00114,0.29040,1.00000,179.957,-0.007,6
178.1160,0.26871,0.98331,-0.00114,0.28290,1.00000,179.957,-0.007,6
178.1660,0.26123,0.98332,-0.00114,0.27540,1.00000,179.957,-0.007,6
178.2160,0.25373,0.98332,-0.00114,0.26790,1.00000,179.958,-0.007,6
178.2660,0.24624,0.98333,-0.00114,0.26040,1.00000,179.958,-0.007,6
178.3160,0.23875,0.98334,-0.00114,0.25290,1.00000,179.958,-0.007,6
178.3660,0.23125,0.98334,-0.00114,0.24540,1.00000,179.958,-0.007,6
178.4160,0.22375,0.98335,-0.00114,0.23790,1.00000,179.958,-0.007,6
178.4660,0.21625,0.98335,-0.00114,0.23040,1.00000,179.958,-0.007,6
178.5160,0.20875,0.98336,-0.00114,0.22290,1.00000,179.958,-0.007,6
178.5660,0.20125,0.98336,-0.00114,0.21540,1.00000,179.958,-0.007,6
178.6160,0.19375,0.98337,-0.00114,0.20790,1.00000,179.958,-0.007,6
178.6660,0.18625,0.98337,-0.00114,0.20040,1.00000,179.958,-0.007,6
178.7160,0.17874,0.98337,-0.00114,0.19290,1.00000,179.958,-0.007,6
178.7660,0.17124,0.98338,-0.00114,0.18540,1.00000,179.958,-0.007,6
178.8160,0.16374,0.98338,-0.00114,0.17790,1.00000,179.958,-0.007,6
178.8660,0.15623,0.98338,-0.00114,0.17040,1.00000,179.958,-0.007,6
178.9160,0.14873,0.98338,-0.00114,0.16290,1.00000,179.958,-0.007,6
178.9660,0.14122,0.98338,-0.00114,0.15540,1.00000,179.958,-0.007,6
179.0160,0.13372,0.98339,-0.00114,0.14790,1.00000,179.958,-0.007,6
179.0660,0.12621,0.98339,-0.00114,0.14040,1.00000,179.958,-0.007,6
179.1160,0.11871,0.98339,-0.00114,0.13290,1.00000,179.958,-0.007,6
179.1660,0.11121,0.98339,-0.00114,0.12540,1.00000,179.958,-0.007,6
179.2160,0.10370,0.98339,-0.00114,0.11790,1.00000,179.958,-0.007,6
179.2660,0.09620,0.98339,-0.00114,0.11040,1.00000,179.958,-0.007,6
179.3160,0.08869,0.98339,-0.00114,0.10290,1.00000,179.958,-0.007,6
179.3660,0.08119,0.98339,-0.00114,0.09540,1.00000,179.958,-0.007,6
179.4160,0.07369,0.98339,-0.00114,0.08790,1.00000,179.958,-0.007,6
179.4660,0.06618,0.98339,-0.00114,0.08040,1.00000,179.958,-0.007,6
179.5160,0.05868,0.98340,-0.00114,0.07290,1.00000,179.958,-0.007,6
179.5660,0.05118,0.98340,-0.00114,0.06540,1.00000,179.958,-0.007,6
179.6160,0.04367,0.98340,-0.00114,0.05790,1.00000,179.958,-0.007,6
179.6660,0.03617,0.98340,-0.00114,0.05040,1.00000,179.958,-0.007,6
179.7160,0.02867,0.98340,-0.00114,0.04290,1.00000,179.958,-0.007,6
179.7660,0.02117,0.98340,-0.00114,0.03540,1.00000,179.958,-0.007,6
179.8160,0.01367,0.98340,-0.00114,0.02790,1.00000,179.958,-0.007,6
179.8660,0.00617,0.98340,-0.00114,0.02040,1.00000,179.958,-0.007,6
179.9160,-0.00134,0.98340,-0.00114,0.01290,1.00000,179.958,-0.007,6
179.9660,-0.00884,0.98340,-0.00114,0.00540,1.00000,179.958,-0.007,6
180.0160,-0.01627,0.98335,-0.00114,0.00000,0.99790,-179.957,-0.006,6
180.0660,-0.02276,0.98267,-0.00114,0.00000,0.99040,-178.436,0.010,6
180.1160,-0.02798,0.98099,-0.00114,0.00000,0.98290,-175.473,0.016,6
180.1660,-0.03209,0.97860,-0.00113,0.00000,0.97540,-172.106,0.010,6
180.2160,-0.03524,0.97568,-0.00113,0.00000,0.96790,-168.738,0.005,6
180.2660,-0.03760,0.97228,-0.00112,0.00000,0.96040,-165.426,0.001,6
180.3160,-0.03931,0.96846,-0.00112,0.00000,0.95290,-162.165,-0.000,6
180.3660,-0.04051,0.96423,-0.00112,0.00000,0.94540,-158.944,-0.001,6
180.4160,-0.04132,0.95963,-0.00112,0.00000,0.93790,-155.754,-0.002,6
180.4660,-0.04183,0.95465,-0.00111,0.00000,0.93040,-152.591,-0.001,6
180.5160,-0.04212,0.94931,-0.00111,0.00000,0.92290,-149.448,-0.001,6
180.5660,-0.04227,0.94363,-0.00111,0.00000,0.91540,-146.324,-0.000,6
180.6160,-0.04232,0.93760,-0.00111,0.00000,0.90790,-143.214,0.001,6
180.6660,-0.04233,0.93123,-0.00111,0.00000,0.90040,-140.116,0.001,6
180.7160,-0.04232,0.92453,-0.00111,0.00000,0.89290,-137.030,0.002,6
180.7660,-0.04231,0.91750,-0.00111,0.00000,0.88540,-133.953,0.002,6
180.8160,-0.04232,0.91016,-0.00111,0.00000,0.87790,-130.885,0.002,6
180.8660,-0.04236,0.90251,-0.00111,0.00000,0.87040,-127.824,0.002,6
180.9160,-0.04243,0.89455,-0.00111,0.00000,0.86290,-124.769,0.001,6
180.9660,-0.04253,0.88631,-0.00111,0.00000,0.85540,-121.719,0.001,6
181.0160,-0.04264,0.87779,-0.00111,0.00000,0.84790,-118.672,-0.000,6
181.0660,-0.04276,0.86901,-0.00111,0.00000,0.84040,-115.627,-0.001,6
181.1160,-0.04287,0.85998,-0.00111,0.00000,0.83290,-112.583,-0.002,6
181.1660,-0.04296,0.85072,-0.00111,0.00000,0.82540,-109.538,-0.004,6
181.2160,-0.04301,0.84124,-0.00111,0.00000,0.81790,-106.489,-0.005,6
181.2660,-0.04300,0.83157,-0.00111,0.00000,0.81040,-103.435,-0.007,6
181.3160,-0.04291,0.82173,-0.00112,0.00000,0.80290,-100.373,-0.008,6
181.3660,-0.04273,0.81174,-0.00112,0.00000,0.79540,-97.305,-0.010,6
181.4160,-0.04243,0.80164,-0.00112,0.00000,0.78790,-94.268,-0.011,6
181.4660,-0.04200,0.79146,-0.00112,0.00000,0.78040,-91.624,-0.012,6
181.5160,-0.04145,0.78130,-0.00112,0.00000,0.77290,-90.598,-0.013,6
181.5660,-0.04080,0.77126,-0.00112,0.00000,0.76540,-90.437,-0.014,6
181.6160,-0.04009,0.76136,-0.00112,0.00000,0.75790,-90.378,-0.015,6
181.6660,-0.03931,0.75161,-0.00112,0.00000,0.75040,-90.308,-0.016,6
181.7160,-0.03850,0.74200,-0.00112,0.00000,0.74290,-90.245,-0.016,6
181.7660,-0.03765,0.73255,-0.00112,0.00000,0.73540,-90.194,-0.017,6
181.8160,-0.03678,0.72324,-0.00112,0.00000,0.72790,-90.152,-0.017,6
181.8660,-0.03589,0.71409,-0.00112,0.00000,0.72040,-90.118,-0.017,6
181.9160,-0.03501,0.70509,-0.00113,0.00000,0.71290,-90.089,-0.017,6
181.9660,-0.03412,0.69623,-0.00113,0.00000,0.70540,-90.066,-0.017,6
182.0160,-0.03325,0.68751,-0.00113,0.00000,0.69790,-90.047,-0.017,6
182.0660,-0.03239,0.67892,-0.00113,0.00000,0.69040,-90.032,-0.017,6
182.1160,-0.03155,0.67046,-0.00113,0.00000,0.68290,-90.019,-0.017,6
182.1660,-0.03073,0.66212,-0.00113,0.00000,0.67540,-90.008,-0.017,6
182.2160,-0.02993,0.65389,-0.00113,0.00000,0.66790,-90.000,-0.016,6
182.2660,-0.02917,0.64577,-0.00113,0.00000,0.66040,-89.992,-0.016,6
182.3160,-0.02843,0.63775,-0.00113,0.00000,0.65290,-89.987,-0.016,6
182.3660,-0.02773,0.62981,-0.00113,0.00000,0.64540,-89.982,-0.015,6
182.4160,-0.02705,0.62196,-0.00113,0.00000,0.63790,-89.978,-0.015,6
182.4660,-0.02641,0.61418,-0.00113,0.00000,0.63040,-89.974,-0.014,6
182.5160,-0.02581,0.60648,-0.00113,0.00000,0.62290,-89.972,-0.014,6
182.5660,-0.02523,0.59883,-0.00113,0.00000,0.61540,-89.970,-0.014,6
182.6160,-0.02469,0.59124,-0.00113,0.00000,0.60790,-89.968,-0.013,6
182.6660,-0.02418,0.58369,-0.00113,0.00000,0.60040,-89.966,-0.013,6
182.7160,-0.02371,0.57619,-0.00113,0.00000,0.59290,-89.965,-0.013,6
182.7660,-0.02326,0.56873,-0.00113,0.00000,0.58540,-89.964,-0.012,6
182.8160,-0.02285,0.56129,-0.00113,0.00000,0.57790,-89.964,-0.012,6
182.8660,-0.02246,0.55388,-0.00114,0.00000,0.57040,-89.963,-0.012,6
182.9160,-0.02211,0.54650,-0.00114,0.00000,0.56290,-89.963,-0.011,6
182.9660,-0.02178,0.53913,-0.00114,0.00000,0.55540,-89.963,-0.011,6
183.0160,-0.02147,0.53177,-0.00114,0.00000,0.54790,-89.963,-0.011,6
183.0660,-0.02119,0.52443,-0.00114,0.00000,0.54040,-89.963,-0.011,6
183.1160,-0.02094,0.51709,-0.00114,0.00000,0.53290,-89.963,-0.010,6
183.1660,-0.02070,0.50976,-0.00114,0.00000,0.52540,-89.963,-0.010,6
183.2160,-0.02049,0.50243,-0.00114,0.00000,0.51790,-89.963,-0.010,6
183.2660,-0.02029,0.49510,-0.00114,0.00000,0.51040,-89.963,-0.010,6
183.3160,-0.02012,0.48777,-0.00114,0.00000,0.50290,-89.964,-0.010,6
183.3660,-0.01996,0.48043,-0.00114,0.00000,0.49540,-89.964,-0.010,6
183.4160,-0.01982,0.47309,-0.00114,0.00000,0.48790,-89.964,-0.010,6
183.4660,-0.01969,0.46575,-0.00114,0.00000,0.48040,-89.965,-0.009,6
183.5160,-0.01958,0.45840,-0.00114,0.00000,0.47290,-89.965,-0.009,6
183.5660,-0.01948,0.45104,-0.00114,0.00000,0.46540,-89.966,-0.009,6
183.6160,-0.01939,0.44367,-0.00114,0.00000,0.45790,-89.966,-0.009,6
183.6660,-0.01932,0.43630,-0.00114,0.00000,0.45040,-89.966,-0.009,6
183.7160,-0.01925,0.42892,-0.00114,0.00000,0.44290,-89.967,-0.009,6
183.7660,-0.01919,0.42152,-0.00114,0.00000,0.43540,-89.967,-0.009,6
183.8160,-0.01914,0.41413,-0.00114,0.00000,0.42790,-89.968,-0.009,6
183.8660,-0.01910,0.40672,-0.00114,0.00000,0.42040,-89.968,-0.009,6
183.9160,-0.01907,0.39930,-0.00114,0.00000,0.41290,-89.968,-0.009,6
183.9660,-0.01904,0.39188,-0.00114,0.00000,0.40540,-89.969,-0.009,6
184.0160,-0.01902,0.38444,-0.00114,0.00000,0.39790,-89.969,-0.009,6
184.0660,-0.01900,0.37701,-0.00114,0.00000,0.39040,-89.969,-0.009,6
184.1160,-0.01898,0.36956,-0.00114,0.00000,0.38290,-89.970,-0.009,6
184.1660,-0.01898,0.36211,-0.00114,0.00000,0.37540,-89.970,-0.009,6
184.2160,-0.01897,0.35465,-0.00114,0.00000,0.36790,-89.970,-0.009,6
184.2660,-0.01897,0.34718,-0.00114,0.00000,0.36040,-89.970,-0.009,6
184.3160,-0.01897,0.33971,-0.00114,0.00000,0.35290,-89.971,-0.009,6
184.3660,-0.01897,0.33224,-0.00114,0.00000,0.34540,-89.971,-0.009,6
184.4160,-0.01897,0.32476,-0.00114,0.00000,0.33790,-89.971,-0.009,6
184.4660,-0.01898,0.31727,-0.00114,0.00000,0.33040,-89.971,-0.009,6
184.5160,-0.01899,0.30978,-0.00114,0.00000,0.32290,-89.971,-0.009,6
184.5660,-0.01900,0.30229,-0.00114,0.00000,0.31540,-89.972,-0.009,6
184.6160,-0.01901,0.29480,-0.00114,0.00000,0.30790,-89.972,-0.009,6
184.6660,-0.01902,0.28730,-0.00114,0.00000,0.30040,-89.972,-0.009,6
184.7160,-0.01903,0.27980,-0.00114,0.00000,0.29290,-89.972,-0.009,6
184.7660,-0.01904,0.27230,-0.00114,0.00000,0.28540,-89.972,-0.009,6
184.8160,-0.01905,0.26479,-0.00114,0.00000,0.27790,-89.972,-0.009,6
184.8660,-0.01906,0.25729,-0.00114,0.00000,0.27040,-89.972,-0.009,6
184.9160,-0.01907,0.24978,-0.00114,0.00000,0.26290,-89.972,-0.009,6
184.9660,-0.01909,0.24228,-0.00114,0.00000,0.25540,-89.972,-0.009,6
185.0160,-0.01910,0.23477,-0.00114,0.00000,0.24790,-89.972,-0.009,6
185.0660,-0.01911,0.22726,-0.00114,0.00000,0.24040,-89.972,-0.009,6
185.1160,-0.01912,0.21975,-0.00114,0.00000,0.23290,-89.972,-0.009,6
185.1660,-0.01913,0.21224,-0.00114,0.00000,0.22540,-89.972,-0.009,6
185.2160,-0.01914,0.20473,-0.00114,0.00000,0.21790,-89.972,-0.009,6
185.2660,-0.01915,0.19722,-0.00114,0.00000,0.21040,-89.972,-0.009,6
185.3160,-0.01916,0.18971,-0.00114,0.00000,0.20290,-89.972,-0.009,6
185.3660,-0.01917,0.18221,-0.00114,0.00000,0.19540,-89.972,-0.009,6
185.4160,-0.01918,0.17470,-0.00114,0.00000,0.18790,-89.972,-0.009,6
185.4660,-0.01919,0.16719,-0.00114,0.00000,0.18040,-89.972,-0.010,6
185.5160,-0.01920,0.15968,-0.00114,0.00000,0.17290,-89.972,-0.010,6
185.5660,-0.01920,0.15217,-0.00114,0.00000,0.16540,-89.972,-0.010,6
185.6160,-0.01921,0.14466,-0.00114,0.00000,0.15790,-89.972,-0.010,6
185.6660,-0.01922,0.13716,-0.00114,0.00000,0.15040,-89.972,-0.010,6
185.7160,-0.01922,0.12965,-0.00114,0.00000,0.14290,-89.972,-0.010,6
185.7660,-0.01923,0.12214,-0.00114,0.00000,0.13540,-89.972,-0.010,6
185.8160,-0.01924,0.11464,-0.00114,0.00000,0.12790,-89.972,-0.010,6
185.8660,-0.01924,0.10713,-0.00114,0.00000,0.12040,-89.972,-0.010,6
185.9160,-0.01925,0.09963,-0.00114,0.00000,0.11290,-89.972,-0.010,6
185.9660,-0.01925,0.09213,-0.00114,0.00000,0.10540,-89.972,-0.010,6
186.0160,-0.01925,0.08462,-0.00114,0.00000,0.09790,-89.972,-0.010,6
186.0660,-0.01926,0.07712,-0.00114,0.00000,0.09040,-89.972,-0.010,6
186.1160,-0.01926,0.06962,-0.00114,0.00000,0.08290,-89.972,-0.010,6
186.1660,-0.01926,0.06211,-0.00114,0.00000,0.07540,-89.972,-0.010,6
186.2160,-0.01927,0.05461,-0.00114,0.00000,0.06790,-89.972,-0.010,6
186.2660,-0.01927,0.04711,-0.00114,0.00000,0.06040,-89.972,-0.010,6
186.3160,-0.01927,0.03961,-0.00114,0.00000,0.05290,-89.972,-0.010,6
186.3660,-0.01927,0.03211,-0.00114,0.00000,0.04540,-89.972,-0.010,6
186.4160,-0.01928,0.02460,-0.00114,0.00000,0.03790,-89.972,-0.010,6
186.4660,-0.01928,0.01710,-0.00114,0.00000,0.03040,-89.972,-0.010,6
186.5160,-0.01928,0.00960,-0.00114,0.00000,0.02290,-89.972,-0.010,6
186.5660,-0.01928,0.00210,-0.00114,0.00000,0.01540,-89.972,-0.010,6
186.6160,-0.01928,-0.00540,-0.00114,0.00000,0.00790,-89.972,-0.010,6
186.6660,-0.01928,-0.01290,-0.00114,0.00000,0.00040,-89.972,-0.010,6
186.7160,-0.01923,-0.02033,-0.00114,0.00710,0.00000,-89.887,-0.008,7
186.7660,-0.01855,-0.02689,-0.00114,0.01460,0.00000,-88.354,0.008,7
186.8160,-0.01704,-0.03242,-0.00114,0.02210,0.00000,-85.185,0.011,7
186.8660,-0.01481,-0.03707,-0.00113,0.02960,0.00000,-81.534,0.004,7
186.9160,-0.01193,-0.04097,-0.00113,0.03710,0.00000,-77.911,-0.003,7
186.9660,-0.00845,-0.04423,-0.00113,0.04460,0.00000,-74.387,-0.007,7
187.0160,-0.00441,-0.04696,-0.00113,0.05210,0.00000,-70.952,-0.010,7
187.0660,0.00015,-0.04926,-0.00112,0.05960,0.00000,-67.592,-0.012,7
187.1160,0.00522,-0.05121,-0.00112,0.06710,0.00000,-64.294,-0.014,7
187.1660,0.01078,-0.05288,-0.00112,0.07460,0.00000,-61.049,-0.015,7
187.2160,0.01680,-0.05434,-0.00112,0.08210,0.00000,-57.848,-0.017,7
187.2660,0.02328,-0.05561,-0.00112,0.08960,0.00000,-54.685,-0.018,7
187.3160,0.03020,-0.05674,-0.00112,0.09710,0.00000,-51.554,-0.019,7
187.3660,0.03756,-0.05775,-0.00112,0.10460,0.00000,-48.451,-0.020,7
187.4160,0.04532,-0.05864,-0.00112,0.11210,0.00000,-45.372,-0.022,7
187.4660,0.05348,-0.05941,-0.00112,0.11960,0.00000,-42.313,-0.023,7
187.5160,0.06201,-0.06006,-0.00112,0.12710,0.00000,-39.272,-0.025,7
187.5660,0.07089,-0.06057,-0.00112,0.13460,0.00000,-36.245,-0.027,7
187.6160,0.08009,-0.06093,-0.00112,0.14210,0.00000,-33.231,-0.029,7
187.6660,0.08957,-0.06113,-0.00112,0.14960,0.00000,-30.227,-0.031,7
187.7160,0.09929,-0.06114,-0.00112,0.15710,0.00000,-27.233,-0.033,7
187.7660,0.10923,-0.06095,-0.00112,0.16460,0.00000,-24.246,-0.036,7
187.8160,0.11933,-0.06054,-0.00112,0.17210,0.00000,-21.265,-0.038,7
187.8660,0.12956,-0.05990,-0.00112,0.17960,0.00000,-18.289,-0.040,7
187.9160,0.13988,-0.05902,-0.00111,0.18710,0.00000,-15.318,-0.043,7
187.9660,0.15023,-0.05789,-0.00111,0.19460,0.00000,-12.351,-0.045,7
188.0160,0.16059,-0.05650,-0.00111,0.20210,0.00000,-9.389,-0.047,7
188.0660,0.17090,-0.05486,-0.00111,0.20960,0.00000,-6.436,-0.049,7
188.1160,0.18113,-0.05298,-0.00111,0.21710,0.00000,-3.535,-0.051,7
188.1660,0.19122,-0.05087,-0.00111,0.22460,0.00000,-1.053,-0.052,7
188.2160,0.20108,-0.04862,-0.00111,0.23210,0.00000,-0.229,-0.054,7
188.2660,0.21063,-0.04641,-0.00110,0.23960,0.00000,-0.221,-0.055,7
188.3160,0.21988,-0.04427,-0.00110,0.24710,0.00000,-0.269,-0.056,7
188.3660,0.22888,-0.04222,-0.00110,0.25460,0.00000,-0.285,-0.057,7
188.4160,0.23764,-0.04025,-0.00110,0.26210,0.00000,-0.294,-0.057,7
188.4660,0.24619,-0.03837,-0.00110,0.26960,0.00000,-0.300,-0.057,7
188.5160,0.25456,-0.03658,-0.00110,0.27710,0.00000,-0.306,-0.057,7
188.5660,0.26276,-0.03489,-0.00110,0.28460,0.00000,-0.310,-0.057,7
188.6160,0.27082,-0.03329,-0.00110,0.29210,0.00000,-0.313,-0.057,7
188.6660,0.27875,-0.03178,-0.00110,0.29960,0.00000,-0.315,-0.057,7
188.7160,0.28657,-0.03036,-0.00110,0.30710,0.00000,-0.316,-0.056,7
188.7660,0.29430,-0.02902,-0.00110,0.31460,0.00000,-0.317,-0.056,7
188.8160,0.30194,-0.02778,-0.00110,0.32210,0.00000,-0.317,-0.055,7
188.8660,0.30951,-0.02662,-0.00110,0.32960,0.00000,-0.318,-0.055,7
188.9160,0.31702,-0.02554,-0.00110,0.33710,0.00000,-0.317,-0.054,7
188.9660,0.32448,-0.02454,-0.00110,0.34460,0.00000,-0.317,-0.054,7
189.0160,0.33190,-0.02362,-0.00111,0.35210,0.00000,-0.316,-0.054,7
189.0660,0.33929,-0.02277,-0.00111,0.35960,0.00000,-0.315,-0.053,7
189.1160,0.34665,-0.02199,-0.00111,0.36710,0.00000,-0.315,-0.053,7
189.1660,0.35399,-0.02127,-0.00111,0.37460,0.00000,-0.314,-0.052,7
189.2160,0.36131,-0.02062,-0.00111,0.38210,0.00000,-0.313,-0.052,7
189.2660,0.36862,-0.02003,-0.00111,0.38960,0.00000,-0.312,-0.052,7
189.3160,0.37592,-0.01949,-0.00111,0.39710,0.00000,-0.311,-0.051,7
189.3660,0.38321,-0.01900,-0.00111,0.40460,0.00000,-0.310,-0.051,7
189.4160,0.39051,-0.01856,-0.00112,0.41210,0.00000,-0.309,-0.051,7
189.4660,0.39781,-0.01817,-0.00112,0.41960,0.00000,-0.308,-0.051,7
189.5160,0.40510,-0.01782,-0.00112,0.42710,0.00000,-0.308,-0.050,7
189.5660,0.41241,-0.01751,-0.00112,0.43460,0.00000,-0.307,-0.050,7
189.6160,0.41972,-0.01723,-0.00112,0.44210,0.00000,-0.306,-0.050,7
189.6660,0.42703,-0.01699,-0.00112,0.44960,0.00000,-0.305,-0.050,7
189.7160,0.43436,-0.01678,-0.00112,0.45710,0.00000,-0.305,-0.050,7
189.7660,0.44169,-0.01660,-0.00112,0.46460,0.00000,-0.304,-0.050,7
189.8160,0.44903,-0.01645,-0.00112,0.47210,0.00000,-0.304,-0.050,7
189.8660,0.45638,-0.01631,-0.00112,0.47960,0.00000,-0.303,-0.050,7
189.9160,0.46374,-0.01620,-0.00112,0.48710,0.00000,-0.303,-0.050,7
189.9660,0.47110,-0.01611,-0.00112,0.49460,0.00000,-0.302,-0.050,7
190.0160,0.47848,-0.01604,-0.00113,0.50210,0.00000,-0.302,-0.050,7
190.0660,0.48586,-0.01598,-0.00113,0.50960,0.00000,-0.301,-0.050,7
190.1160,0.49326,-0.01593,-0.00113,0.51710,0.00000,-0.301,-0.050,7
190.1660,0.50066,-0.01590,-0.00113,0.52460,0.00000,-0.300,-0.050,7
190.2160,0.50807,-0.01588,-0.00113,0.53210,0.00000,-0.300,-0.050,7
190.2660,0.51549,-0.01587,-0.00113,0.53960,0.00000,-0.300,-0.050,7
190.3160,0.52291,-0.01587,-0.00113,0.54710,0.00000,-0.300,-0.050,7
190.3660,0.53034,-0.01587,-0.00113,0.55460,0.00000,-0.299,-0.050,7
190.4160,0.53778,-0.01589,-0.00113,0.56210,0.00000,-0.299,-0.050,7
190.4660,0.54522,-0.01590,-0.00113,0.56960,0.00000,-0.299,-0.050,7
190.5160,0.55267,-0.01592,-0.00113,0.57710,0.00000,-0.299,-0.050,7
190.5660,0.56013,-0.01595,-0.00113,0.58460,0.00000,-0.298,-0.050,7
190.6160,0.56759,-0.01598,-0.00113,0.59210,0.00000,-0.298,-0.050,7
190.6660,0.57505,-0.01601,-0.00113,0.59960,0.00000,-0.298,-0.050,7
190.7160,0.58252,-0.01604,-0.00113,0.60710,0.00000,-0.298,-0.050,7
190.7660,0.58999,-0.01608,-0.00113,0.61460,0.00000,-0.298,-0.050,7
190.8160,0.59747,-0.01611,-0.00113,0.62210,0.00000,-0.298,-0.050,7
190.8660,0.60495,-0.01615,-0.00113,0.62960,0.00000,-0.297,-0.050,7
190.9160,0.61243,-0.01619,-0.00113,0.63710,0.00000,-0.297,-0.050,7
190.9660,0.61991,-0.01622,-0.00113,0.64460,0.00000,-0.297,-0.050,7
191.0160,0.62740,-0.01626,-0.00113,0.65210,0.00000,-0.297,-0.050,7
191.0660,0.63489,-0.01629,-0.00113,0.65960,0.00000,-0.297,-0.050,7
191.1160,0.64238,-0.01633,-0.00113,0.66710,0.00000,-0.297,-0.050,7
191.1660,0.64987,-0.01636,-0.00113,0.67460,0.00000,-0.297,-0.050,7
191.2160,0.65736,-0.01640,-0.00113,0.68210,0.00000,-0.297,-0.050,7
191.2660,0.66486,-0.01643,-0.00113,0.68960,0.00000,-0.297,-0.050,7
191.3160,0.67236,-0.01646,-0.00113,0.69710,0.00000,-0.297,-0.050,7
191.3660,0.67985,-0.01649,-0.00113,0.70460,0.00000,-0.297,-0.050,7
191.4160,0.68735,-0.01651,-0.00113,0.71210,0.00000,-0.297,-0.050,7
191.4660,0.69485,-0.01654,-0.00113,0.71960,0.00000,-0.297,-0.050,7
191.5160,0.70235,-0.01657,-0.00113,0.72710,0.00000,-0.297,-0.050,7
191.5660,0.70985,-0.01659,-0.00113,0.73460,0.00000,-0.297,-0.050,7
191.6160,0.71735,-0.01661,-0.00113,0.74210,0.00000,-0.297,-0.050,7
191.6660,0.72485,-0.01663,-0.00113,0.74960,0.00000,-0.297,-0.050,7
191.7160,0.73235,-0.01665,-0.00113,0.75710,0.00000,-0.297,-0.050,7
191.7660,0.73985,-0.01667,-0.00113,0.76460,0.00000,-0.297,-0.050,7
191.8160,0.74735,-0.01669,-0.00113,0.77210,0.00000,-0.297,-0.050,7
191.8660,0.75485,-0.01670,-0.00113,0.77960,0.00000,-0.297,-0.050,7
191.9160,0.76236,-0.01672,-0.00113,0.78710,0.00000,-0.297,-0.050,7
191.9660,0.76986,-0.01673,-0.00113,0.79460,0.00000,-0.297,-0.050,7
192.0160,0.77736,-0.01675,-0.00113,0.80210,0.00000,-0.297,-0.050,7
192.0660,0.78486,-0.01676,-0.00113,0.80960,0.00000,-0.297,-0.050,7
192.1160,0.79236,-0.01677,-0.00113,0.81710,0.00000,-0.297,-0.050,7
192.1660,0.79987,-0.01678,-0.00113,0.82460,0.00000,-0.297,-0.050,7
192.2160,0.80737,-0.01679,-0.00113,0.83210,0.00000,-0.297,-0.050,7
192.2660,0.81487,-0.01679,-0.00113,0.83960,0.00000,-0.297,-0.050,7
192.3160,0.82237,-0.01680,-0.00113,0.84710,0.00000,-0.297,-0.050,7
192.3660,0.82987,-0.01681,-0.00113,0.85460,0.00000,-0.297,-0.050,7
192.4160,0.83737,-0.01681,-0.00113,0.86210,0.00000,-0.297,-0.050,7
192.4660,0.84487,-0.01682,-0.00113,0.86960,0.00000,-0.297,-0.050,7
192.5160,0.85238,-0.01682,-0.00113,0.87710,0.00000,-0.297,-0.050,7
192.5660,0.85988,-0.01683,-0.00113,0.88460,0.00000,-0.297,-0.050,7
192.6160,0.86738,-0.01683,-0.00113,0.89210,0.00000,-0.297,-0.050,7
192.6660,0.87488,-0.01683,-0.00113,0.89960,0.00000,-0.297,-0.050,7
192.7160,0.88238,-0.01684,-0.00113,0.90710,0.00000,-0.297,-0.050,7
192.7660,0.88988,-0.01684,-0.00113,0.91460,0.00000,-0.297,-0.050,7
192.8160,0.89738,-0.01684,-0.00113,0.92210,0.00000,-0.297,-0.050,7
192.8660,0.90488,-0.01684,-0.00113,0.92960,0.00000,-0.297,-0.050,7
192.9160,0.91238,-0.01684,-0.00113,0.93710,0.00000,-0.297,-0.050,7
192.9660,0.91988,-0.01684,-0.00113,0.94460,0.00000,-0.297,-0.050,7
193.0160,0.92738,-0.01685,-0.00113,0.95210,0.00000,-0.297,-0.050,7
193.0660,0.93489,-0.01685,-0.00113,0.95960,0.00000,-0.297,-0.050,7
193.1160,0.94239,-0.01685,-0.00113,0.96710,0.00000,-0.297,-0.050,7
193.1660,0.94989,-0.01685,-0.00113,0.97460,0.00000,-0.297,-0.050,7
193.2160,0.95739,-0.01685,-0.00113,0.98210,0.00000,-0.297,-0.050,7
193.2660,0.96489,-0.01685,-0.00113,0.98960,0.00000,-0.297,-0.050,7
193.3160,0.97239,-0.01685,-0.00113,0.99710,0.00000,-0.297,-0.050,7
193.3660,0.97982,-0.01680,-0.00113,1.00000,0.00460,-0.214,-0.049,7
193.4160,0.98639,-0.01612,-0.00113,1.00000,0.01210,1.275,-0.032,7
193.4660,0.99195,-0.01450,-0.00113,1.00000,0.01960,4.340,-0.029,7
193.5160,0.99666,-0.01193,-0.00113,1.00000,0.02710,7.869,-0.035,7
193.5660,1.00059,-0.00850,-0.00113,1.00000,0.03460,11.383,-0.040,7
193.6160,1.00384,-0.00430,-0.00112,1.00000,0.04210,14.815,-0.043,7
193.6660,1.00649,0.00060,-0.00112,1.00000,0.04960,18.172,-0.046,7
193.7160,1.00859,0.00613,-0.00112,1.00000,0.05710,21.468,-0.047,7
193.7660,1.01023,0.01223,-0.00112,1.00000,0.06460,24.714,-0.048,7
193.8160,1.01144,0.01884,-0.00112,1.00000,0.07210,27.918,-0.049,7
193.8660,1.01228,0.02592,-0.00112,1.00000,0.07960,31.088,-0.049,7
193.9160,1.01278,0.03341,-0.00112,1.00000,0.08710,34.230,-0.049,7
193.9660,1.01297,0.04127,-0.00112,1.00000,0.09460,37.349,-0.049,7
194.0160,1.01288,0.04946,-0.00112,1.00000,0.10210,40.450,-0.049,7
194.0660,1.01254,0.05793,-0.00112,1.00000,0.10960,43.535,-0.050,7
194.1160,1.01195,0.06664,-0.00112,1.00000,0.11710,46.608,-0.050,7
194.1660,1.01113,0.07555,-0.00112,1.00000,0.12460,49.671,-0.050,7
194.2160,1.01011,0.08462,-0.00112,1.00000,0.13210,52.727,-0.051,7
194.2660,1.00888,0.09380,-0.00112,1.00000,0.13960,55.777,-0.051,7
194.3160,1.00748,0.10307,-0.00112,1.00000,0.14710,58.823,-0.051,7
194.3660,1.00592,0.11238,-0.00112,1.00000,0.15460,61.867,-0.052,7
194.4160,1.00420,0.12169,-0.00112,1.00000,0.16210,64.909,-0.052,7
194.4660,1.00236,0.13098,-0.00112,1.00000,0.16960,67.950,-0.053,7
194.5160,1.00040,0.14021,-0.00112,1.00000,0.17710,70.993,-0.053,7
194.5660,0.99834,0.14935,-0.00112,1.00000,0.18460,74.036,-0.053,7
194.6160,0.99622,0.15839,-0.00112,1.00000,0.19210,77.082,-0.054,7
194.6660,0.99403,0.16730,-0.00112,1.00000,0.19960,80.131,-0.054,7
194.7160,0.99181,0.17607,-0.00112,1.00000,0.20710,83.180,-0.054,7
194.7660,0.98957,0.18469,-0.00112,1.00000,0.21460,86.186,-0.053,7
194.8160,0.98734,0.19315,-0.00112,1.00000,0.22210,88.789,-0.053,7
194.8660,0.98518,0.20149,-0.00112,1.00000,0.22960,89.812,-0.053,7
194.9160,0.98323,0.20976,-0.00112,1.00000,0.23710,89.952,-0.053,7
194.9660,0.98151,0.21797,-0.00112,1.00000,0.24460,89.979,-0.053,7
195.0160,0.98001,0.22611,-0.00112,1.00000,0.25210,90.024,-0.053,7
195.0660,0.97870,0.23419,-0.00112,1.00000,0.25960,90.066,-0.053,7
195.1160,0.97758,0.24222,-0.00112,1.00000,0.26710,90.102,-0.053,7
195.1660,0.97663,0.25020,-0.00112,1.00000,0.27460,90.131,-0.053,7
195.2160,0.97584,0.25813,-0.00112,1.00000,0.28210,90.156,-0.052,7
195.2660,0.97518,0.26601,-0.00112,1.00000,0.28960,90.177,-0.052,7
195.3160,0.97465,0.27385,-0.00113,1.00000,0.29710,90.195,-0.052,7
195.3660,0.97423,0.28166,-0.00113,1.00000,0.30460,90.210,-0.052,7
195.4160,0.97392,0.28943,-0.00113,1.00000,0.31210,90.223,-0.051,7
195.4660,0.97369,0.29716,-0.00113,1.00000,0.31960,90.234,-0.051,7
195.5160,0.97355,0.30487,-0.00113,1.00000,0.32710,90.244,-0.051,7
195.5660,0.97347,0.31255,-0.00113,1.00000,0.33460,90.252,-0.051,7
195.6160,0.97346,0.32021,-0.00113,1.00000,0.34210,90.258,-0.050,7
195.6660,0.97350,0.32784,-0.00113,1.00000,0.34960,90.264,-0.050,7
195.7160,0.97359,0.33546,-0.00113,1.00000,0.35710,90.270,-0.050,7
195.7660,0.97371,0.34305,-0.00113,1.00000,0.36460,90.274,-0.050,7
195.8160,0.97387,0.35063,-0.00113,1.00000,0.37210,90.278,-0.050,7
195.8660,0.97406,0.35820,-0.00113,1.00000,0.37960,90.282,-0.049,7
195.9160,0.97427,0.36576,-0.00113,1.00000,0.38710,90.285,-0.049,7
195.9660,0.97449,0.37330,-0.00113,1.00000,0.39460,90.287,-0.049,7
196.0160,0.97473,0.38083,-0.00113,1.00000,0.40210,90.290,-0.049,7
196.0660,0.97498,0.38836,-0.00113,1.00000,0.40960,90.292,-0.049,7
196.1160,0.97524,0.39588,-0.00113,1.00000,0.41710,90.294,-0.049,7
196.1660,0.97550,0.40339,-0.00113,1.00000,0.42460,90.296,-0.049,7
196.2160,0.97577,0.41090,-0.00113,1.00000,0.43210,90.297,-0.048,7
196.2660,0.97603,0.41840,-0.00113,1.00000,0.43960,90.299,-0.048,7
196.3160,0.97629,0.42590,-0.00113,1.00000,0.44710,90.300,-0.048,7
196.3660,0.97655,0.43339,-0.00113,1.00000,0.45460,90.301,-0.048,7
196.4160,0.97680,0.44088,-0.00113,1.00000,0.46210,90.302,-0.048,7
196.4660,0.97704,0.44837,-0.00113,1.00000,0.46960,90.303,-0.048,7
196.5160,0.97728,0.45586,-0.00113,1.00000,0.47710,90.304,-0.048,7
196.5660,0.97751,0.46335,-0.00113,1.00000,0.48460,90.305,-0.048,7
196.6160,0.97773,0.47083,-0.00113,1.00000,0.49210,90.305,-0.048,7
196.6660,0.97794,0.47832,-0.00113,1.00000,0.49960,90.306,-0.048,7
196.7160,0.97814,0.48580,-0.00113,1.00000,0.50710,90.306,-0.048,7
196.7660,0.97833,0.49329,-0.00113,1.00000,0.51460,90.307,-0.048,7
196.8160,0.97851,0.50077,-0.00113,1.00000,0.52210,90.307,-0.048,7
196.8660,0.97868,0.50826,-0.00113,1.00000,0.52960,90.308,-0.048,7
196.9160,0.97884,0.51575,-0.00113,1.00000,0.53710,90.308,-0.048,7
196.9660,0.97900,0.52323,-0.00113,1.00000,0.54460,90.308,-0.048,7
197.0160,0.97914,0.53072,-0.00113,1.00000,0.55210,90.309,-0.048,7
197.0660,0.97927,0.53821,-0.00113,1.00000,0.55960,90.309,-0.048,7
197.1160,0.97940,0.54569,-0.00113,1.00000,0.56710,90.309,-0.048,7
197.1660,0.97951,0.55318,-0.00113,1.00000,0.57460,90.309,-0.048,7
197.2160,0.97962,0.56067,-0.00113,1.00000,0.58210,90.309,-0.048,7
197.2660,0.97972,0.56816,-0.00113,1.00000,0.58960,90.310,-0.048,7
197.3160,0.97981,0.57565,-0.00113,1.00000,0.59710,90.310,-0.048,7
197.3660,0.97989,0.58314,-0.00113,1.00000,0.60460,90.310,-0.048,7
197.4160,0.97997,0.59063,-0.00113,1.00000,0.61210,90.310,-0.048,7
197.4660,0.98004,0.59813,-0.00113,1.00000,0.61960,90.310,-0.048,7
197.5160,0.98011,0.60562,-0.00113,1.00000,0.62710,90.310,-0.048,7
197.5660,0.98016,0.61311,-0.00113,1.00000,0.63460,90.310,-0.048,7
197.6160,0.98022,0.62061,-0.00113,1.00000,0.64210,90.310,-0.048,7
197.6660,0.98026,0.62810,-0.00113,1.00000,0.64960,90.310,-0.048,7
197.7160,0.98031,0.63560,-0.00113,1.00000,0.65710,90.310,-0.048,7
197.7660,0.98035,0.64309,-0.00113,1.00000,0.66460,90.310,-0.048,7
197.8160,0.98038,0.65059,-0.00113,1.00000,0.67210,90.310,-0.048,7
197.8660,0.98041,0.65809,-0.00113,1.00000,0.67960,90.310,-0.048,7
197.9160,0.98044,0.66558,-0.00113,1.00000,0.68710,90.310,-0.048,7
197.9660,0.98046,0.67308,-0.00113,1.00000,0.69460,90.310,-0.048,7
198.0160,0.98048,0.68058,-0.00113,1.00000,0.70210,90.310,-0.048,7
198.0660,0.98050,0.68808,-0.00113,1.00000,0.70960,90.310,-0.048,7
198.1160,0.98051,0.69557,-0.00113,1.00000,0.71710,90.310,-0.048,7
198.1660,0.98052,0.70307,-0.00113,1.00000,0.72460,90.310,-0.048,7
198.2160,0.98054,0.71057,-0.00113,1.00000,0.73210,90.310,-0.048,7
198.2660,0.98054,0.71807,-0.00113,1.00000,0.73960,90.310,-0.048,7
198.3160,0.98055,0.72557,-0.00113,1.00000,0.74710,90.310,-0.048,7
198.3660,0.98056,0.73307,-0.00113,1.00000,0.75460,90.310,-0.048,7
198.4160,0.98056,0.74057,-0.00113,1.00000,0.76210,90.310,-0.048,7
198.4660,0.98056,0.74807,-0.00113,1.00000,0.76960,90.310,-0.048,7
198.5160,0.98057,0.75557,-0.00113,1.00000,0.77710,90.310,-0.048,7
198.5660,0.98057,0.76307,-0.00113,1.00000,0.78460,90.310,-0.048,7
198.6160,0.98057,0.77057,-0.00113,1.00000,0.79210,90.310,-0.048,7
198.6660,0.98057,0.77807,-0.00113,1.00000,0.79960,90.310,-0.048,7
198.7160,0.98057,0.78557,-0.00113,1.00000,0.80710,90.309,-0.048,7
198.7660,0.98056,0.79307,-0.00113,1.00000,0.81460,90.309,-0.048,7
198.8160,0.98056,0.80057,-0.00113,1.00000,0.82210,90.309,-0.048,7
198.8660,0.98056,0.80807,-0.00113,1.00000,0.82960,90.309,-0.048,7
198.9160,0.98056,0.81557,-0.00113,1.00000,0.83710,90.309,-0.048,7
198.9660,0.98055,0.82307,-0.00113,1.00000,0.84460,90.309,-0.048,7
199.0160,0.98055,0.83057,-0.00113,1.00000,0.85210,90.309,-0.048,7
199.0660,0.98055,0.83807,-0.00113,1.00000,0.85960,90.309,-0.048,7
199.1160,0.98054,0.84557,-0.00113,1.00000,0.86710,90.309,-0.048,7
199.1660,0.98054,0.85307,-0.00113,1.00000,0.87460,90.309,-0.048,7
199.2160,0.98054,0.86057,-0.00113,1.00000,0.88210,90.309,-0.048,7
199.2660,0.98053,0.86807,-0.00113,1.00000,0.88960,90.309,-0.048,7
199.3160,0.98053,0.87557,-0.00113,1.00000,0.89710,90.309,-0.048,7
199.3660,0.98053,0.88307,-0.00113,1.00000,0.90460,90.309,-0.048,7
199.4160,0.98052,0.89057,-0.00113,1.00000,0.91210,90.309,-0.048,7
199.4660,0.98052,0.89807,-0.00113,1.00000,0.91960,90.309,-0.048,7
199.5160,0.98052,0.90557,-0.00113,1.00000,0.92710,90.309,-0.048,7
199.5660,0.98051,0.91307,-0.00113,1.00000,0.93460,90.309,-0.048,7
199.6160,0.98051,0.92057,-0.00113,1.00000,0.94210,90.309,-0.048,7
199.6660,0.98051,0.92807,-0.00113,1.00000,0.94960,90.309,-0.048,7
199.7160,0.98051,0.93557,-0.00113,1.00000,0.95710,90.309,-0.048,7
199.7660,0.98050,0.94307,-0.00113,1.00000,0.96460,90.309,-0.048,7
199.8160,0.98050,0.95057,-0.00113,1.00000,0.97210,90.309,-0.048,7
199.8660,0.98050,0.95807,-0.00113,1.00000,0.97960,90.309,-0.048,7
199.9160,0.98050,0.96557,-0.00113,1.00000,0.98710,90.309,-0.048,7
199.9660,0.98049,0.97307,-0.00113,1.00000,0.99460,90.309,-0.048,7
200.0160,0.98045,0.98050,-0.00113,0.99790,1.00000,90.397,-0.047,7
200.0660,0.97978,0.98699,-0.00113,0.99040,1.00000,91.956,-0.030,7
200.1160,0.97820,0.99228,-0.00113,0.98290,1.00000,94.919,-0.026,7
200.1660,0.97574,0.99648,-0.00113,0.97540,1.00000,98.278,-0.031,7
200.2160,0.97251,0.99972,-0.00113,0.96790,1.00000,101.630,-0.035,7
200.2660,0.96860,1.00215,-0.00113,0.96040,1.00000,104.922,-0.037,7
200.3160,0.96412,1.00390,-0.00113,0.95290,1.00000,108.159,-0.038,7
200.3660,0.95911,1.00508,-0.00113,0.94540,1.00000,111.353,-0.038,7
200.4160,0.95365,1.00579,-0.00113,0.93790,1.00000,114.513,-0.037,7
200.4660,0.94777,1.00613,-0.00113,0.93040,1.00000,117.645,-0.036,7
200.5160,0.94153,1.00617,-0.00113,0.92290,1.00000,120.754,-0.034,7
200.5660,0.93496,1.00597,-0.00113,0.91540,1.00000,123.845,-0.032,7
200.6160,0.92808,1.00558,-0.00113,0.90790,1.00000,126.921,-0.030,7
200.6660,0.92094,1.00505,-0.00113,0.90040,1.00000,129.986,-0.028,7
200.7160,0.91355,1.00442,-0.00113,0.89290,1.00000,133.041,-0.027,7
200.7660,0.90595,1.00371,-0.00113,0.88540,1.00000,136.089,-0.025,7
200.8160,0.89815,1.00296,-0.00113,0.87790,1.00000,139.131,-0.024,7
200.8660,0.89017,1.00218,-0.00113,0.87040,1.00000,142.168,-0.023,7
200.9160,0.88205,1.00138,-0.00114,0.86290,1.00000,145.202,-0.022,7
200.9660,0.87379,1.00058,-0.00114,0.85540,1.00000,148.235,-0.021,7
201.0160,0.86542,0.99978,-0.00114,0.84790,1.00000,151.267,-0.020,7
201.0660,0.85696,0.99898,-0.00114,0.84040,1.00000,154.300,-0.019,7
201.1160,0.84843,0.99820,-0.00114,0.83290,1.00000,157.335,-0.019,7
201.1660,0.83984,0.99744,-0.00114,0.82540,1.00000,160.374,-0.018,7
201.2160,0.83121,0.99668,-0.00114,0.81790,1.00000,163.419,-0.018,7
201.2660,0.82255,0.99594,-0.00114,0.81040,1.00000,166.472,-0.017,7
201.3160,0.81389,0.99521,-0.00114,0.80290,1.00000,169.534,-0.017,7
201.3660,0.80524,0.99448,-0.00114,0.79540,1.00000,172.605,-0.016,7
201.4160,0.79660,0.99377,-0.00114,0.78790,1.00000,175.645,-0.016,7
201.4660,0.78798,0.99307,-0.00114,0.78040,1.00000,178.294,-0.016,7
201.5160,0.77934,0.99238,-0.00114,0.77290,1.00000,179.338,-0.015,7
201.5660,0.77065,0.99172,-0.00114,0.76540,1.00000,179.508,-0.015,7
201.6160,0.76192,0.99108,-0.00114,0.75790,1.00000,179.570,-0.015,7
201.6660,0.75316,0.99047,-0.00114,0.75040,1.00000,179.642,-0.014,7
201.7160,0.74439,0.98989,-0.00114,0.74290,1.00000,179.706,-0.014,7
201.7660,0.73562,0.98934,-0.00114,0.73540,1.00000,179.759,-0.014,7
201.8160,0.72687,0.98882,-0.00114,0.72790,1.00000,179.802,-0.014,7
201.8660,0.71816,0.98833,-0.00114,0.72040,1.00000,179.837,-0.013,7
201.9160,0.70947,0.98786,-0.00114,0.71290,1.00000,179.865,-0.013,7
201.9660,0.70084,0.98743,-0.00114,0.70540,1.00000,179.888,-0.013,7
202.0160,0.69225,0.98702,-0.00114,0.69790,1.00000,179.907,-0.013,7
202.0660,0.68372,0.98664,-0.00114,0.69040,1.00000,179.921,-0.013,7
202.1160,0.67524,0.98629,-0.00114,0.68290,1.00000,179.933,-0.013,7
202.1660,0.66683,0.98596,-0.00114,0.67540,1.00000,179.943,-0.013,7
202.2160,0.65848,0.98566,-0.00114,0.66790,1.00000,179.950,-0.013,7
202.2660,0.65019,0.98538,-0.00114,0.66040,1.00000,179.956,-0.012,7
202.3160,0.64196,0.98512,-0.00114,0.65290,1.00000,179.960,-0.012,7
202.3660,0.63380,0.98488,-0.00114,0.64540,1.00000,179.963,-0.012,7
202.4160,0.62570,0.98467,-0.00114,0.63790,1.00000,179.966,-0.012,7
202.4660,0.61765,0.98447,-0.00114,0.63040,1.00000,179.967,-0.012,7
202.5160,0.60967,0.98429,-0.00114,0.62290,1.00000,179.968,-0.012,7
202.5660,0.60173,0.98413,-0.00114,0.61540,1.00000,179.969,-0.011,7
202.6160,0.59385,0.98398,-0.00114,0.60790,1.00000,179.969,-0.011,7
202.6660,0.58602,0.98385,-0.00114,0.60040,1.00000,179.969,-0.011,7
202.7160,0.57823,0.98374,-0.00114,0.59290,1.00000,179.969,-0.011,7
202.7660,0.57049,0.98363,-0.00114,0.58540,1.00000,179.968,-0.010,7
202.8160,0.56279,0.98354,-0.00114,0.57790,1.00000,179.967,-0.010,7
202.8660,0.55512,0.98346,-0.00114,0.57040,1.00000,179.967,-0.010,7
202.9160,0.54749,0.98339,-0.00114,0.56290,1.00000,179.966,-0.010,7
202.9660,0.53988,0.98333,-0.00114,0.55540,1.00000,179.965,-0.010,7
203.0160,0.53231,0.98328,-0.00114,0.54790,1.00000,179.965,-0.009,7
203.0660,0.52475,0.98323,-0.00114,0.54040,1.00000,179.964,-0.009,7
203.1160,0.51722,0.98319,-0.00114,0.53290,1.00000,179.963,-0.009,7
203.1660,0.50971,0.98316,-0.00114,0.52540,1.00000,179.962,-0.009,7
203.2160,0.50222,0.98314,-0.00114,0.51790,1.00000,179.962,-0.009,7
203.2660,0.49474,0.98312,-0.00114,0.51040,1.00000,179.961,-0.009,7
203.3160,0.48727,0.98310,-0.00114,0.50290,1.00000,179.960,-0.008,7
203.3660,0.47982,0.98309,-0.00114,0.49540,1.00000,179.960,-0.008,7
203.4160,0.47237,0.98308,-0.00114,0.48790,1.00000,179.959,-0.008,7
203.4660,0.46493,0.98308,-0.00114,0.48040,1.00000,179.959,-0.008,7
203.5160,0.45749,0.98308,-0.00114,0.47290,1.00000,179.959,-0.008,7
203.5660,0.45006,0.98308,-0.00114,0.46540,1.00000,179.958,-0.008,7
203.6160,0.44263,0.98308,-0.00114,0.45790,1.00000,179.958,-0.008,7
203.6660,0.43520,0.98309,-0.00114,0.45040,1.00000,179.958,-0.008,7
203.7160,0.42777,0.98309,-0.00114,0.44290,1.00000,179.957,-0.008,7
203.7660,0.42034,0.98310,-0.00114,0.43540,1.00000,179.957,-0.008,7
203.8160,0.41292,0.98311,-0.00114,0.42790,1.00000,179.957,-0.008,7
203.8660,0.40549,0.98312,-0.00114,0.42040,1.00000,179.957,-0.007,7
203.9160,0.39805,0.98313,-0.00114,0.41290,1.00000,179.957,-0.007,7
203.9660,0.39062,0.98314,-0.00114,0.40540,1.00000,179.957,-0.007,7
204.0160,0.38318,0.98315,-0.00114,0.39790,1.00000,179.957,-0.007,7
204.0660,0.37574,0.98316,-0.00114,0.39040,1.00000,179.957,-0.007,7
204.1160,0.36829,0.98318,-0.00114,0.38290,1.00000,179.957,-0.007,7
204.1660,0.36085,0.98319,-0.00114,0.37540,1.00000,179.957,-0.007,7
204.2160,0.35340,0.98320,-0.00114,0.36790,1.00000,179.957,-0.007,7
204.2660,0.34594,0.98321,-0.00114,0.36040,1.00000,179.957,-0.007,7
204.3160,0.33848,0.98322,-0.00114,0.35290,1.00000,179.957,-0.007,7
204.3660,0.33102,0.98323,-0.00114,0.34540,1.00000,179.957,-0.007,7
204.4160,0.32355,0.98325,-0.00114,0.33790,1.00000,179.957,-0.007,7
204.4660,0.31608,0.98326,-0.00114,0.33040,1.00000,179.957,-0.007,7
204.5160,0.30861,0.98327,-0.00114,0.32290,1.00000,179.957,-0.007,7
204.5660,0.30114,0.98328,-0.00114,0.31540,1.00000,179.957,-0.007,7
204.6160,0.29366,0.98328,-0.00114,0.30790,1.00000,179.957,-0.007,7
204.6660,0.28618,0.98329,-0.00114,0.30040,1.00000,179.957,-0.007,7
204.7160,0.27869,0.98330,-0.00114,0.29290,1.00000,179.957,-0.007,7
204.7660,0.27121,0.98331,-0.00114,0.28540,1.00000,179.957,-0.007,7
204.8160,0.26372,0.98332,-0.00114,0.27790,1.00000,179.957,-0.007,7
204.8660,0.25623,0.98332,-0.00114,0.27040,1.00000,179.958,-0.007,7
204.9160,0.24873,0.98333,-0.00114,0.26290,1.00000,179.958,-0.007,7
204.9660,0.24124,0.98334,-0.00114,0.25540,1.00000,179.958,-0.007,7
205.0160,0.23374,0.98334,-0.00114,0.24790,1.00000,179.958,-0.007,7
205.0660,0.22625,0.98335,-0.00114,0.24040,1.00000,179.958,-0.007,7
205.1160,0.21875,0.98335,-0.00114,0.23290,1.00000,179.958,-0.007,7
205.1660,0.21125,0.98336,-0.00114,0.22540,1.00000,179.958,-0.007,7
205.2160,0.20375,0.98336,-0.00114,0.21790,1.00000,179.958,-0.007,7
205.2660,0.19625,0.98337,-0.00114,0.21040,1.00000,179.958,-0.007,7
205.3160,0.18874,0.98337,-0.00114,0.20290,1.00000,179.958,-0.007,7
205.3660,0.18124,0.98337,-0.00114,0.19540,1.00000,179.958,-0.007,7
205.4160,0.17374,0.98337,-0.00114,0.18790,1.00000,179.958,-0.007,7
205.4660,0.16623,0.98338,-0.00114,0.18040,1.00000,179.958,-0.007,7
205.5160,0.15873,0.98338,-0.00114,0.17290,1.00000,179.958,-0.007,7
205.5660,0.15123,0.98338,-0.00114,0.16540,1.00000,179.958,-0.007,7
205.6160,0.14372,0.98338,-0.00114,0.15790,1.00000,179.958,-0.007,7
205.6660,0.13622,0.98339,-0.00114,0.15040,1.00000,179.958,-0.007,7
205.7160,0.12871,0.98339,-0.00114,0.14290,1.00000,179.958,-0.007,7
205.7660,0.12121,0.98339,-0.00114,0.13540,1.00000,179.958,-0.007,7
205.8160,0.11371,0.98339,-0.00114,0.12790,1.00000,179.958,-0.007,7
205.8660,0.10620,0.98339,-0.00114,0.12040,1.00000,179.958,-0.007,7
205.9160,0.09870,0.98339,-0.00114,0.11290,1.00000,179.958,-0.007,7
205.9660,0.09119,0.98339,-0.00114,0.10540,1.00000,179.958,-0.007,7
206.0160,0.08369,0.98339,-0.00114,0.09790,1.00000,179.958,-0.007,7
206.0660,0.07619,0.98339,-0.00114,0.09040,1.00000,179.958,-0.007,7
206.1160,0.06868,0.98339,-0.00114,0.08290,1.00000,179.958,-0.007,7
206.1660,0.06118,0.98339,-0.00114,0.07540,1.00000,179.958,-0.007,7
206.2160,0.05368,0.98339,-0.00114,0.06790,1.00000,179.958,-0.007,7
206.2660,0.04618,0.98339,-0.00114,0.06040,1.00000,179.958,-0.007,7
206.3160,0.03867,0.98339,-0.00114,0.05290,1.00000,179.958,-0.007,7
206.3660,0.03117,0.98339,-0.00114,0.04540,1.00000,179.958,-0.007,7
206.4160,0.02367,0.98339,-0.00114,0.03790,1.00000,179.958,-0.007,7
206.4660,0.01617,0.98339,-0.00114,0.03040,1.00000,179.958,-0.007,7
206.5160,0.00867,0.98339,-0.00114,0.02290,1.00000,179.958,-0.007,7
206.5660,0.00116,0.98339,-0.00114,0.01540,1.00000,179.958,-0.007,7
206.6160,-0.00634,0.98339,-0.00114,0.00790,1.00000,179.958,-0.007,7
206.6660,-0.01384,0.98339,-0.00114,0.00040,1.00000,179.958,-0.007,7
206.7160,-0.02127,0.98334,-0.00114,0.00000,0.99290,-179.957,-0.006,7
206.7660,-0.02775,0.98265,-0.00114,0.00000,0.98540,-178.423,0.010,7
206.8160,-0.03295,0.98100,-0.00114,0.00000,0.97790,-175.236,0.014,7
206.8660,-0.03698,0.97865,-0.00113,0.00000,0.97040,-171.593,0.009,7
206.9160,-0.04001,0.97574,-0.00113,0.00000,0.96290,-167.983,0.004,7
206.9660,-0.04222,0.97234,-0.00112,0.00000,0.95540,-164.469,0.001,7
207.0160,-0.04377,0.96850,-0.00112,0.00000,0.94790,-161.041,-0.001,7
207.0660,-0.04481,0.96424,-0.00112,0.00000,0.94040,-157.683,-0.002,7
207.1160,-0.04545,0.95957,-0.00112,0.00000,0.93290,-154.380,-0.002,7
207.1660,-0.04580,0.95451,-0.00111,0.00000,0.92540,-151.124,-0.002,7
207.2160,-0.04595,0.94906,-0.00111,0.00000,0.91790,-147.906,-0.002,7
207.2660,-0.04596,0.94324,-0.00111,0.00000,0.91040,-144.720,-0.001,7
207.3160,-0.04588,0.93706,-0.00111,0.00000,0.90290,-141.561,-0.000,7
207.3660,-0.04576,0.93050,-0.00111,0.00000,0.89540,-138.426,0.001,7
207.4160,-0.04563,0.92360,-0.00111,0.00000,0.88790,-135.312,0.001,7
207.4660,-0.04550,0.91635,-0.00111,0.00000,0.88040,-132.215,0.001,7
207.5160,-0.04540,0.90876,-0.00111,0.00000,0.87290,-129.136,0.001,7
207.5660,-0.04532,0.90085,-0.00111,0.00000,0.86540,-126.071,0.001,7
207.6160,-0.04528,0.89262,-0.00111,0.00000,0.85790,-123.019,0.001,7
207.6660,-0.04525,0.88410,-0.00111,0.00000,0.85040,-119.980,-0.000,7
207.7160,-0.04523,0.87530,-0.00111,0.00000,0.84290,-116.952,-0.001,7
207.7660,-0.04522,0.86622,-0.00111,0.00000,0.83540,-113.935,-0.002,7
207.8160,-0.04519,0.85690,-0.00111,0.00000,0.82790,-110.927,-0.003,7
207.8660,-0.04513,0.84736,-0.00111,0.00000,0.82040,-107.929,-0.005,7
207.9160,-0.04503,0.83760,-0.00111,0.00000,0.81290,-104.939,-0.006,7
207.9660,-0.04486,0.82766,-0.00111,0.00000,0.80540,-101.958,-0.008,7
208.0160,-0.04460,0.81757,-0.00111,0.00000,0.79790,-98.986,-0.009,7
208.0660,-0.04424,0.80735,-0.00112,0.00000,0.79040,-96.027,-0.011,7
208.1160,-0.04377,0.79704,-0.00112,0.00000,0.78290,-93.126,-0.012,7
208.1660,-0.04317,0.78668,-0.00112,0.00000,0.77540,-90.648,-0.014,7
208.2160,-0.04246,0.77637,-0.00112,0.00000,0.76790,-89.783,-0.015,7
208.2660,-0.04166,0.76620,-0.00112,0.00000,0.76040,-89.765,-0.015,7
208.3160,-0.04080,0.75620,-0.00112,0.00000,0.75290,-89.825,-0.016,7
208.3660,-0.03990,0.74636,-0.00112,0.00000,0.74540,-89.853,-0.017,7
208.4160,-0.03897,0.73668,-0.00112,0.00000,0.73790,-89.872,-0.018,7
208.4660,-0.03802,0.72718,-0.00112,0.00000,0.73040,-89.887,-0.018,7
208.5160,-0.03705,0.71783,-0.00112,0.00000,0.72290,-89.900,-0.018,7
208.5660,-0.03609,0.70866,-0.00112,0.00000,0.71540,-89.910,-0.018,7
208.6160,-0.03513,0.69963,-0.00112,0.00000,0.70790,-89.919,-0.018,7
208.6660,-0.03418,0.69077,-0.00113,0.00000,0.70040,-89.926,-0.018,7
208.7160,-0.03325,0.68204,-0.00113,0.00000,0.69290,-89.932,-0.018,7
208.7660,-0.03233,0.67346,-0.00113,0.00000,0.68540,-89.937,-0.018,7
208.8160,-0.03145,0.66501,-0.00113,0.00000,0.67790,-89.941,-0.017,7
208.8660,-0.03059,0.65668,-0.00113,0.00000,0.67040,-89.945,-0.017,7
208.9160,-0.02977,0.64847,-0.00113,0.00000,0.66290,-89.947,-0.017,7
208.9660,-0.02898,0.64037,-0.00113,0.00000,0.65540,-89.949,-0.016,7
209.0160,-0.02822,0.63237,-0.00113,0.00000,0.64790,-89.951,-0.016,7
209.0660,-0.02750,0.62446,-0.00113,0.00000,0.64040,-89.953,-0.015,7
209.1160,-0.02681,0.61663,-0.00113,0.00000,0.63290,-89.954,-0.015,7
209.1660,-0.02616,0.60888,-0.00113,0.00000,0.62540,-89.955,-0.015,7
209.2160,-0.02555,0.60120,-0.00113,0.00000,0.61790,-89.956,-0.014,7
209.2660,-0.02497,0.59357,-0.00113,0.00000,0.61040,-89.956,-0.014,7
209.3160,-0.02443,0.58600,-0.00113,0.00000,0.60290,-89.957,-0.013,7
209.3660,-0.02392,0.57848,-0.00113,0.00000,0.59540,-89.958,-0.013,7
209.4160,-0.02345,0.57100,-0.00113,0.00000,0.58790,-89.958,-0.013,7
209.4660,-0.02301,0.56356,-0.00113,0.00000,0.58040,-89.958,-0.012,7
209.5160,-0.02260,0.55615,-0.00113,0.00000,0.57290,-89.959,-0.012,7
209.5660,-0.02222,0.54876,-0.00113,0.00000,0.56540,-89.959,-0.012,7
209.6160,-0.02187,0.54139,-0.00113,0.00000,0.55790,-89.960,-0.011,7
209.6660,-0.02155,0.53404,-0.00114,0.00000,0.55040,-89.960,-0.011,7
209.7160,-0.02125,0.52670,-0.00114,0.00000,0.54290,-89.961,-0.011,7
209.7660,-0.02098,0.51937,-0.00114,0.00000,0.53540,-89.961,-0.011,7
209.8160,-0.02074,0.51204,-0.00114,0.00000,0.52790,-89.961,-0.010,7
209.8660,-0.02051,0.50472,-0.00114,0.00000,0.52040,-89.962,-0.010,7
209.9160,-0.02031,0.49740,-0.00114,0.00000,0.51290,-89.962,-0.010,7
209.9660,-0.02013,0.49008,-0.00114,0.00000,0.50540,-89.963,-0.010,7
210.0160,-0.01996,0.48276,-0.00114,0.00000,0.49790,-89.963,-0.010,7
210.0660,-0.01981,0.47543,-0.00114,0.00000,0.49040,-89.964,-0.010,7
210.1160,-0.01968,0.46810,-0.00114,0.00000,0.48290,-89.964,-0.009,7
210.1660,-0.01956,0.46076,-0.00114,0.00000,0.47540,-89.965,-0.009,7
210.2160,-0.01946,0.45341,-0.00114,0.00000,0.46790,-89.965,-0.009,7
210.2660,-0.01937,0.44606,-0.00114,0.00000,0.46040,-89.966,-0.009,7
210.3160,-0.01929,0.43869,-0.00114,0.00000,0.45290,-89.966,-0.009,7
210.3660,-0.01922,0.43132,-0.00114,0.00000,0.44540,-89.967,-0.009,7
210.4160,-0.01916,0.42394,-0.00114,0.00000,0.43790,-89.967,-0.009,7
210.4660,-0.01911,0.41655,-0.00114,0.00000,0.43040,-89.967,-0.009,7
210.5160,-0.01907,0.40915,-0.00114,0.00000,0.42290,-89.968,-0.009,7
210.5660,-0.01903,0.40175,-0.00114,0.00000,0.41540,-89.968,-0.009,7
210.6160,-0.01900,0.39433,-0.00114,0.00000,0.40790,-89.969,-0.009,7
210.6660,-0.01898,0.38691,-0.00114,0.00000,0.40040,-89.969,-0.009,7
210.7160,-0.01896,0.37947,-0.00114,0.00000,0.39290,-89.969,-0.009,7
210.7660,-0.01895,0.37203,-0.00114,0.00000,0.38540,-89.970,-0.009,7
210.8160,-0.01894,0.36459,-0.00114,0.00000,0.37790,-89.970,-0.009,7
210.8660,-0.01894,0.35713,-0.00114,0.00000,0.37040,-89.970,-0.009,7
210.9160,-0.01894,0.34967,-0.00114,0.00000,0.36290,-89.970,-0.009,7
210.9660,-0.01894,0.34220,-0.00114,0.00000,0.35540,-89.971,-0.009,7
211.0160,-0.01894,0.33473,-0.00114,0.00000,0.34790,-89.971,-0.009,7
211.0660,-0.01895,0.32726,-0.00114,0.00000,0.34040,-89.971,-0.009,7
211.1160,-0.01895,0.31977,-0.00114,0.00000,0.33290,-89.971,-0.009,7
211.1660,-0.01896,0.31229,-0.00114,0.00000,0.32540,-89.971,-0.009,7
211.2160,-0.01897,0.30480,-0.00114,0.00000,0.31790,-89.972,-0.009,7
211.2660,-0.01898,0.29731,-0.00114,0.00000,0.31040,-89.972,-0.009,7
211.3160,-0.01900,0.28981,-0.00114,0.00000,0.30290,-89.972,-0.009,7
211.3660,-0.01901,0.28231,-0.00114,0.00000,0.29540,-89.972,-0.009,7
211.4160,-0.01902,0.27481,-0.00114,0.00000,0.28790,-89.972,-0.009,7
211.4660,-0.01903,0.26731,-0.00114,0.00000,0.28040,-89.972,-0.009,7
211.5160,-0.01905,0.25980,-0.00114,0.00000,0.27290,-89.972,-0.009,7
211.5660,-0.01906,0.25230,-0.00114,0.00000,0.26540,-89.972,-0.009,7
211.6160,-0.01907,0.24479,-0.00114,0.00000,0.25790,-89.972,-0.009,7
211.6660,-0.01908,0.23728,-0.00114,0.00000,0.25040,-89.972,-0.009,7
211.7160,-0.01910,0.22977,-0.00114,0.00000,0.24290,-89.972,-0.009,7
211.7660,-0.01911,0.22226,-0.00114,0.00000,0.23540,-89.972,-0.009,7
211.8160,-0.01912,0.21475,-0.00114,0.00000,0.22790,-89.972,-0.009,7
211.8660,-0.01913,0.20724,-0.00114,0.00000,0.22040,-89.972,-0.009,7
211.9160,-0.01914,0.19973,-0.00114,0.00000,0.21290,-89.972,-0.009,7
211.9660,-0.01915,0.19222,-0.00114,0.00000,0.20540,-89.972,-0.009,7
212.0160,-0.01916,0.18471,-0.00114,0.00000,0.19790,-89.972,-0.009,7
212.0660,-0.01917,0.17721,-0.00114,0.00000,0.19040,-89.972,-0.009,7
212.1160,-0.01918,0.16970,-0.00114,0.00000,0.18290,-89.972,-0.010,7
212.1660,-0.01919,0.16219,-0.00114,0.00000,0.17540,-89.972,-0.010,7
212.2160,-0.01920,0.15468,-0.00114,0.00000,0.16790,-89.972,-0.010,7
212.2660,-0.01921,0.14717,-0.00114,0.00000,0.16040,-89.972,-0.010,7
212.3160,-0.01922,0.13966,-0.00114,0.00000,0.15290,-89.972,-0.010,7
212.3660,-0.01922,0.13216,-0.00114,0.00000,0.14540,-89.972,-0.010,7
212.4160,-0.01923,0.12465,-0.00114,0.00000,0.13790,-89.972,-0.010,7
212.4660,-0.01923,0.11714,-0.00114,0.00000,0.13040,-89.972,-0.010,7
212.5160,-0.01924,0.10964,-0.00114,0.00000,0.12290,-89.972,-0.010,7
212.5660,-0.01924,0.10213,-0.00114,0.00000,0.11540,-89.972,-0.010,7
212.6160,-0.01925,0.09463,-0.00114,0.00000,0.10790,-89.972,-0.010,7
212.6660,-0.01925,0.08712,-0.00114,0.00000,0.10040,-89.972,-0.010,7
212.7160,-0.01926,0.07962,-0.00114,0.00000,0.09290,-89.972,-0.010,7
212.7660,-0.01926,0.07212,-0.00114,0.00000,0.08540,-89.972,-0.010,7
212.8160,-0.01926,0.06461,-0.00114,0.00000,0.07790,-89.972,-0.010,7
212.8660,-0.01927,0.05711,-0.00114,0.00000,0.07040,-89.972,-0.010,7
212.9160,-0.01927,0.04961,-0.00114,0.00000,0.06290,-89.972,-0.010,7
212.9660,-0.01927,0.04211,-0.00114,0.00000,0.05540,-89.972,-0.010,7
213.0160,-0.01927,0.03461,-0.00114,0.00000,0.04790,-89.972,-0.010,7
213.0660,-0.01928,0.02710,-0.00114,0.00000,0.04040,-89.972,-0.010,7
213.1160,-0.01928,0.01960,-0.00114,0.00000,0.03290,-89.972,-0.010,7
213.1660,-0.01928,0.01210,-0.00114,0.00000,0.02540,-89.972,-0.010,7
213.2160,-0.01928,0.00460,-0.00114,0.00000,0.01790,-89.972,-0.010,7
213.2660,-0.01928,-0.00290,-0.00114,0.00000,0.01040,-89.972,-0.010,7
213.3160,-0.01928,-0.01040,-0.00114,0.00000,0.00290,-89.972,-0.010,7
213.3660,-0.01924,-0.01784,-0.00114,0.00460,0.00000,-89.887,-0.008,8
213.4160,-0.01856,-0.02440,-0.00114,0.01210,0.00000,-88.361,0.008,8
213.4660,-0.01709,-0.02995,-0.00114,0.01960,0.00000,-85.303,0.011,8
213.5160,-0.01489,-0.03463,-0.00113,0.02710,0.00000,-81.790,0.004,8
213.5660,-0.01205,-0.03856,-0.00113,0.03460,0.00000,-78.289,-0.002,8
213.6160,-0.00862,-0.04187,-0.00113,0.04210,0.00000,-74.865,-0.006,8
213.6660,-0.00465,-0.04465,-0.00113,0.04960,0.00000,-71.513,-0.009,8
213.7160,-0.00015,-0.04700,-0.00113,0.05710,0.00000,-68.222,-0.012,8
213.7660,0.00483,-0.04900,-0.00112,0.06460,0.00000,-64.980,-0.013,8
213.8160,0.01030,-0.05073,-0.00112,0.07210,0.00000,-61.780,-0.015,8
213.8660,0.01622,-0.05224,-0.00112,0.07960,0.00000,-58.616,-0.016,8
213.9160,0.02259,-0.05358,-0.00112,0.08710,0.00000,-55.482,-0.017,8
213.9660,0.02939,-0.05478,-0.00112,0.09460,0.00000,-52.374,-0.018,8
214.0160,0.03662,-0.05585,-0.00112,0.10210,0.00000,-49.289,-0.020,8
214.0660,0.04426,-0.05681,-0.00112,0.10960,0.00000,-46.223,-0.021,8
214.1160,0.05229,-0.05766,-0.00112,0.11710,0.00000,-43.173,-0.022,8
214.1660,0.06068,-0.05839,-0.00112,0.12460,0.00000,-40.136,-0.024,8
214.2160,0.06943,-0.05900,-0.00112,0.13210,0.00000,-37.111,-0.026,8
214.2660,0.07849,-0.05946,-0.00112,0.13960,0.00000,-34.095,-0.028,8
214.3160,0.08784,-0.05976,-0.00112,0.14710,0.00000,-31.086,-0.030,8
214.3660,0.09745,-0.05988,-0.00112,0.15460,0.00000,-28.082,-0.032,8
214.4160,0.10727,-0.05981,-0.00112,0.16210,0.00000,-25.082,-0.035,8
214.4660,0.11727,-0.05952,-0.00112,0.16960,0.00000,-22.084,-0.037,8
214.5160,0.12741,-0.05900,-0.00112,0.17710,0.00000,-19.086,-0.040,8
214.5660,0.13765,-0.05824,-0.00112,0.18460,0.00000,-16.086,-0.042,8
214.6160,0.14794,-0.05723,-0.00111,0.19210,0.00000,-13.084,-0.044,8
214.6660,0.15824,-0.05596,-0.00111,0.19960,0.00000,-10.078,-0.046,8
214.7160,0.16851,-0.05444,-0.00111,0.20710,0.00000,-7.070,-0.048,8
214.7660,0.17871,-0.05266,-0.00111,0.21460,0.00000,-4.103,-0.050,8
214.8160,0.18879,-0.05064,-0.00111,0.22210,0.00000,-1.538,-0.051,8
214.8660,0.19864,-0.04848,-0.00111,0.22960,0.00000,-0.635,-0.053,8
214.9160,0.20819,-0.04633,-0.00110,0.23710,0.00000,-0.557,-0.054,8
214.9660,0.21745,-0.04424,-0.00110,0.24460,0.00000,-0.546,-0.055,8
215.0160,0.22645,-0.04223,-0.00110,0.25210,0.00000,-0.513,-0.056,8
215.0660,0.23522,-0.04030,-0.00110,0.25960,0.00000,-0.481,-0.057,8
215.1160,0.24378,-0.03845,-0.00110,0.26710,0.00000,-0.455,-0.057,8
215.1660,0.25215,-0.03669,-0.00110,0.27460,0.00000,-0.433,-0.057,8
215.2160,0.26036,-0.03501,-0.00110,0.28210,0.00000,-0.414,-0.057,8
215.2660,0.26843,-0.03342,-0.00110,0.28960,0.00000,-0.399,-0.057,8
215.3160,0.27637,-0.03192,-0.00110,0.29710,0.00000,-0.385,-0.056,8
215.3660,0.28419,-0.03050,-0.00110,0.30460,0.00000,-0.374,-0.056,8
215.4160,0.29192,-0.02918,-0.00110,0.31210,0.00000,-0.365,-0.056,8
215.4660,0.29956,-0.02793,-0.00110,0.31960,0.00000,-0.357,-0.055,8
215.5160,0.30713,-0.02677,-0.00110,0.32710,0.00000,-0.350,-0.055,8
215.5660,0.31465,-0.02569,-0.00110,0.33460,0.00000,-0.344,-0.054,8
215.6160,0.32211,-0.02469,-0.00111,0.34210,0.00000,-0.339,-0.054,8
215.6660,0.32952,-0.02377,-0.00111,0.34960,0.00000,-0.334,-0.053,8
215.7160,0.33691,-0.02291,-0.00111,0.35710,0.00000,-0.330,-0.053,8
215.7660,0.34426,-0.02212,-0.00111,0.36460,0.00000,-0.327,-0.053,8
215.8160,0.35159,-0.02140,-0.00111,0.37210,0.00000,-0.324,-0.052,8
215.8660,0.35891,-0.02074,-0.00111,0.37960,0.00000,-0.321,-0.052,8
215.9160,0.36622,-0.02014,-0.00111,0.38710,0.00000,-0.319,-0.052,8
215.9660,0.37351,-0.01960,-0.00111,0.39460,0.00000,-0.316,-0.051,8
216.0160,0.38080,-0.01911,-0.00111,0.40210,0.00000,-0.315,-0.051,8
216.0660,0.38809,-0.01866,-0.00111,0.40960,0.00000,-0.313,-0.051,8
216.1160,0.39539,-0.01826,-0.00112,0.41710,0.00000,-0.311,-0.051,8
216.1660,0.40268,-0.01791,-0.00112,0.42460,0.00000,-0.310,-0.050,8
216.2160,0.40998,-0.01759,-0.00112,0.43210,0.00000,-0.309,-0.050,8
216.2660,0.41728,-0.01731,-0.00112,0.43960,0.00000,-0.308,-0.050,8
216.3160,0.42459,-0.01706,-0.00112,0.44710,0.00000,-0.307,-0.050,8
216.3660,0.43191,-0.01685,-0.00112,0.45460,0.00000,-0.306,-0.050,8
216.4160,0.43924,-0.01666,-0.00112,0.46210,0.00000,-0.305,-0.050,8
216.4660,0.44657,-0.01650,-0.00112,0.46960,0.00000,-0.304,-0.050,8
216.5160,0.45392,-0.01636,-0.00112,0.47710,0.00000,-0.304,-0.050,8
216.5660,0.46127,-0.01625,-0.00112,0.48460,0.00000,-0.303,-0.050,8
216.6160,0.46864,-0.01615,-0.00112,0.49210,0.00000,-0.302,-0.050,8
216.6660,0.47601,-0.01607,-0.00112,0.49960,0.00000,-0.302,-0.050,8
216.7160,0.48339,-0.01601,-0.00113,0.50710,0.00000,-0.301,-0.050,8
216.7660,0.49078,-0.01596,-0.00113,0.51460,0.00000,-0.301,-0.050,8
216.8160,0.49818,-0.01593,-0.00113,0.52210,0.00000,-0.301,-0.050,8
216.8660,0.50559,-0.01591,-0.00113,0.52960,0.00000,-0.300,-0.050,8
216.9160,0.51301,-0.01589,-0.00113,0.53710,0.00000,-0.300,-0.050,8
216.9660,0.52043,-0.01589,-0.00113,0.54460,0.00000,-0.300,-0.050,8
217.0160,0.52786,-0.01589,-0.00113,0.55210,0.00000,-0.299,-0.050,8
217.0660,0.53529,-0.01590,-0.00113,0.55960,0.00000,-0.299,-0.050,8
217.1160,0.54274,-0.01591,-0.00113,0.56710,0.00000,-0.299,-0.050,8
217.1660,0.55018,-0.01593,-0.00113,0.57460,0.00000,-0.299,-0.050,8
217.2160,0.55764,-0.01596,-0.00113,0.58210,0.00000,-0.298,-0.050,8
217.2660,0.56510,-0.01599,-0.00113,0.58960,0.00000,-0.298,-0.050,8
217.3160,0.57256,-0.01602,-0.00113,0.59710,0.00000,-0.298,-0.050,8
217.3660,0.58003,-0.01605,-0.00113,0.60460,0.00000,-0.298,-0.050,8
217.4160,0.58750,-0.01608,-0.00113,0.61210,0.00000,-0.298,-0.050,8
217.4660,0.59497,-0.01612,-0.00113,0.61960,0.00000,-0.298,-0.050,8
217.5160,0.60245,-0.01615,-0.00113,0.62710,0.00000,-0.297,-0.050,8
217.5660,0.60993,-0.01619,-0.00113,0.63460,0.00000,-0.297,-0.050,8
217.6160,0.61742,-0.01622,-0.00113,0.64210,0.00000,-0.297,-0.050,8
217.6660,0.62490,-0.01626,-0.00113,0.64960,0.00000,-0.297,-0.050,8
217.7160,0.63239,-0.01629,-0.00113,0.65710,0.00000,-0.297,-0.050,8
217.7660,0.63988,-0.01633,-0.00113,0.66460,0.00000,-0.297,-0.050,8
217.8160,0.64737,-0.01636,-0.00113,0.67210,0.00000,-0.297,-0.050,8
217.8660,0.65486,-0.01639,-0.00113,0.67960,0.00000,-0.297,-0.050,8
217.9160,0.66236,-0.01642,-0.00113,0.68710,0.00000,-0.297,-0.050,8
217.9660,0.66986,-0.01645,-0.00113,0.69460,0.00000,-0.297,-0.050,8
218.0160,0.67735,-0.01648,-0.00113,0.70210,0.00000,-0.297,-0.050,8
218.0660,0.68485,-0.01651,-0.00113,0.70960,0.00000,-0.297,-0.050,8
218.1160,0.69235,-0.01654,-0.00113,0.71710,0.00000,-0.297,-0.050,8
218.1660,0.69985,-0.01656,-0.00113,0.72460,0.00000,-0.297,-0.050,8
218.2160,0.70735,-0.01659,-0.00113,0.73210,0.00000,-0.297,-0.050,8
218.2660,0.71485,-0.01661,-0.00113,0.73960,0.00000,-0.297,-0.050,8
218.3160,0.72235,-0.01663,-0.00113,0.74710,0.00000,-0.297,-0.050,8
218.3660,0.72985,-0.01665,-0.00113,0.75460,0.00000,-0.297,-0.050,8
218.4160,0.73735,-0.01667,-0.00113,0.76210,0.00000,-0.297,-0.050,8
218.4660,0.74485,-0.01669,-0.00113,0.76960,0.00000,-0.297,-0.050,8
218.5160,0.75235,-0.01670,-0.00113,0.77710,0.00000,-0.297,-0.050,8
218.5660,0.75986,-0.01672,-0.00113,0.78460,0.00000,-0.297,-0.050,8
218.6160,0.76736,-0.01673,-0.00113,0.79210,0.00000,-0.297,-0.050,8
218.6660,0.77486,-0.01674,-0.00113,0.79960,0.00000,-0.297,-0.050,8
218.7160,0.78236,-0.01675,-0.00113,0.80710,0.00000,-0.297,-0.050,8
218.7660,0.78986,-0.01677,-0.00113,0.81460,0.00000,-0.297,-0.050,8
218.8160,0.79736,-0.01678,-0.00113,0.82210,0.00000,-0.297,-0.050,8
218.8660,0.80487,-0.01678,-0.00113,0.82960,0.00000,-0.297,-0.050,8
218.9160,0.81237,-0.01679,-0.00113,0.83710,0.00000,-0.297,-0.050,8
218.9660,0.81987,-0.01680,-0.00113,0.84460,0.00000,-0.297,-0.050,8
219.0160,0.82737,-0.01681,-0.00113,0.85210,0.00000,-0.297,-0.050,8
219.0660,0.83487,-0.01681,-0.00113,0.85960,0.00000,-0.297,-0.050,8
219.1160,0.84237,-0.01682,-0.00113,0.86710,0.00000,-0.297,-0.050,8
219.1660,0.84988,-0.01682,-0.00113,0.87460,0.00000,-0.297,-0.050,8
219.2160,0.85738,-0.01683,-0.00113,0.88210,0.00000,-0.297,-0.050,8
219.2660,0.86488,-0.01683,-0.00113,0.88960,0.00000,-0.297,-0.050,8
219.3160,0.87238,-0.01683,-0.00113,0.89710,0.00000,-0.297,-0.050,8
219.3660,0.87988,-0.01684,-0.00113,0.90460,0.00000,-0.297,-0.050,8
219.4160,0.88738,-0.01684,-0.00113,0.91210,0.00000,-0.297,-0.050,8
219.4660,0.89488,-0.01684,-0.00113,0.91960,0.00000,-0.297,-0.050,8
219.5160,0.90238,-0.01684,-0.00113,0.92710,0.00000,-0.297,-0.050,8
219.5660,0.90988,-0.01684,-0.00113,0.93460,0.00000,-0.297,-0.050,8
219.6160,0.91738,-0.01684,-0.00113,0.94210,0.00000,-0.297,-0.050,8
219.6660,0.92488,-0.01684,-0.00113,0.94960,0.00000,-0.297,-0.050,8
219.7160,0.93239,-0.01685,-0.00113,0.95710,0.00000,-0.297,-0.050,8
219.7660,0.93989,-0.01685,-0.00113,0.96460,0.00000,-0.297,-0.050,8
219.8160,0.94739,-0.01685,-0.00113,0.97210,0.00000,-0.297,-0.050,8
219.8660,0.95489,-0.01685,-0.00113,0.97960,0.00000,-0.297,-0.050,8
219.9160,0.96239,-0.01685,-0.00113,0.98710,0.00000,-0.297,-0.050,8
219.9660,0.96989,-0.01685,-0.00113,0.99460,0.00000,-0.297,-0.050,8
220.0160,0.97733,-0.01680,-0.00113,1.00000,0.00210,-0.214,-0.049,8
220.0660,0.98391,-0.01614,-0.00113,1.00000,0.00960,1.268,-0.032,8
220.1160,0.98952,-0.01454,-0.00113,1.00000,0.01710,4.221,-0.029,8
220.1660,0.99428,-0.01202,-0.00113,1.00000,0.02460,7.612,-0.035,8
220.2160,0.99828,-0.00866,-0.00113,1.00000,0.03210,11.003,-0.040,8
220.2660,1.00160,-0.00453,-0.00112,1.00000,0.03960,14.334,-0.043,8
220.3160,1.00433,0.00028,-0.00112,1.00000,0.04710,17.608,-0.045,8
220.3660,1.00653,0.00572,-0.00112,1.00000,0.05460,20.836,-0.047,8
220.4160,1.00826,0.01172,-0.00112,1.00000,0.06210,24.026,-0.048,8
220.4660,1.00958,0.01822,-0.00112,1.00000,0.06960,27.184,-0.048,8
220.5160,1.01052,0.02519,-0.00112,1.00000,0.07710,30.317,-0.049,8
220.5660,1.01112,0.03257,-0.00112,1.00000,0.08460,33.429,-0.049,8
220.6160,1.01143,0.04032,-0.00112,1.00000,0.09210,36.525,-0.049,8
220.6660,1.01145,0.04839,-0.00112,1.00000,0.09960,39.607,-0.049,8
220.7160,1.01121,0.05675,-0.00112,1.00000,0.10710,42.678,-0.049,8
220.7660,1.01073,0.06536,-0.00112,1.00000,0.11460,45.742,-0.050,8
220.8160,1.01003,0.07416,-0.00112,1.00000,0.12210,48.799,-0.050,8
220.8660,1.00912,0.08313,-0.00112,1.00000,0.12960,51.853,-0.050,8
220.9160,1.00801,0.09223,-0.00112,1.00000,0.13710,54.904,-0.051,8
220.9660,1.00671,0.10141,-0.00112,1.00000,0.14460,57.955,-0.051,8
221.0160,1.00525,0.11064,-0.00112,1.00000,0.15210,61.007,-0.052,8
221.0660,1.00363,0.11989,-0.00112,1.00000,0.15960,64.062,-0.052,8
221.1160,1.00188,0.12911,-0.00112,1.00000,0.16710,67.121,-0.052,8
221.1660,1.00001,0.13829,-0.00112,1.00000,0.17460,70.186,-0.053,8
221.2160,0.99803,0.14739,-0.00112,1.00000,0.18210,73.258,-0.053,8
221.2660,0.99598,0.15639,-0.00112,1.00000,0.18960,76.340,-0.053,8
221.3160,0.99386,0.16527,-0.00112,1.00000,0.19710,79.433,-0.053,8
221.3660,0.99169,0.17401,-0.00112,1.00000,0.20460,82.536,-0.053,8
221.4160,0.98949,0.18260,-0.00112,1.00000,0.21210,85.609,-0.053,8
221.4660,0.98729,0.19103,-0.00112,1.00000,0.21960,88.295,-0.053,8
221.5160,0.98516,0.19935,-0.00112,1.00000,0.22710,89.396,-0.053,8
221.5660,0.98323,0.20759,-0.00112,1.00000,0.23460,89.607,-0.053,8
221.6160,0.98152,0.21577,-0.00112,1.00000,0.24210,89.695,-0.053,8
221.6660,0.98002,0.22388,-0.00112,1.00000,0.24960,89.789,-0.053,8
221.7160,0.97872,0.23194,-0.00112,1.00000,0.25710,89.872,-0.053,8
221.7660,0.97760,0.23994,-0.00112,1.00000,0.26460,89.942,-0.053,8
221.8160,0.97665,0.24789,-0.00112,1.00000,0.27210,89.999,-0.052,8
221.8660,0.97585,0.25579,-0.00112,1.00000,0.27960,90.047,-0.052,8
221.9160,0.97519,0.26365,-0.00113,1.00000,0.28710,90.088,-0.052,8
221.9660,0.97466,0.27147,-0.00113,1.00000,0.29460,90.121,-0.052,8
222.0160,0.97423,0.27925,-0.00113,1.00000,0.30210,90.149,-0.051,8
222.0660,0.97391,0.28700,-0.00113,1.00000,0.30960,90.173,-0.051,8
222.1160,0.97368,0.29472,-0.00113,1.00000,0.31710,90.192,-0.051,8
222.1660,0.97353,0.30241,-0.00113,1.00000,0.32460,90.209,-0.051,8
222.2160,0.97346,0.31008,-0.00113,1.00000,0.33210,90.223,-0.050,8
222.2660,0.97344,0.31772,-0.00113,1.00000,0.33960,90.235,-0.050,8
222.3160,0.97348,0.32534,-0.00113,1.00000,0.34710,90.245,-0.050,8
222.3660,0.97356,0.33295,-0.00113,1.00000,0.35460,90.253,-0.050,8
222.4160,0.97369,0.34054,-0.00113,1.00000,0.36210,90.261,-0.050,8
222.4660,0.97384,0.34811,-0.00113,1.00000,0.36960,90.267,-0.049,8
222.5160,0.97403,0.35567,-0.00113,1.00000,0.37710,90.272,-0.049,8
222.5660,0.97424,0.36322,-0.00113,1.00000,0.38460,90.277,-0.049,8
222.6160,0.97446,0.37077,-0.00113,1.00000,0.39210,90.281,-0.049,8
222.6660,0.97470,0.37830,-0.00113,1.00000,0.39960,90.285,-0.049,8
222.7160,0.97495,0.38582,-0.00113,1.00000,0.40710,90.288,-0.049,8
222.7660,0.97521,0.39334,-0.00113,1.00000,0.41460,90.290,-0.049,8
222.8160,0.97547,0.40085,-0.00113,1.00000,0.42210,90.293,-0.049,8
222.8660,0.97574,0.40835,-0.00113,1.00000,0.42960,90.295,-0.048,8
222.9160,0.97600,0.41586,-0.00113,1.00000,0.43710,90.297,-0.048,8
222.9660,0.97626,0.42336,-0.00113,1.00000,0.44460,90.298,-0.048,8
223.0160,0.97652,0.43085,-0.00113,1.00000,0.45210,90.300,-0.048,8
223.0660,0.97677,0.43834,-0.00113,1.00000,0.45960,90.301,-0.048,8
223.1160,0.97701,0.44584,-0.00113,1.00000,0.46710,90.302,-0.048,8
223.1660,0.97725,0.45333,-0.00113,1.00000,0.47460,90.303,-0.048,8
223.2160,0.97748,0.46081,-0.00113,1.00000,0.48210,90.304,-0.048,8
223.2660,0.97770,0.46830,-0.00113,1.00000,0.48960,90.305,-0.048,8
223.3160,0.97791,0.47579,-0.00113,1.00000,0.49710,90.305,-0.048,8
223.3660,0.97812,0.48328,-0.00113,1.00000,0.50460,90.306,-0.048,8
223.4160,0.97831,0.49076,-0.00113,1.00000,0.51210,90.307,-0.048,8
223.4660,0.97849,0.49825,-0.00113,1.00000,0.51960,90.307,-0.048,8
223.5160,0.97866,0.50574,-0.00113,1.00000,0.52710,90.308,-0.048,8
223.5660,0.97883,0.51322,-0.00113,1.00000,0.53460,90.308,-0.048,8
223.6160,0.97898,0.52071,-0.00113,1.00000,0.54210,90.308,-0.048,8
223.6660,0.97912,0.52820,-0.00113,1.00000,0.54960,90.309,-0.048,8
223.7160,0.97926,0.53569,-0.00113,1.00000,0.55710,90.309,-0.048,8
223.7660,0.97938,0.54318,-0.00113,1.00000,0.56460,90.309,-0.048,8
223.8160,0.97950,0.55067,-0.00113,1.00000,0.57210,90.309,-0.048,8
223.8660,0.97961,0.55816,-0.00113,1.00000,0.57960,90.309,-0.048,8
223.9160,0.97971,0.56565,-0.00113,1.00000,0.58710,90.310,-0.048,8
223.9660,0.97980,0.57314,-0.00113,1.00000,0.59460,90.310,-0.048,8
224.0160,0.97989,0.58063,-0.00113,1.00000,0.60210,90.310,-0.048,8
224.0660,0.97996,0.58813,-0.00113,1.00000,0.60960,90.310,-0.048,8
224.1160,0.98003,0.59562,-0.00113,1.00000,0.61710,90.310,-0.048,8
224.1660,0.98010,0.60311,-0.00113,1.00000,0.62460,90.310,-0.048,8
224.2160,0.98016,0.61061,-0.00113,1.00000,0.63210,90.310,-0.048,8
224.2660,0.98021,0.61810,-0.00113,1.00000,0.63960,90.310,-0.048,8
224.3160,0.98026,0.62560,-0.00113,1.00000,0.64710,90.310,-0.048,8
224.3660,0.98030,0.63309,-0.00113,1.00000,0.65460,90.310,-0.048,8
224.4160,0.98034,0.64059,-0.00113,1.00000,0.66210,90.310,-0.048,8
224.4660,0.98038,0.64809,-0.00113,1.00000,0.66960,90.310,-0.048,8
224.5160,0.98041,0.65558,-0.00113,1.00000,0.67710,90.310,-0.048,8
224.5660,0.98043,0.66308,-0.00113,1.00000,0.68460,90.310,-0.048,8
224.6160,0.98046,0.67058,-0.00113,1.00000,0.69210,90.310,-0.048,8
224.6660,0.98048,0.67808,-0.00113,1.00000,0.69960,90.310,-0.048,8
224.7160,0.98050,0.68558,-0.00113,1.00000,0.70710,90.310,-0.048,8
224.7660,0.98051,0.69307,-0.00113,1.00000,0.71460,90.310,-0.048,8
224.8160,0.98052,0.70057,-0.00113,1.00000,0.72210,90.310,-0.048,8
224.8660,0.98053,0.70807,-0.00113,1.00000,0.72960,90.310,-0.048,8
224.9160,0.98054,0.71557,-0.00113,1.00000,0.73710,90.310,-0.048,8
224.9660,0.98055,0.72307,-0.00113,1.00000,0.74460,90.310,-0.048,8
225.0160,0.98056,0.73057,-0.00113,1.00000,0.75210,90.310,-0.048,8
225.0660,0.98056,0.73807,-0.00113,1.00000,0.75960,90.310,-0.048,8
225.1160,0.98056,0.74557,-0.00113,1.00000,0.76710,90.310,-0.048,8
225.1660,0.98057,0.75307,-0.00113,1.00000,0.77460,90.310,-0.048,8
225.2160,0.98057,0.76057,-0.00113,1.00000,0.78210,90.310,-0.048,8
225.2660,0.98057,0.76807,-0.00113,1.00000,0.78960,90.310,-0.048,8
225.3160,0.98057,0.77557,-0.00113,1.00000,0.79710,90.310,-0.048,8
225.3660,0.98057,0.78307,-0.00113,1.00000,0.80460,90.309,-0.048,8
225.4160,0.98056,0.79057,-0.00113,1.00000,0.81210,90.309,-0.048,8
225.4660,0.98056,0.79807,-0.00113,1.00000,0.81960,90.309,-0.048,8
225.5160,0.98056,0.80557,-0.00113,1.00000,0.82710,90.309,-0.048,8
225.5660,0.98056,0.81307,-0.00113,1.00000,0.83460,90.309,-0.048,8
225.6160,0.98055,0.82057,-0.00113,1.00000,0.84210,90.309,-0.048,8
225.6660,0.98055,0.82807,-0.00113,1.00000,0.84960,90.309,-0.048,8
225.7160,0.98055,0.83557,-0.00113,1.00000,0.85710,90.309,-0.048,8
225.7660,0.98054,0.84307,-0.00113,1.00000,0.86460,90.309,-0.048,8
225.8160,0.98054,0.85057,-0.00113,1.00000,0.87210,90.309,-0.048,8
225.8660,0.98054,0.85807,-0.00113,1.00000,0.87960,90.309,-0.048,8
225.9160,0.98053,0.86557,-0.00113,1.00000,0.88710,90.309,-0.048,8
225.9660,0.98053,0.87307,-0.00113,1.00000,0.89460,90.309,-0.048,8
226.0160,0.98053,0.88057,-0.00113,1.00000,0.90210,90.309,-0.048,8
226.0660,0.98052,0.88807,-0.00113,1.00000,0.90960,90.309,-0.048,8
226.1160,0.98052,0.89557,-0.00113,1.00000,0.91710,90.309,-0.048,8
226.1660,0.98052,0.90307,-0.00113,1.00000,0.92460,90.309,-0.048,8
226.2160,0.98051,0.91057,-0.00113,1.00000,0.93210,90.309,-0.048,8
226.2660,0.98051,0.91807,-0.00113,1.00000,0.93960,90.309,-0.048,8
226.3160,0.98051,0.92557,-0.00113,1.00000,0.94710,90.309,-0.048,8
226.3660,0.98051,0.93307,-0.00113,1.00000,0.95460,90.309,-0.048,8
226.4160,0.98050,0.94057,-0.00113,1.00000,0.96210,90.309,-0.048,8
226.4660,0.98050,0.94807,-0.00113,1.00000,0.96960,90.309,-0.048,8
226.5160,0.98050,0.95557,-0.00113,1.00000,0.97710,90.309,-0.048,8
226.5660,0.98050,0.96307,-0.00113,1.00000,0.98460,90.309,-0.048,8
226.6160,0.98049,0.97057,-0.00113,1.00000,0.99210,90.309,-0.048,8
226.6660,0.98049,0.97807,-0.00113,1.00000,0.99960,90.309,-0.048,8
226.7160,0.98044,0.98550,-0.00113,0.99290,1.00000,90.397,-0.047,8
226.7660,0.97975,0.99194,-0.00113,0.98540,1.00000,91.969,-0.030,8
226.8160,0.97812,0.99714,-0.00113,0.97790,1.00000,95.155,-0.026,8
226.8660,0.97557,1.00119,-0.00113,0.97040,1.00000,98.791,-0.031,8
226.9160,0.97223,1.00424,-0.00113,0.96290,1.00000,102.385,-0.035,8
226.9660,0.96821,1.00646,-0.00113,0.95540,1.00000,105.878,-0.038,8
227.0160,0.96359,1.00798,-0.00113,0.94790,1.00000,109.281,-0.038,8
227.0660,0.95845,1.00893,-0.00113,0.94040,1.00000,112.611,-0.038,8
227.1160,0.95284,1.00941,-0.00113,0.93290,1.00000,115.882,-0.037,8
227.1660,0.94682,1.00952,-0.00113,0.92540,1.00000,119.105,-0.036,8
227.2160,0.94042,1.00934,-0.00113,0.91790,1.00000,122.288,-0.034,8
227.2660,0.93368,1.00893,-0.00113,0.91040,1.00000,125.439,-0.032,8
227.3160,0.92664,1.00834,-0.00113,0.90290,1.00000,128.563,-0.030,8
227.3660,0.91933,1.00763,-0.00113,0.89540,1.00000,131.664,-0.028,8
227.4160,0.91176,1.00683,-0.00113,0.88790,1.00000,134.746,-0.027,8
227.4660,0.90397,1.00596,-0.00113,0.88040,1.00000,137.813,-0.025,8
227.5160,0.89599,1.00505,-0.00113,0.87290,1.00000,140.866,-0.024,8
227.5660,0.88782,1.00413,-0.00113,0.86540,1.00000,143.908,-0.022,8
227.6160,0.87951,1.00320,-0.00113,0.85790,1.00000,146.939,-0.021,8
227.6660,0.87106,1.00227,-0.00114,0.85040,1.00000,149.961,-0.021,8
227.7160,0.86250,1.00134,-0.00114,0.84290,1.00000,152.976,-0.020,8
227.7660,0.85385,1.00044,-0.00114,0.83540,1.00000,155.983,-0.019,8
227.8160,0.84513,0.99955,-0.00114,0.82790,1.00000,158.984,-0.019,8
227.8660,0.83636,0.99867,-0.00114,0.82040,1.00000,161.977,-0.018,8
227.9160,0.82755,0.99782,-0.00114,0.81290,1.00000,164.965,-0.018,8
227.9660,0.81873,0.99698,-0.00114,0.80540,1.00000,167.946,-0.017,8
228.0160,0.80991,0.99616,-0.00114,0.79790,1.00000,170.920,-0.017,8
228.0660,0.80109,0.99535,-0.00114,0.79040,1.00000,173.882,-0.017,8
228.1160,0.79230,0.99455,-0.00114,0.78290,1.00000,176.787,-0.016,8
228.1660,0.78354,0.99377,-0.00114,0.77540,1.00000,179.272,-0.016,8
228.2160,0.77478,0.99280,-0.00114,0.76790,1.00000,-179.815,-0.016,8
228.2660,0.76616,0.98959,-0.00113,0.76040,1.00000,-179.327,-0.018,8
228.3160,0.75758,0.98725,-0.00108,0.75290,1.00000,-179.352,-0.018,8
228.3660,0.74894,0.98542,-0.00103,0.74540,1.00000,-179.482,-0.021,8
228.4160,0.74026,0.98380,-0.00098,0.73790,1.00000,-179.573,-0.022,8
228.4660,0.73156,0.98238,-0.00093,0.73040,1.00000,-179.652,-0.021,8
228.5160,0.72286,0.98116,-0.00089,0.72290,1.00000,-179.717,-0.019,8
228.5660,0.71416,0.98011,-0.00086,0.71540,1.00000,-179.772,-0.018,8
228.6160,0.70549,0.97923,-0.00083,0.70790,1.00000,-179.817,-0.017,8
228.6660,0.69685,0.97849,-0.00081,0.70040,1.00000,-179.855,-0.016,8
228.7160,0.68824,0.97788,-0.00078,0.69290,1.00000,-179.887,-0.016,8
228.7660,0.67968,0.97740,-0.00077,0.68540,1.00000,-179.913,-0.015,8
228.8160,0.67118,0.97702,-0.00075,0.67790,1.00000,-179.935,-0.015,8
228.8660,0.66272,0.97674,-0.00074,0.67040,1.00000,-179.954,-0.014,8
228.9160,0.65432,0.97655,-0.00073,0.66290,1.00000,-179.969,-0.014,8
228.9660,0.64599,0.97643,-0.00073,0.65540,1.00000,-179.982,-0.013,8
229.0160,0.63771,0.97638,-0.00072,0.64790,1.00000,-179.993,-0.013,8
229.0660,0.62949,0.97639,-0.00072,0.64040,1.00000,179.997,-0.012,8
229.1160,0.62137,0.97663,-0.00072,0.63290,1.00000,179.971,-0.011,8
229.1660,0.61381,0.97895,-0.00072,0.62540,1.00000,179.660,-0.002,8
229.2160,0.60635,0.98052,-0.00067,0.61790,1.00000,179.537,-0.006,8
229.2660,0.59887,0.98168,-0.00061,0.61040,1.00000,179.574,-0.010,8
229.3160,0.59136,0.98270,-0.00057,0.60290,1.00000,179.636,-0.010,8
229.3660,0.58382,0.98359,-0.00053,0.59540,1.00000,179.693,-0.010,8
229.4160,0.57626,0.98437,-0.00050,0.58790,1.00000,179.739,-0.009,8
229.4660,0.56868,0.98503,-0.00048,0.58040,1.00000,179.778,-0.009,8
229.5160,0.56109,0.98560,-0.00046,0.57290,1.00000,179.811,-0.008,8
229.5660,0.55349,0.98607,-0.00045,0.56540,1.00000,179.838,-0.008,8
229.6160,0.54588,0.98646,-0.00045,0.55790,1.00000,179.860,-0.008,8
229.6660,0.53826,0.98678,-0.00044,0.55040,1.00000,179.879,-0.007,8
229.7160,0.53063,0.98703,-0.00045,0.54290,1.00000,179.895,-0.007,8
229.7660,0.52300,0.98722,-0.00045,0.53540,1.00000,179.908,-0.007,8
229.8160,0.51537,0.98735,-0.00046,0.52790,1.00000,179.919,-0.007,8
229.8660,0.50774,0.98744,-0.00047,0.52040,1.00000,179.928,-0.006,8
229.9160,0.50011,0.98749,-0.00048,0.51290,1.00000,179.936,-0.006,8
229.9660,0.49248,0.98750,-0.00050,0.50540,1.00000,179.942,-0.006,8
230.0160,0.48486,0.98748,-0.00051,0.49790,1.00000,179.947,-0.006,8
230.0660,0.47724,0.98743,-0.00053,0.49040,1.00000,179.951,-0.006,8
230.1160,0.46962,0.98736,-0.00055,0.48290,1.00000,179.955,-0.006,8
230.1660,0.46201,0.98727,-0.00057,0.47540,1.00000,179.958,-0.006,8
230.2160,0.45441,0.98716,-0.00059,0.46790,1.00000,179.960,-0.006,8
230.2660,0.44681,0.98704,-0.00061,0.46040,1.00000,179.962,-0.006,8
230.3160,0.43922,0.98690,-0.00064,0.45290,1.00000,179.963,-0.006,8
230.3660,0.43163,0.98676,-0.00066,0.44540,1.00000,179.965,-0.006,8
230.4160,0.42405,0.98661,-0.00068,0.43790,1.00000,179.965,-0.006,8
230.4660,0.41648,0.98646,-0.00070,0.43040,1.00000,179.966,-0.006,8
230.5160,0.40891,0.98631,-0.00073,0.42290,1.00000,179.967,-0.006,8
230.5660,0.40135,0.98615,-0.00075,0.41540,1.00000,179.967,-0.006,8
230.6160,0.39380,0.98600,-0.00077,0.40790,1.00000,179.967,-0.006,8
230.6660,0.38625,0.98584,-0.00079,0.40040,1.00000,179.967,-0.006,8
230.7160,0.37871,0.98569,-0.00081,0.39290,1.00000,179.967,-0.006,8
230.7660,0.37117,0.98554,-0.00083,0.38540,1.00000,179.967,-0.006,8
230.8160,0.36364,0.98540,-0.00085,0.37790,1.00000,179.966,-0.006,8
230.8660,0.35611,0.98526,-0.00087,0.37040,1.00000,179.966,-0.006,8
230.9160,0.34859,0.98512,-0.00089,0.36290,1.00000,179.966,-0.006,8
230.9660,0.34107,0.98499,-0.00091,0.35540,1.00000,179.966,-0.006,8
231.0160,0.33355,0.98487,-0.00093,0.34790,1.00000,179.965,-0.006,8
231.0660,0.32604,0.98475,-0.00094,0.34040,1.00000,179.965,-0.006,8
231.1160,0.31853,0.98463,-0.00096,0.33290,1.00000,179.964,-0.006,8
231.1660,0.31102,0.98452,-0.00097,0.32540,1.00000,179.964,-0.006,8
231.2160,0.30352,0.98442,-0.00099,0.31790,1.00000,179.964,-0.006,8
231.2660,0.29602,0.98433,-0.00100,0.31040,1.00000,179.963,-0.006,8
231.3160,0.28851,0.98424,-0.00101,0.30290,1.00000,179.963,-0.006,8
231.3660,0.28102,0.98415,-0.00103,0.29540,1.00000,179.963,-0.007,8
231.4160,0.27352,0.98407,-0.00104,0.28790,1.00000,179.962,-0.007,8
231.4660,0.26602,0.98400,-0.00105,0.28040,1.00000,179.962,-0.007,8
231.5160,0.25853,0.98393,-0.00106,0.27290,1.00000,179.962,-0.007,8
231.5660,0.25103,0.98387,-0.00107,0.26540,1.00000,179.961,-0.007,8
231.6160,0.24354,0.98381,-0.00108,0.25790,1.00000,179.961,-0.007,8
231.6660,0.23605,0.98376,-0.00109,0.25040,1.00000,179.961,-0.007,8
231.7160,0.22855,0.98371,-0.00109,0.24290,1.00000,179.961,-0.007,8
231.7660,0.22106,0.98366,-0.00110,0.23540,1.00000,179.960,-0.007,8
231.8160,0.21357,0.98362,-0.00111,0.22790,1.00000,179.960,-0.007,8
231.8660,0.20607,0.98358,-0.00111,0.22040,1.00000,179.960,-0.007,8
231.9160,0.19858,0.98355,-0.00112,0.21290,1.00000,179.960,-0.007,8
231.9660,0.19109,0.98352,-0.00112,0.20540,1.00000,179.960,-0.007,8
232.0160,0.18360,0.98349,-0.00113,0.19790,1.00000,179.959,-0.007,8
232.0660,0.17610,0.98347,-0.00113,0.19040,1.00000,179.959,-0.007,8
232.1160,0.16861,0.98345,-0.00114,0.18290,1.00000,179.959,-0.007,8
232.1660,0.16112,0.98343,-0.00114,0.17540,1.00000,179.959,-0.007,8
232.2160,0.15362,0.98341,-0.00114,0.16790,1.00000,179.959,-0.007,8
232.2660,0.14613,0.98339,-0.00115,0.16040,1.00000,179.959,-0.007,8
232.3160,0.13863,0.98338,-0.00115,0.15290,1.00000,179.959,-0.007,8
232.3660,0.13114,0.98337,-0.00115,0.14540,1.00000,179.959,-0.007,8
232.4160,0.12364,0.98336,-0.00115,0.13790,1.00000,179.959,-0.007,8
232.4660,0.11615,0.98335,-0.00115,0.13040,1.00000,179.959,-0.007,8
232.5160,0.10865,0.98335,-0.00116,0.12290,1.00000,179.959,-0.007,8
232.5660,0.10115,0.98334,-0.00116,0.11540,1.00000,179.958,-0.007,8
232.6160,0.09366,0.98334,-0.00116,0.10790,1.00000,179.958,-0.007,8
232.6660,0.08616,0.98333,-0.00116,0.10040,1.00000,179.958,-0.007,8
232.7160,0.07866,0.98333,-0.00116,0.09290,1.00000,179.958,-0.007,8
232.7660,0.07116,0.98333,-0.00116,0.08540,1.00000,179.958,-0.007,8
232.8160,0.06366,0.98333,-0.00116,0.07790,1.00000,179.958,-0.007,8
232.8660,0.05617,0.98333,-0.00116,0.07040,1.00000,179.958,-0.007,8
232.9160,0.04867,0.98333,-0.00116,0.06290,1.00000,179.958,-0.007,8
232.9660,0.04117,0.98333,-0.00116,0.05540,1.00000,179.958,-0.007,8
233.0160,0.03367,0.98333,-0.00116,0.04790,1.00000,179.958,-0.007,8
233.0660,0.02617,0.98333,-0.00116,0.04040,1.00000,179.958,-0.007,8
233.1160,0.01867,0.98333,-0.00116,0.03290,1.00000,179.958,-0.007,8
233.1660,0.01117,0.98333,-0.00116,0.02540,1.00000,179.958,-0.007,8
233.2160,0.00367,0.98333,-0.00116,0.01790,1.00000,179.958,-0.007,8
233.2660,-0.00383,0.98334,-0.00116,0.01040,1.00000,179.958,-0.007,8
233.3160,-0.01133,0.98334,-0.00116,0.00290,1.00000,179.958,-0.007,8
233.3660,-0.01876,0.98329,-0.00116,0.00000,0.99540,-179.957,-0.006,8
233.4160,-0.02524,0.98261,-0.00116,0.00000,0.98790,-178.430,0.010,8
233.4660,-0.03044,0.98095,-0.00115,0.00000,0.98040,-175.353,0.015,8
233.5160,-0.03450,0.97858,-0.00115,0.00000,0.97290,-171.847,0.009,8
233.5660,-0.03758,0.97567,-0.00114,0.00000,0.96540,-168.359,0.004,8
233.6160,-0.03986,0.97228,-0.00114,0.00000,0.95790,-164.946,0.001,8
233.6660,-0.04149,0.96845,-0.00113,0.00000,0.95040,-161.602,-0.001,8
233.7160,-0.04261,0.96421,-0.00113,0.00000,0.94290,-158.312,-0.002,8
233.7660,-0.04333,0.95957,-0.00113,0.00000,0.93540,-155.067,-0.002,8
233.8160,-0.04376,0.95456,-0.00113,0.00000,0.92790,-151.857,-0.002,8
233.8660,-0.04398,0.94917,-0.00112,0.00000,0.92040,-148.677,-0.001,8
233.9160,-0.04405,0.94342,-0.00112,0.00000,0.91290,-145.521,-0.001,8
233.9660,-0.04404,0.93731,-0.00112,0.00000,0.90540,-142.387,0.000,8
234.0160,-0.04399,0.93086,-0.00112,0.00000,0.89790,-139.271,0.001,8
234.0660,-0.04392,0.92405,-0.00112,0.00000,0.89040,-136.171,0.001,8
234.1160,-0.04385,0.91692,-0.00112,0.00000,0.88290,-133.084,0.002,8
234.1660,-0.04381,0.90945,-0.00112,0.00000,0.87540,-130.010,0.002,8
234.2160,-0.04379,0.90167,-0.00112,0.00000,0.86790,-126.947,0.001,8
234.2660,-0.04381,0.89359,-0.00112,0.00000,0.86040,-123.894,0.001,8
234.3160,-0.04384,0.88521,-0.00112,0.00000,0.85290,-120.849,0.000,8
234.3660,-0.04389,0.87655,-0.00112,0.00000,0.84540,-117.812,-0.001,8
234.4160,-0.04395,0.86762,-0.00112,0.00000,0.83790,-114.781,-0.002,8
234.4660,-0.04399,0.85845,-0.00112,0.00000,0.83040,-111.755,-0.003,8
234.5160,-0.04401,0.84904,-0.00112,0.00000,0.82290,-108.733,-0.004,8
234.5660,-0.04399,0.83943,-0.00112,0.00000,0.81540,-105.714,-0.006,8
234.6160,-0.04390,0.82962,-0.00112,0.00000,0.80790,-102.697,-0.007,8
234.6660,-0.04373,0.81966,-0.00112,0.00000,0.80040,-99.680,-0.009,8
234.7160,-0.04346,0.80955,-0.00112,0.00000,0.79290,-96.666,-0.010,8
234.7660,-0.04308,0.79935,-0.00112,0.00000,0.78540,-93.697,-0.012,8
234.8160,-0.04257,0.78908,-0.00112,0.00000,0.77790,-91.136,-0.013,8
234.8660,-0.04194,0.77884,-0.00112,0.00000,0.77040,-90.190,-0.014,8
234.9160,-0.04122,0.76874,-0.00112,0.00000,0.76290,-90.101,-0.015,8
234.9660,-0.04043,0.75878,-0.00112,0.00000,0.75540,-90.102,-0.016,8
235.0160,-0.03960,0.74899,-0.00112,0.00000,0.74790,-90.081,-0.016,8
235.0660,-0.03872,0.73935,-0.00112,0.00000,0.74040,-90.059,-0.017,8
235.1160,-0.03782,0.72986,-0.00112,0.00000,0.73290,-90.041,-0.017,8
235.1660,-0.03691,0.72054,-0.00112,0.00000,0.72540,-90.026,-0.018,8
235.2160,-0.03598,0.71138,-0.00113,0.00000,0.71790,-90.014,-0.018,8
235.2660,-0.03506,0.70236,-0.00113,0.00000,0.71040,-90.004,-0.018,8
235.3160,-0.03415,0.69350,-0.00113,0.00000,0.70290,-89.996,-0.018,8
235.3660,-0.03324,0.68478,-0.00113,0.00000,0.69540,-89.990,-0.018,8
235.4160,-0.03236,0.67619,-0.00113,0.00000,0.68790,-89.985,-0.017,8
235.4660,-0.03149,0.66774,-0.00113,0.00000,0.68040,-89.980,-0.017,8
235.5160,-0.03066,0.65940,-0.00113,0.00000,0.67290,-89.976,-0.017,8
235.5660,-0.02985,0.65118,-0.00113,0.00000,0.66540,-89.973,-0.016,8
235.6160,-0.02907,0.64307,-0.00113,0.00000,0.65790,-89.971,-0.016,8
235.6660,-0.02832,0.63506,-0.00113,0.00000,0.65040,-89.969,-0.016,8
235.7160,-0.02761,0.62714,-0.00113,0.00000,0.64290,-89.967,-0.015,8
235.7660,-0.02693,0.61930,-0.00113,0.00000,0.63540,-89.966,-0.015,8
235.8160,-0.02629,0.61153,-0.00113,0.00000,0.62790,-89.965,-0.014,8
235.8660,-0.02568,0.60384,-0.00113,0.00000,0.62040,-89.964,-0.014,8
235.9160,-0.02510,0.59620,-0.00113,0.00000,0.61290,-89.963,-0.014,8
235.9660,-0.02456,0.58862,-0.00113,0.00000,0.60540,-89.962,-0.013,8
236.0160,-0.02405,0.58109,-0.00113,0.00000,0.59790,-89.962,-0.013,8
236.0660,-0.02358,0.57360,-0.00113,0.00000,0.59040,-89.962,-0.013,8
236.1160,-0.02314,0.56614,-0.00113,0.00000,0.58290,-89.961,-0.012,8
236.1660,-0.02272,0.55872,-0.00113,0.00000,0.57540,-89.961,-0.012,8
236.2160,-0.02234,0.55132,-0.00113,0.00000,0.56790,-89.961,-0.012,8
236.2660,-0.02199,0.54394,-0.00113,0.00000,0.56040,-89.961,-0.011,8
236.3160,-0.02166,0.53658,-0.00113,0.00000,0.55290,-89.961,-0.011,8
236.3660,-0.02136,0.52923,-0.00114,0.00000,0.54540,-89.962,-0.011,8
236.4160,-0.02109,0.52190,-0.00114,0.00000,0.53790,-89.962,-0.011,8
236.4660,-0.02084,0.51457,-0.00114,0.00000,0.53040,-89.962,-0.010,8
236.5160,-0.02061,0.50724,-0.00114,0.00000,0.52290,-89.962,-0.010,8
236.5660,-0.02040,0.49991,-0.00114,0.00000,0.51540,-89.963,-0.010,8
236.6160,-0.02021,0.49259,-0.00114,0.00000,0.50790,-89.963,-0.010,8
236.6660,-0.02004,0.48526,-0.00114,0.00000,0.50040,-89.964,-0.010,8
236.7160,-0.01989,0.47793,-0.00114,0.00000,0.49290,-89.964,-0.010,8
236.7660,-0.01975,0.47059,-0.00114,0.00000,0.48540,-89.964,-0.009,8
236.8160,-0.01963,0.46325,-0.00114,0.00000,0.47790,-89.965,-0.009,8
236.8660,-0.01952,0.45590,-0.00114,0.00000,0.47040,-89.965,-0.009,8
236.9160,-0.01943,0.44855,-0.00114,0.00000,0.46290,-89.966,-0.009,8
236.9660,-0.01934,0.44118,-0.00114,0.00000,0.45540,-89.966,-0.009,8
237.0160,-0.01927,0.43381,-0.00114,0.00000,0.44790,-89.967,-0.009,8
237.0660,-0.01921,0.42643,-0.00114,0.00000,0.44040,-89.967,-0.009,8
237.1160,-0.01915,0.41904,-0.00114,0.00000,0.43290,-89.967,-0.009,8
237.1660,-0.01911,0.41164,-0.00114,0.00000,0.42540,-89.968,-0.009,8
237.2160,-0.01907,0.40423,-0.00114,0.00000,0.41790,-89.968,-0.009,8
237.2660,-0.01904,0.39682,-0.00114,0.00000,0.41040,-89.968,-0.009,8
237.3160,-0.01901,0.38939,-0.00114,0.00000,0.40290,-89.969,-0.009,8
237.3660,-0.01899,0.38196,-0.00114,0.00000,0.39540,-89.969,-0.009,8
237.4160,-0.01898,0.37452,-0.00114,0.00000,0.38790,-89.969,-0.009,8
237.4660,-0.01896,0.36707,-0.00114,0.00000,0.38040,-89.970,-0.009,8
237.5160,-0.01896,0.35962,-0.00114,0.00000,0.37290,-89.970,-0.009,8
237.5660,-0.01895,0.35216,-0.00114,0.00000,0.36540,-89.970,-0.009,8
237.6160,-0.01895,0.34469,-0.00114,0.00000,0.35790,-89.971,-0.009,8
237.6660,-0.01895,0.33722,-0.00114,0.00000,0.35040,-89.971,-0.009,8
237.7160,-0.01896,0.32975,-0.00114,0.00000,0.34290,-89.971,-0.009,8
237.7660,-0.01896,0.32226,-0.00114,0.00000,0.33540,-89.971,-0.009,8
237.8160,-0.01897,0.31478,-0.00114,0.00000,0.32790,-89.971,-0.009,8
237.8660,-0.01898,0.30729,-0.00114,0.00000,0.32040,-89.971,-0.009,8
237.9160,-0.01899,0.29980,-0.00114,0.00000,0.31290,-89.972,-0.009,8
237.9660,-0.01900,0.29230,-0.00114,0.00000,0.30540,-89.972,-0.009,8
238.0160,-0.01901,0.28481,-0.00114,0.00000,0.29790,-89.972,-0.009,8
238.0660,-0.01902,0.27731,-0.00114,0.00000,0.29040,-89.972,-0.009,8
238.1160,-0.01904,0.26980,-0.00114,0.00000,0.28290,-89.972,-0.009,8
238.1660,-0.01905,0.26230,-0.00114,0.00000,0.27540,-89.972,-0.009,8
238.2160,-0.01906,0.25479,-0.00114,0.00000,0.26790,-89.972,-0.009,8
238.2660,-0.01907,0.24729,-0.00114,0.00000,0.26040,-89.972,-0.009,8
238.3160,-0.01909,0.23978,-0.00114,0.00000,0.25290,-89.972,-0.009,8
238.3660,-0.01910,0.23227,-0.00114,0.00000,0.24540,-89.972,-0.009,8
238.4160,-0.01911,0.22476,-0.00114,0.00000,0.23790,-89.972,-0.009,8
238.4660,-0.01912,0.21725,-0.00114,0.00000,0.23040,-89.972,-0.009,8
238.5160,-0.01913,0.20974,-0.00114,0.00000,0.22290,-89.972,-0.009,8
238.5660,-0.01914,0.20223,-0.00114,0.00000,0.21540,-89.972,-0.009,8
238.6160,-0.01915,0.19472,-0.00114,0.00000,0.20790,-89.972,-0.009,8
238.6660,-0.01916,0.18721,-0.00114,0.00000,0.20040,-89.972,-0.009,8
238.7160,-0.01917,0.17971,-0.00114,0.00000,0.19290,-89.972,-0.009,8
238.7660,-0.01918,0.17220,-0.00114,0.00000,0.18540,-89.972,-0.010,8
238.8160,-0.01919,0.16469,-0.00114,0.00000,0.17790,-89.972,-0.010,8
238.8660,-0.01920,0.15718,-0.00114,0.00000,0.17040,-89.972,-0.010,8
238.9160,-0.01921,0.14967,-0.00114,0.00000,0.16290,-89.972,-0.010,8
238.9660,-0.01921,0.14216,-0.00114,0.00000,0.15540,-89.972,-0.010,8
239.0160,-0.01922,0.13466,-0.00114,0.00000,0.14790,-89.972,-0.010,8
239.0660,-0.01923,0.12715,-0.00114,0.00000,0.14040,-89.972,-0.010,8
239.1160,-0.01923,0.11964,-0.00114,0.00000,0.13290,-89.972,-0.010,8
239.1660,-0.01924,0.11214,-0.00114,0.00000,0.12540,-89.972,-0.010,8
239.2160,-0.01924,0.10463,-0.00114,0.00000,0.11790,-89.972,-0.010,8
239.2660,-0.01925,0.09713,-0.00114,0.00000,0.11040,-89.972,-0.010,8
239.3160,-0.01925,0.08962,-0.00114,0.00000,0.10290,-89.972,-0.010,8
239.3660,-0.01926,0.08212,-0.00114,0.00000,0.09540,-89.972,-0.010,8
239.4160,-0.01926,0.07462,-0.00114,0.00000,0.08790,-89.972,-0.010,8
239.4660,-0.01926,0.06711,-0.00114,0.00000,0.08040,-89.972,-0.010,8
239.5160,-0.01927,0.05961,-0.00114,0.00000,0.07290,-89.972,-0.010,8
239.5660,-0.01927,0.05211,-0.00114,0.00000,0.06540,-89.972,-0.010,8
239.6160,-0.01927,0.04461,-0.00114,0.00000,0.05790,-89.972,-0.010,8
239.6660,-0.01927,0.03711,-0.00114,0.00000,0.05040,-89.972,-0.010,8
239.7160,-0.01928,0.02960,-0.00114,0.00000,0.04290,-89.972,-0.010,8
239.7660,-0.01928,0.02210,-0.00114,0.00000,0.03540,-89.972,-0.010,8
239.8160,-0.01928,0.01460,-0.00114,0.00000,0.02790,-89.972,-0.010,8
239.8660,-0.01928,0.00710,-0.00114,0.00000,0.02040,-89.972,-0.010,8
239.9160,-0.01928,-0.00040,-0.00114,0.00000,0.01290,-89.972,-0.010,8
239.9660,-0.01928,-0.00790,-0.00114,0.00000,0.00540,-89.972,-0.010,8
240.0160,-0.01924,-0.01534,-0.00114,0.00210,0.00000,-89.887,-0.009,9
240.0660,-0.01858,-0.02192,-0.00114,0.00960,0.00000,-88.368,0.008,9
240.1160,-0.01713,-0.02751,-0.00114,0.01710,0.00000,-85.421,0.010,9
240.1660,-0.01496,-0.03224,-0.00113,0.02460,0.00000,-82.046,0.004,9
240.2160,-0.01217,-0.03624,-0.00113,0.03210,0.00000,-78.666,-0.002,9
240.2660,-0.00879,-0.03960,-0.00113,0.03960,0.00000,-75.344,-0.006,9
240.3160,-0.00488,-0.04245,-0.00113,0.04710,0.00000,-72.076,-0.009,9
240.3660,-0.00046,-0.04486,-0.00113,0.05460,0.00000,-68.852,-0.011,9
240.4160,0.00445,-0.04693,-0.00112,0.06210,0.00000,-65.666,-0.013,9
240.4660,0.00983,-0.04872,-0.00112,0.06960,0.00000,-62.511,-0.014,9
240.5160,0.01565,-0.05030,-0.00112,0.07710,0.00000,-59.384,-0.016,9
240.5660,0.02191,-0.05169,-0.00112,0.08460,0.00000,-56.279,-0.017,9
240.6160,0.02860,-0.05295,-0.00112,0.09210,0.00000,-53.195,-0.018,9
240.6660,0.03570,-0.05409,-0.00112,0.09960,0.00000,-50.127,-0.019,9
240.7160,0.04321,-0.05512,-0.00112,0.10710,0.00000,-47.074,-0.020,9
240.7660,0.05110,-0.05604,-0.00112,0.11460,0.00000,-44.033,-0.022,9
240.8160,0.05936,-0.05685,-0.00112,0.12210,0.00000,-41.001,-0.024,9
240.8660,0.06797,-0.05754,-0.00112,0.12960,0.00000,-37.977,-0.025,9
240.9160,0.07690,-0.05809,-0.00112,0.13710,0.00000,-34.959,-0.027,9
240.9660,0.08612,-0.05849,-0.00112,0.14460,0.00000,-31.945,-0.029,9
241.0160,0.09561,-0.05872,-0.00112,0.15210,0.00000,-28.932,-0.032,9
241.0660,0.10531,-0.05876,-0.00112,0.15960,0.00000,-25.919,-0.034,9
241.1160,0.11521,-0.05858,-0.00112,0.16710,0.00000,-22.903,-0.036,9
241.1660,0.12526,-0.05818,-0.00112,0.17460,0.00000,-19.882,-0.039,9
241.2160,0.13541,-0.05753,-0.00112,0.18210,0.00000,-16.854,-0.041,9
241.2660,0.14564,-0.05664,-0.00112,0.18960,0.00000,-13.816,-0.043,9
241.3160,0.15588,-0.05549,-0.00111,0.19710,0.00000,-10.766,-0.045,9
241.3660,0.16611,-0.05407,-0.00111,0.20460,0.00000,-7.704,-0.047,9
241.4160,0.17629,-0.05239,-0.00111,0.21210,0.00000,-4.670,-0.049,9
241.4660,0.18635,-0.05046,-0.00111,0.21960,0.00000,-2.023,-0.051,9
241.5160,0.19620,-0.04838,-0.00111,0.22710,0.00000,-1.041,-0.052,9
241.5660,0.20575,-0.04629,-0.00111,0.23460,0.00000,-0.892,-0.054,9
241.6160,0.21501,-0.04426,-0.00110,0.24210,0.00000,-0.822,-0.055,9
241.6660,0.22402,-0.04229,-0.00110,0.24960,0.00000,-0.740,-0.056,9
241.7160,0.23279,-0.04039,-0.00110,0.25710,0.00000,-0.668,-0.056,9
241.7660,0.24136,-0.03857,-0.00110,0.26460,0.00000,-0.608,-0.057,9
241.8160,0.24974,-0.03682,-0.00110,0.27210,0.00000,-0.559,-0.057,9
241.8660,0.25796,-0.03516,-0.00110,0.27960,0.00000,-0.518,-0.057,9
241.9160,0.26603,-0.03358,-0.00110,0.28710,0.00000,-0.484,-0.056,9
241.9660,0.27397,-0.03208,-0.00110,0.29460,0.00000,-0.456,-0.056,9
242.0160,0.28180,-0.03067,-0.00110,0.30210,0.00000,-0.432,-0.056,9
242.0660,0.28953,-0.02935,-0.00110,0.30960,0.00000,-0.413,-0.055,9
242.1160,0.29718,-0.02810,-0.00110,0.31710,0.00000,-0.396,-0.055,9
242.1660,0.30475,-0.02694,-0.00110,0.32460,0.00000,-0.382,-0.055,9
242.2160,0.31226,-0.02586,-0.00110,0.33210,0.00000,-0.370,-0.054,9
242.2660,0.31972,-0.02485,-0.00111,0.33960,0.00000,-0.360,-0.054,9
242.3160,0.32714,-0.02392,-0.00111,0.34710,0.00000,-0.352,-0.053,9
242.3660,0.33452,-0.02306,-0.00111,0.35460,0.00000,-0.345,-0.053,9
242.4160,0.34187,-0.02227,-0.00111,0.36210,0.00000,-0.339,-0.053,9
242.4660,0.34920,-0.02154,-0.00111,0.36960,0.00000,-0.334,-0.052,9
242.5160,0.35651,-0.02087,-0.00111,0.37710,0.00000,-0.329,-0.052,9
242.5660,0.36381,-0.02027,-0.00111,0.38460,0.00000,-0.325,-0.052,9
242.6160,0.37110,-0.01971,-0.00111,0.39210,0.00000,-0.322,-0.051,9
242.6660,0.37839,-0.01921,-0.00111,0.39960,0.00000,-0.319,-0.051,9
242.7160,0.38568,-0.01876,-0.00111,0.40710,0.00000,-0.317,-0.051,9
242.7660,0.39296,-0.01836,-0.00112,0.41460,0.00000,-0.314,-0.051,9
242.8160,0.40025,-0.01799,-0.00112,0.42210,0.00000,-0.313,-0.050,9
242.8660,0.40755,-0.01767,-0.00112,0.42960,0.00000,-0.311,-0.050,9
242.9160,0.41484,-0.01738,-0.00112,0.43710,0.00000,-0.309,-0.050,9
242.9660,0.42215,-0.01713,-0.00112,0.44460,0.00000,-0.308,-0.050,9
243.0160,0.42947,-0.01691,-0.00112,0.45210,0.00000,-0.307,-0.050,9
243.0660,0.43679,-0.01672,-0.00112,0.45960,0.00000,-0.306,-0.050,9
243.1160,0.44412,-0.01655,-0.00112,0.46710,0.00000,-0.305,-0.050,9
243.1660,0.45146,-0.01641,-0.00112,0.47460,0.00000,-0.304,-0.050,9
243.2160,0.45881,-0.01629,-0.00112,0.48210,0.00000,-0.303,-0.050,9
243.2660,0.46617,-0.01619,-0.00112,0.48960,0.00000,-0.303,-0.050,9
243.3160,0.47354,-0.01611,-0.00112,0.49710,0.00000,-0.302,-0.050,9
243.3660,0.48092,-0.01604,-0.00113,0.50460,0.00000,-0.302,-0.050,9
243.4160,0.48831,-0.01599,-0.00113,0.51210,0.00000,-0.301,-0.050,9
243.4660,0.49571,-0.01595,-0.00113,0.51960,0.00000,-0.301,-0.050,9
243.5160,0.50311,-0.01593,-0.00113,0.52710,0.00000,-0.300,-0.050,9
243.5660,0.51052,-0.01591,-0.00113,0.53460,0.00000,-0.300,-0.050,9
243.6160,0.51794,-0.01590,-0.00113,0.54210,0.00000,-0.300,-0.050,9
243.6660,0.52537,-0.01590,-0.00113,0.54960,0.00000,-0.299,-0.050,9
243.7160,0.53281,-0.01591,-0.00113,0.55710,0.00000,-0.299,-0.050,9
243.7660,0.54025,-0.01592,-0.00113,0.56460,0.00000,-0.299,-0.050,9
243.8160,0.54769,-0.01594,-0.00113,0.57210,0.00000,-0.299,-0.050,9
243.8660,0.55515,-0.01597,-0.00113,0.57960,0.00000,-0.298,-0.050,9
243.9160,0.56260,-0.01599,-0.00113,0.58710,0.00000,-0.298,-0.050,9
243.9660,0.57006,-0.01602,-0.00113,0.59460,0.00000,-0.298,-0.050,9
244.0160,0.57753,-0.01605,-0.00113,0.60210,0.00000,-0.298,-0.050,9
244.0660,0.58500,-0.01608,-0.00113,0.60960,0.00000,-0.298,-0.050,9
244.1160,0.59248,-0.01612,-0.00113,0.61710,0.00000,-0.298,-0.050,9
244.1660,0.59995,-0.01615,-0.00113,0.62460,0.00000,-0.298,-0.050,9
244.2160,0.60743,-0.01619,-0.00113,0.63210,0.00000,-0.297,-0.050,9
244.2660,0.61492,-0.01622,-0.00113,0.63960,0.00000,-0.297,-0.050,9
244.3160,0.62240,-0.01626,-0.00113,0.64710,0.00000,-0.297,-0.050,9
244.3660,0.62989,-0.01629,-0.00113,0.65460,0.00000,-0.297,-0.050,9
244.4160,0.63738,-0.01632,-0.00113,0.66210,0.00000,-0.297,-0.050,9
244.4660,0.64487,-0.01636,-0.00113,0.66960,0.00000,-0.297,-0.050,9
244.5160,0.65236,-0.01639,-0.00113,0.67710,0.00000,-0.297,-0.050,9
244.5660,0.65986,-0.01642,-0.00113,0.68460,0.00000,-0.297,-0.050,9
244.6160,0.66735,-0.01645,-0.00113,0.69210,0.00000,-0.297,-0.050,9
244.6660,0.67485,-0.01648,-0.00113,0.69960,0.00000,-0.297,-0.050,9
244.7160,0.68235,-0.01651,-0.00113,0.70710,0.00000,-0.297,-0.050,9
244.7660,0.68985,-0.01653,-0.00113,0.71460,0.00000,-0.297,-0.050,9
244.8160,0.69735,-0.01656,-0.00113,0.72210,0.00000,-0.297,-0.050,9
244.8660,0.70485,-0.01658,-0.00113,0.72960,0.00000,-0.297,-0.050,9
244.9160,0.71235,-0.01661,-0.00113,0.73710,0.00000,-0.297,-0.050,9
244.9660,0.71985,-0.01663,-0.00113,0.74460,0.00000,-0.297,-0.050,9
245.0160,0.72735,-0.01665,-0.00113,0.75210,0.00000,-0.297,-0.050,9
245.0660,0.73485,-0.01667,-0.00113,0.75960,0.00000,-0.297,-0.050,9
245.1160,0.74235,-0.01668,-0.00113,0.76710,0.00000,-0.297,-0.050,9
245.1660,0.74985,-0.01670,-0.00113,0.77460,0.00000,-0.297,-0.050,9
245.2160,0.75735,-0.01671,-0.00113,0.78210,0.00000,-0.297,-0.050,9
245.2660,0.76486,-0.01673,-0.00113,0.78960,0.00000,-0.297,-0.050,9
245.3160,0.77236,-0.01674,-0.00113,0.79710,0.00000,-0.297,-0.050,9
245.3660,0.77986,-0.01675,-0.00113,0.80460,0.00000,-0.297,-0.050,9
245.4160,0.78736,-0.01676,-0.00113,0.81210,0.00000,-0.297,-0.050,9
245.4660,0.79486,-0.01677,-0.00113,0.81960,0.00000,-0.297,-0.050,9
245.5160,0.80237,-0.01678,-0.00113,0.82710,0.00000,-0.297,-0.050,9
245.5660,0.80987,-0.01679,-0.00113,0.83460,0.00000,-0.297,-0.050,9
245.6160,0.81737,-0.01680,-0.00113,0.84210,0.00000,-0.297,-0.050,9
245.6660,0.82487,-0.01680,-0.00113,0.84960,0.00000,-0.297,-0.050,9
245.7160,0.83237,-0.01681,-0.00113,0.85710,0.00000,-0.297,-0.050,9
245.7660,0.83987,-0.01682,-0.00113,0.86460,0.00000,-0.297,-0.050,9
245.8160,0.84738,-0.01682,-0.00113,0.87210,0.00000,-0.297,-0.050,9
245.8660,0.85488,-0.01682,-0.00113,0.87960,0.00000,-0.297,-0.050,9
245.9160,0.86238,-0.01683,-0.00113,0.88710,0.00000,-0.297,-0.050,9
245.9660,0.86988,-0.01683,-0.00113,0.89460,0.00000,-0.297,-0.050,9
246.0160,0.87738,-0.01683,-0.00113,0.90210,0.00000,-0.297,-0.050,9
246.0660,0.88488,-0.01684,-0.00113,0.90960,0.00000,-0.297,-0.050,9
246.1160,0.89238,-0.01684,-0.00113,0.91710,0.00000,-0.297,-0.050,9
246.1660,0.89988,-0.01684,-0.00113,0.92460,0.00000,-0.297,-0.050,9
246.2160,0.90738,-0.01684,-0.00113,0.93210,0.00000,-0.297,-0.050,9
246.2660,0.91488,-0.01684,-0.00113,0.93960,0.00000,-0.297,-0.050,9
246.3160,0.92238,-0.01684,-0.00113,0.94710,0.00000,-0.297,-0.050,9
246.3660,0.92989,-0.01684,-0.00113,0.95460,0.00000,-0.297,-0.050,9
246.4160,0.93739,-0.01685,-0.00113,0.96210,0.00000,-0.297,-0.050,9
246.4660,0.94489,-0.01685,-0.00113,0.96960,0.00000,-0.297,-0.050,9
246.5160,0.95239,-0.01685,-0.00113,0.97710,0.00000,-0.297,-0.050,9
246.5660,0.95989,-0.01685,-0.00113,0.98460,0.00000,-0.297,-0.050,9
246.6160,0.96739,-0.01685,-0.00113,0.99210,0.00000,-0.297,-0.050,9
246.6660,0.97489,-0.01685,-0.00113,0.99960,0.00000,-0.297,-0.050,9
246.7160,0.98232,-0.01680,-0.00113,1.00000,0.00710,-0.214,-0.049,9
246.7660,0.98886,-0.01611,-0.00113,1.00000,0.01460,1.277,-0.032,9
246.8160,0.99439,-0.01446,-0.00113,1.00000,0.02210,4.389,-0.028,9
246.8660,0.99903,-0.01185,-0.00113,1.00000,0.02960,8.043,-0.035,9
246.9160,1.00290,-0.00836,-0.00113,1.00000,0.03710,11.691,-0.040,9
246.9660,1.00608,-0.00409,-0.00112,1.00000,0.04460,15.237,-0.044,9
247.0160,1.00864,0.00090,-0.00112,1.00000,0.05210,18.688,-0.046,9
247.0660,1.01066,0.00652,-0.00112,1.00000,0.05960,22.061,-0.047,9
247.1160,1.01220,0.01272,-0.00112,1.00000,0.06710,25.370,-0.048,9
247.1660,1.01331,0.01944,-0.00112,1.00000,0.07460,28.625,-0.049,9
247.2160,1.01405,0.02663,-0.00112,1.00000,0.08210,31.837,-0.049,9
247.2660,1.01444,0.03423,-0.00112,1.00000,0.08960,35.013,-0.049,9
247.3160,1.01452,0.04221,-0.00112,1.00000,0.09710,38.159,-0.050,9
247.3660,1.01432,0.05051,-0.00112,1.00000,0.10460,41.280,-0.050,9
247.4160,1.01386,0.05909,-0.00112,1.00000,0.11210,44.381,-0.050,9
247.4660,1.01316,0.06791,-0.00112,1.00000,0.11960,47.465,-0.050,9
247.5160,1.01223,0.07692,-0.00112,1.00000,0.12710,50.536,-0.051,9
247.5660,1.01110,0.08609,-0.00112,1.00000,0.13460,53.595,-0.051,9
247.6160,1.00977,0.09537,-0.00112,1.00000,0.14210,56.645,-0.051,9
247.6660,1.00826,0.10472,-0.00112,1.00000,0.14960,59.687,-0.052,9
247.7160,1.00659,0.11410,-0.00112,1.00000,0.15710,62.723,-0.052,9
247.7660,1.00478,0.12348,-0.00112,1.00000,0.16460,65.753,-0.053,9
247.8160,1.00284,0.13283,-0.00112,1.00000,0.17210,68.778,-0.053,9
247.8660,1.00079,0.14212,-0.00112,1.00000,0.17960,71.798,-0.053,9
247.9160,0.99866,0.15131,-0.00112,1.00000,0.18710,74.813,-0.054,9
247.9660,0.99646,0.16039,-0.00112,1.00000,0.19460,77.824,-0.054,9
248.0160,0.99422,0.16933,-0.00112,1.00000,0.20210,80.829,-0.054,9
248.0660,0.99194,0.17813,-0.00112,1.00000,0.20960,83.823,-0.054,9
248.1160,0.98966,0.18678,-0.00112,1.00000,0.21710,86.762,-0.054,9
248.1660,0.98739,0.19526,-0.00112,1.00000,0.22460,89.283,-0.053,9
248.2160,0.98521,0.20363,-0.00112,1.00000,0.23210,90.227,-0.053,9
248.2660,0.98324,0.21193,-0.00112,1.00000,0.23960,90.296,-0.054,9
248.3160,0.98151,0.22017,-0.00112,1.00000,0.24710,90.264,-0.054,9
248.3660,0.98000,0.22834,-0.00112,1.00000,0.25460,90.258,-0.053,9
248.4160,0.97869,0.23646,-0.00112,1.00000,0.26210,90.259,-0.053,9
248.4660,0.97757,0.24451,-0.00112,1.00000,0.26960,90.261,-0.053,9
248.5160,0.97662,0.25252,-0.00112,1.00000,0.27710,90.263,-0.053,9
248.5660,0.97583,0.26047,-0.00112,1.00000,0.28460,90.265,-0.052,9
248.6160,0.97517,0.26838,-0.00112,1.00000,0.29210,90.267,-0.052,9
248.6660,0.97464,0.27625,-0.00112,1.00000,0.29960,90.269,-0.052,9
248.7160,0.97423,0.28407,-0.00113,1.00000,0.30710,90.271,-0.052,9
248.7660,0.97392,0.29186,-0.00113,1.00000,0.31460,90.274,-0.051,9
248.8160,0.97370,0.29962,-0.00113,1.00000,0.32210,90.276,-0.051,9
248.8660,0.97356,0.30734,-0.00113,1.00000,0.32960,90.278,-0.051,9
248.9160,0.97349,0.31503,-0.00113,1.00000,0.33710,90.280,-0.051,9
248.9660,0.97348,0.32270,-0.00113,1.00000,0.34460,90.282,-0.050,9
249.0160,0.97352,0.33035,-0.00113,1.00000,0.35210,90.284,-0.050,9
249.0660,0.97361,0.33797,-0.00113,1.00000,0.35960,90.286,-0.050,9
249.1160,0.97374,0.34557,-0.00113,1.00000,0.36710,90.287,-0.050,9
249.1660,0.97390,0.35316,-0.00113,1.00000,0.37460,90.289,-0.050,9
249.2160,0.97409,0.36073,-0.00113,1.00000,0.38210,90.291,-0.049,9
249.2660,0.97430,0.36829,-0.00113,1.00000,0.38960,90.292,-0.049,9
249.3160,0.97452,0.37584,-0.00113,1.00000,0.39710,90.294,-0.049,9
249.3660,0.97476,0.38337,-0.00113,1.00000,0.40460,90.295,-0.049,9
249.4160,0.97501,0.39090,-0.00113,1.00000,0.41210,90.296,-0.049,9
249.4660,0.97527,0.39842,-0.00113,1.00000,0.41960,90.298,-0.049,9
249.5160,0.97553,0.40593,-0.00113,1.00000,0.42710,90.299,-0.049,9
249.5660,0.97580,0.41344,-0.00113,1.00000,0.43460,90.300,-0.049,9
249.6160,0.97606,0.42094,-0.00113,1.00000,0.44210,90.301,-0.048,9
249.6660,0.97632,0.42844,-0.00113,1.00000,0.44960,90.302,-0.048,9
249.7160,0.97657,0.43593,-0.00113,1.00000,0.45710,90.303,-0.048,9
249.7660,0.97682,0.44342,-0.00113,1.00000,0.46460,90.303,-0.048,9
249.8160,0.97707,0.45091,-0.00113,1.00000,0.47210,90.304,-0.048,9
249.8660,0.97730,0.45840,-0.00113,1.00000,0.47960,90.305,-0.048,9
249.9160,0.97753,0.46588,-0.00113,1.00000,0.48710,90.305,-0.048,9
249.9660,0.97775,0.47337,-0.00113,1.00000,0.49460,90.306,-0.048,9
250.0160,0.97796,0.48085,-0.00113,1.00000,0.50210,90.306,-0.048,9
250.0660,0.97816,0.48833,-0.00113,1.00000,0.50960,90.307,-0.048,9
250.1160,0.97835,0.49582,-0.00113,1.00000,0.51710,90.307,-0.048,9
250.1660,0.97853,0.50330,-0.00113,1.00000,0.52460,90.308,-0.048,9
250.2160,0.97870,0.51078,-0.00113,1.00000,0.53210,90.308,-0.048,9
250.2660,0.97886,0.51827,-0.00113,1.00000,0.53960,90.308,-0.048,9
250.3160,0.97901,0.52575,-0.00113,1.00000,0.54710,90.309,-0.048,9
250.3660,0.97915,0.53324,-0.00113,1.00000,0.55460,90.309,-0.048,9
250.4160,0.97929,0.54072,-0.00113,1.00000,0.56210,90.309,-0.048,9
250.4660,0.97941,0.54821,-0.00113,1.00000,0.56960,90.309,-0.048,9
250.5160,0.97952,0.55570,-0.00113,1.00000,0.57710,90.309,-0.048,9
250.5660,0.97963,0.56318,-0.00113,1.00000,0.58460,90.309,-0.048,9
250.6160,0.97973,0.57067,-0.00113,1.00000,0.59210,90.310,-0.048,9
250.6660,0.97982,0.57816,-0.00113,1.00000,0.59960,90.310,-0.048,9
250.7160,0.97990,0.58565,-0.00113,1.00000,0.60710,90.310,-0.048,9
250.7660,0.97998,0.59314,-0.00113,1.00000,0.61460,90.310,-0.048,9
250.8160,0.98005,0.60063,-0.00113,1.00000,0.62210,90.310,-0.048,9
250.8660,0.98011,0.60813,-0.00113,1.00000,0.62960,90.310,-0.048,9
250.9160,0.98017,0.61562,-0.00113,1.00000,0.63710,90.310,-0.048,9
250.9660,0.98022,0.62311,-0.00113,1.00000,0.64460,90.310,-0.048,9
251.0160,0.98027,0.63061,-0.00113,1.00000,0.65210,90.310,-0.048,9
251.0660,0.98031,0.63810,-0.00113,1.00000,0.65960,90.310,-0.048,9
251.1160,0.98035,0.64560,-0.00113,1.00000,0.66710,90.310,-0.048,9
251.1660,0.98038,0.65309,-0.00113,1.00000,0.67460,90.310,-0.048,9
251.2160,0.98041,0.66059,-0.00113,1.00000,0.68210,90.310,-0.048,9
251.2660,0.98044,0.66808,-0.00113,1.00000,0.68960,90.310,-0.048,9
251.3160,0.98046,0.67558,-0.00113,1.00000,0.69710,90.310,-0.048,9
251.3660,0.98048,0.68308,-0.00113,1.00000,0.70460,90.310,-0.048,9
251.4160,0.98050,0.69058,-0.00113,1.00000,0.71210,90.310,-0.048,9
251.4660,0.98051,0.69807,-0.00113,1.00000,0.71960,90.310,-0.048,9
251.5160,0.98053,0.70557,-0.00113,1.00000,0.72710,90.310,-0.048,9
251.5660,0.98054,0.71307,-0.00113,1.00000,0.73460,90.310,-0.048,9
251.6160,0.98054,0.72057,-0.00113,1.00000,0.74210,90.310,-0.048,9
251.6660,0.98055,0.72807,-0.00113,1.00000,0.74960,90.310,-0.048,9
251.7160,0.98056,0.73557,-0.00113,1.00000,0.75710,90.310,-0.048,9
251.7660,0.98056,0.74307,-0.00113,1.00000,0.76460,90.310,-0.048,9
251.8160,0.98056,0.75057,-0.00113,1.00000,0.77210,90.310,-0.048,9
251.8660,0.98057,0.75807,-0.00113,1.00000,0.77960,90.310,-0.048,9
251.9160,0.98057,0.76557,-0.00113,1.00000,0.78710,90.310,-0.048,9
251.9660,0.98057,0.77307,-0.00113,1.00000,0.79460,90.310,-0.048,9
252.0160,0.98057,0.78057,-0.00113,1.00000,0.80210,90.310,-0.048,9
252.0660,0.98057,0.78807,-0.00113,1.00000,0.80960,90.309,-0.048,9
252.1160,0.98056,0.79557,-0.00113,1.00000,0.81710,90.309,-0.048,9
252.1660,0.98056,0.80307,-0.00113,1.00000,0.82460,90.309,-0.048,9
252.2160,0.98056,0.81057,-0.00113,1.00000,0.83210,90.309,-0.048,9
252.2660,0.98056,0.81807,-0.00113,1.00000,0.83960,90.309,-0.048,9
252.3160,0.98055,0.82557,-0.00113,1.00000,0.84710,90.309,-0.048,9
252.3660,0.98055,0.83307,-0.00113,1.00000,0.85460,90.309,-0.048,9
252.4160,0.98055,0.84057,-0.00113,1.00000,0.86210,90.309,-0.048,9
252.4660,0.98054,0.84807,-0.00113,1.00000,0.86960,90.309,-0.048,9
252.5160,0.98054,0.85557,-0.00113,1.00000,0.87710,90.309,-0.048,9
252.5660,0.98054,0.86307,-0.00113,1.00000,0.88460,90.309,-0.048,9
252.6160,0.98053,0.87057,-0.00113,1.00000,0.89210,90.309,-0.048,9
252.6660,0.98053,0.87807,-0.00113,1.00000,0.89960,90.309,-0.048,9
252.7160,0.98053,0.88557,-0.00113,1.00000,0.90710,90.309,-0.048,9
252.7660,0.98052,0.89307,-0.00113,1.00000,0.91460,90.309,-0.048,9
252.8160,0.98052,0.90057,-0.00113,1.00000,0.92210,90.309,-0.048,9
252.8660,0.98052,0.90807,-0.00113,1.00000,0.92960,90.309,-0.048,9
252.9160,0.98051,0.91557,-0.00113,1.00000,0.93710,90.309,-0.048,9
252.9660,0.98051,0.92307,-0.00113,1.00000,0.94460,90.309,-0.048,9
253.0160,0.98051,0.93057,-0.00113,1.00000,0.95210,90.309,-0.048,9
253.0660,0.98051,0.93807,-0.00113,1.00000,0.95960,90.309,-0.048,9
253.1160,0.98050,0.94557,-0.00113,1.00000,0.96710,90.309,-0.048,9
253.1660,0.98050,0.95307,-0.00113,1.00000,0.97460,90.309,-0.048,9
253.2160,0.98050,0.96057,-0.00113,1.00000,0.98210,90.309,-0.048,9
253.2660,0.98050,0.96807,-0.00113,1.00000,0.98960,90.309,-0.048,9
253.3160,0.98049,0.97557,-0.00113,1.00000,0.99710,90.309,-0.048,9
253.3660,0.98045,0.98300,-0.00113,0.99540,1.00000,90.397,-0.047,9
253.4160,0.97977,0.98947,-0.00113,0.98790,1.00000,91.962,-0.030,9
253.4660,0.97816,0.99471,-0.00113,0.98040,1.00000,95.038,-0.026,9
253.5160,0.97565,0.99883,-0.00113,0.97290,1.00000,98.535,-0.031,9
253.5660,0.97237,1.00198,-0.00113,0.96540,1.00000,102.008,-0.035,9
253.6160,0.96841,1.00430,-0.00113,0.95790,1.00000,105.400,-0.037,9
253.6660,0.96385,1.00594,-0.00113,0.95040,1.00000,108.720,-0.038,9
253.7160,0.95878,1.00700,-0.00113,0.94290,1.00000,111.983,-0.038,9
253.7660,0.95324,1.00760,-0.00113,0.93540,1.00000,115.198,-0.037,9
253.8160,0.94729,1.00783,-0.00113,0.92790,1.00000,118.375,-0.036,9
253.8660,0.94097,1.00775,-0.00113,0.92040,1.00000,121.521,-0.034,9
253.9160,0.93432,1.00745,-0.00113,0.91290,1.00000,124.642,-0.032,9
253.9660,0.92736,1.00696,-0.00113,0.90540,1.00000,127.742,-0.030,9
254.0160,0.92013,1.00634,-0.00113,0.89790,1.00000,130.825,-0.028,9
254.0660,0.91266,1.00562,-0.00113,0.89040,1.00000,133.894,-0.027,9
254.1160,0.90496,1.00483,-0.00113,0.88290,1.00000,136.951,-0.025,9
254.1660,0.89707,1.00400,-0.00113,0.87540,1.00000,139.998,-0.024,9
254.2160,0.88900,1.00315,-0.00113,0.86790,1.00000,143.038,-0.023,9
254.2660,0.88078,1.00228,-0.00113,0.86040,1.00000,146.071,-0.021,9
254.3160,0.87243,1.00142,-0.00114,0.85290,1.00000,149.098,-0.021,9
254.3660,0.86396,1.00056,-0.00114,0.84540,1.00000,152.121,-0.020,9
254.4160,0.85541,0.99971,-0.00114,0.83790,1.00000,155.141,-0.019,9
254.4660,0.84678,0.99887,-0.00114,0.83040,1.00000,158.159,-0.019,9
254.5160,0.83810,0.99805,-0.00114,0.82290,1.00000,161.176,-0.018,9
254.5660,0.82938,0.99725,-0.00114,0.81540,1.00000,164.192,-0.018,9
254.6160,0.82065,0.99646,-0.00114,0.80790,1.00000,167.209,-0.017,9
254.6660,0.81190,0.99568,-0.00114,0.80040,1.00000,170.227,-0.017,9
254.7160,0.80317,0.99491,-0.00114,0.79290,1.00000,173.243,-0.017,9
254.7660,0.79445,0.99416,-0.00114,0.78540,1.00000,176.216,-0.016,9
254.8160,0.78576,0.99342,-0.00114,0.77790,1.00000,178.783,-0.016,9
254.8660,0.77706,0.99269,-0.00114,0.77040,1.00000,179.747,-0.016,9
254.9160,0.76830,0.99199,-0.00114,0.76290,1.00000,179.847,-0.015,9
254.9660,0.75951,0.99132,-0.00114,0.75540,1.00000,179.849,-0.015,9
255.0160,0.75069,0.99068,-0.00114,0.74790,1.00000,179.872,-0.014,9
255.0660,0.74187,0.99006,-0.00114,0.74040,1.00000,179.895,-0.014,9
255.1160,0.73306,0.98948,-0.00114,0.73290,1.00000,179.915,-0.014,9
255.1660,0.72428,0.98894,-0.00114,0.72540,1.00000,179.930,-0.014,9
255.2160,0.71552,0.98842,-0.00114,0.71790,1.00000,179.943,-0.014,9
255.2660,0.70681,0.98793,-0.00114,0.71040,1.00000,179.952,-0.014,9
255.3160,0.69815,0.98748,-0.00114,0.70290,1.00000,179.960,-0.013,9
255.3660,0.68955,0.98705,-0.00114,0.69540,1.00000,179.966,-0.013,9
255.4160,0.68100,0.98666,-0.00114,0.68790,1.00000,179.970,-0.013,9
255.4660,0.67252,0.98629,-0.00114,0.68040,1.00000,179.974,-0.013,9
255.5160,0.66409,0.98595,-0.00114,0.67290,1.00000,179.976,-0.013,9
255.5660,0.65574,0.98564,-0.00114,0.66540,1.00000,179.977,-0.013,9
255.6160,0.64745,0.98535,-0.00114,0.65790,1.00000,179.978,-0.013,9
255.6660,0.63923,0.98508,-0.00114,0.65040,1.00000,179.979,-0.012,9
255.7160,0.63107,0.98484,-0.00114,0.64290,1.00000,179.978,-0.012,9
255.7660,0.62297,0.98462,-0.00114,0.63540,1.00000,179.978,-0.012,9
255.8160,0.61493,0.98442,-0.00114,0.62790,1.00000,179.977,-0.012,9
255.8660,0.60695,0.98423,-0.00114,0.62040,1.00000,179.977,-0.012,9
255.9160,0.59903,0.98407,-0.00114,0.61290,1.00000,179.976,-0.011,9
255.9660,0.59116,0.98392,-0.00114,0.60540,1.00000,179.975,-0.011,9
256.0160,0.58334,0.98379,-0.00114,0.59790,1.00000,179.973,-0.011,9
256.0660,0.57556,0.98367,-0.00114,0.59040,1.00000,179.972,-0.011,9
256.1160,0.56783,0.98357,-0.00114,0.58290,1.00000,179.971,-0.010,9
256.1660,0.56014,0.98348,-0.00114,0.57540,1.00000,179.970,-0.010,9
256.2160,0.55248,0.98340,-0.00114,0.56790,1.00000,179.969,-0.010,9
256.2660,0.54486,0.98333,-0.00114,0.56040,1.00000,179.968,-0.010,9
256.3160,0.53727,0.98327,-0.00114,0.55290,1.00000,179.966,-0.010,9
256.3660,0.52970,0.98322,-0.00114,0.54540,1.00000,179.965,-0.009,9
256.4160,0.52216,0.98317,-0.00114,0.53790,1.00000,179.964,-0.009,9
256.4660,0.51464,0.98314,-0.00114,0.53040,1.00000,179.963,-0.009,9
256.5160,0.50714,0.98311,-0.00114,0.52290,1.00000,179.963,-0.009,9
256.5660,0.49966,0.98309,-0.00114,0.51540,1.00000,179.962,-0.009,9
256.6160,0.49219,0.98307,-0.00114,0.50790,1.00000,179.961,-0.009,9
256.6660,0.48473,0.98306,-0.00114,0.50040,1.00000,179.960,-0.008,9
256.7160,0.47728,0.98305,-0.00114,0.49290,1.00000,179.960,-0.008,9
256.7660,0.46984,0.98304,-0.00114,0.48540,1.00000,179.959,-0.008,9
256.8160,0.46240,0.98304,-0.00114,0.47790,1.00000,179.959,-0.008,9
256.8660,0.45497,0.98304,-0.00114,0.47040,1.00000,179.958,-0.008,9
256.9160,0.44754,0.98304,-0.00114,0.46290,1.00000,179.958,-0.008,9
256.9660,0.44012,0.98305,-0.00114,0.45540,1.00000,179.958,-0.008,9
257.0160,0.43269,0.98306,-0.00114,0.44790,1.00000,179.957,-0.008,9
257.0660,0.42527,0.98307,-0.00114,0.44040,1.00000,179.957,-0.008,9
257.1160,0.41785,0.98308,-0.00114,0.43290,1.00000,179.957,-0.008,9
257.1660,0.41042,0.98309,-0.00114,0.42540,1.00000,179.957,-0.007,9
257.2160,0.40299,0.98310,-0.00114,0.41790,1.00000,179.957,-0.007,9
257.2660,0.39556,0.98311,-0.00114,0.41040,1.00000,179.957,-0.007,9
257.3160,0.38813,0.98312,-0.00114,0.40290,1.00000,179.957,-0.007,9
257.3660,0.38069,0.98314,-0.00114,0.39540,1.00000,179.957,-0.007,9
257.4160,0.37325,0.98315,-0.00114,0.38790,1.00000,179.957,-0.007,9
257.4660,0.36581,0.98316,-0.00114,0.38040,1.00000,179.957,-0.007,9
257.5160,0.35836,0.98318,-0.00114,0.37290,1.00000,179.957,-0.007,9
257.5660,0.35091,0.98319,-0.00114,0.36540,1.00000,179.957,-0.007,9
257.6160,0.34345,0.98320,-0.00114,0.35790,1.00000,179.957,-0.007,9
257.6660,0.33599,0.98321,-0.00114,0.35040,1.00000,179.957,-0.007,9
257.7160,0.32853,0.98323,-0.00114,0.34290,1.00000,179.957,-0.007,9
257.7660,0.32107,0.98324,-0.00114,0.33540,1.00000,179.957,-0.007,9
257.8160,0.31360,0.98325,-0.00114,0.32790,1.00000,179.957,-0.007,9
257.8660,0.30612,0.98326,-0.00114,0.32040,1.00000,179.957,-0.007,9
257.9160,0.29865,0.98327,-0.00114,0.31290,1.00000,179.957,-0.007,9
257.9660,0.29117,0.98328,-0.00114,0.30540,1.00000,179.957,-0.007,9
258.0160,0.28369,0.98329,-0.00114,0.29790,1.00000,179.957,-0.007,9
258.0660,0.27620,0.98330,-0.00114,0.29040,1.00000,179.957,-0.007,9
258.1160,0.26871,0.98331,-0.00114,0.28290,1.00000,179.957,-0.007,9
258.1660,0.26123,0.98332,-0.00114,0.27540,1.00000,179.957,-0.007,9
258.2160,0.25373,0.98332,-0.00114,0.26790,1.00000,179.958,-0.007,9
258.2660,0.24624,0.98333,-0.00114,0.26040,1.00000,179.958,-0.007,9
258.3160,0.23875,0.98334,-0.00114,0.25290,1.00000,179.958,-0.007,9
258.3660,0.23125,0.98334,-0.00114,0.24540,1.00000,179.958,-0.007,9
258.4160,0.22375,0.98335,-0.00114,0.23790,1.00000,179.958,-0.007,9
258.4660,0.21625,0.98335,-0.00114,0.23040,1.00000,179.958,-0.007,9
258.5160,0.20875,0.98336,-0.00114,0.22290,1.00000,179.958,-0.007,9
258.5660,0.20125,0.98336,-0.00114,0.21540,1.00000,179.958,-0.007,9
258.6160,0.19375,0.98337,-0.00114,0.20790,1.00000,179.958,-0.007,9
258.6660,0.18625,0.98337,-0.00114,0.20040,1.00000,179.958,-0.007,9
258.7160,0.17874,0.98337,-0.00114,0.19290,1.00000,179.958,-0.007,9
258.7660,0.17124,0.98338,-0.00114,0.18540,1.00000,179.958,-0.007,9
258.8160,0.16374,0.98338,-0.00114,0.17790,1.00000,179.958,-0.007,9
258.8660,0.15623,0.98338,-0.00114,0.17040,1.00000,179.958,-0.007,9
258.9160,0.14873,0.98338,-0.00114,0.16290,1.00000,179.958,-0.007,9
258.9660,0.14122,0.98338,-0.00114,0.15540,1.00000,179.958,-0.007,9
259.0160,0.13372,0.98339,-0.00114,0.14790,1.00000,179.958,-0.007,9
259.0660,0.12621,0.98339,-0.00114,0.14040,1.00000,179.958,-0.007,9
259.1160,0.11871,0.98339,-0.00114,0.13290,1.00000,179.958,-0.007,9
259.1660,0.11121,0.98339,-0.00114,0.12540,1.00000,179.958,-0.007,9
259.2160,0.10370,0.98339,-0.00114,0.11790,1.00000,179.958,-0.007,9
259.2660,0.09620,0.98339,-0.00114,0.11040,1.00000,179.958,-0.007,9
259.3160,0.08869,0.98339,-0.00114,0.10290,1.00000,179.958,-0.007,9
259.3660,0.08119,0.98339,-0.00114,0.09540,1.00000,179.958,-0.007,9
259.4160,0.07369,0.98339,-0.00114,0.08790,1.00000,179.958,-0.007,9
259.4660,0.06618,0.98339,-0.00114,0.08040,1.00000,179.958,-0.007,9
259.5160,0.05868,0.98340,-0.00114,0.07290,1.00000,179.958,-0.007,9
259.5660,0.05118,0.98340,-0.00114,0.06540,1.00000,179.958,-0.007,9
259.6160,0.04367,0.98340,-0.00114,0.05790,1.00000,179.958,-0.007,9
259.6660,0.03617,0.98340,-0.00114,0.05040,1.00000,179.958,-0.007,9
259.7160,0.02867,0.98340,-0.00114,0.04290,1.00000,179.958,-0.007,9
259.7660,0.02117,0.98340,-0.00114,0.03540,1.00000,179.958,-0.007,9
259.8160,0.01367,0.98340,-0.00114,0.02790,1.00000,179.958,-0.007,9
259.8660,0.00617,0.98340,-0.00114,0.02040,1.00000,179.958,-0.007,9
259.9160,-0.00134,0.98340,-0.00114,0.01290,1.00000,179.958,-0.007,9
259.9660,-0.00884,0.98340,-0.00114,0.00540,1.00000,179.958,-0.007,9
260.0160,-0.01627,0.98335,-0.00114,0.00000,0.99790,-179.957,-0.006,9
260.0660,-0.02276,0.98267,-0.00114,0.00000,0.99040,-178.436,0.010,9
260.1160,-0.02798,0.98099,-0.00114,0.00000,0.98290,-175.473,0.016,9
260.1660,-0.03209,0.97860,-0.00113,0.00000,0.97540,-172.106,0.010,9
260.2160,-0.03524,0.97568,-0.00113,0.00000,0.96790,-168.738,0.005,9
260.2660,-0.03760,0.97228,-0.00112,0.00000,0.96040,-165.426,0.001,9
260.3160,-0.03931,0.96846,-0.00112,0.00000,0.95290,-162.165,-0.000,9
260.3660,-0.04051,0.96423,-0.00112,0.00000,0.94540,-158.944,-0.001,9
260.4160,-0.04132,0.95963,-0.00112,0.00000,0.93790,-155.754,-0.002,9
260.4660,-0.04183,0.95465,-0.00111,0.00000,0.93040,-152.591,-0.001,9
260.5160,-0.04212,0.94931,-0.00111,0.00000,0.92290,-149.448,-0.001,9
260.5660,-0.04227,0.94363,-0.00111,0.00000,0.91540,-146.324,-0.000,9
260.6160,-0.04232,0.93760,-0.00111,0.00000,0.90790,-143.214,0.001,9
260.6660,-0.04233,0.93123,-0.00111,0.00000,0.90040,-140.116,0.001,9
260.7160,-0.04232,0.92453,-0.00111,0.00000,0.89290,-137.030,0.002,9
260.7660,-0.04231,0.91750,-0.00111,0.00000,0.88540,-133.953,0.002,9
260.8160,-0.04232,0.91016,-0.00111,0.00000,0.87790,-130.885,0.002,9
260.8660,-0.04236,0.90251,-0.00111,0.00000,0.87040,-127.824,0.002,9
260.9160,-0.04243,0.89455,-0.00111,0.00000,0.86290,-124.769,0.001,9
260.9660,-0.04253,0.88631,-0.00111,0.00000,0.85540,-121.719,0.001,9
261.0160,-0.04264,0.87779,-0.00111,0.00000,0.84790,-118.672,-0.000,9
261.0660,-0.04276,0.86901,-0.00111,0.00000,0.84040,-115.627,-0.001,9
261.1160,-0.04287,0.85998,-0.00111,0.00000,0.83290,-112.583,-0.002,9
261.1660,-0.04296,0.85072,-0.00111,0.00000,0.82540,-109.538,-0.004,9
261.2160,-0.04301,0.84124,-0.00111,0.00000,0.81790,-106.489,-0.005,9
261.2660,-0.04300,0.83157,-0.00111,0.00000,0.81040,-103.435,-0.007,9
261.3160,-0.04291,0.82173,-0.00112,0.00000,0.80290,-100.373,-0.008,9
261.3660,-0.04273,0.81174,-0.00112,0.00000,0.79540,-97.305,-0.010,9
261.4160,-0.04243,0.80164,-0.00112,0.00000,0.78790,-94.268,-0.011,9
261.4660,-0.04200,0.79146,-0.00112,0.00000,0.78040,-91.624,-0.012,9
261.5160,-0.04145,0.78130,-0.00112,0.00000,0.77290,-90.598,-0.013,9
261.5660,-0.04080,0.77126,-0.00112,0.00000,0.76540,-90.437,-0.014,9
261.6160,-0.04009,0.76136,-0.00112,0.00000,0.75790,-90.378,-0.015,9
261.6660,-0.03931,0.75161,-0.00112,0.00000,0.75040,-90.308,-0.016,9
261.7160,-0.03850,0.74200,-0.00112,0.00000,0.74290,-90.245,-0.016,9
261.7660,-0.03765,0.73255,-0.00112,0.00000,0.73540,-90.194,-0.017,9
261.8160,-0.03678,0.72324,-0.00112,0.00000,0.72790,-90.152,-0.017,9
261.8660,-0.03589,0.71409,-0.00112,0.00000,0.72040,-90.118,-0.017,9
261.9160,-0.03501,0.70509,-0.00113,0.00000,0.71290,-90.089,-0.017,9
261.9660,-0.03412,0.69623,-0.00113,0.00000,0.70540,-90.066,-0.017,9
262.0160,-0.03325,0.68751,-0.00113,0.00000,0.69790,-90.047,-0.017,9
262.0660,-0.03239,0.67892,-0.00113,0.00000,0.69040,-90.032,-0.017,9
262.1160,-0.03155,0.67046,-0.00113,0.00000,0.68290,-90.019,-0.017,9
262.1660,-0.03073,0.66212,-0.00113,0.00000,0.67540,-90.008,-0.017,9
262.2160,-0.02993,0.65389,-0.00113,0.00000,0.66790,-90.000,-0.016,9
262.2660,-0.02917,0.64577,-0.00113,0.00000,0.66040,-89.992,-0.016,9
262.3160,-0.02843,0.63775,-0.00113,0.00000,0.65290,-89.987,-0.016,9
262.3660,-0.02773,0.62981,-0.00113,0.00000,0.64540,-89.982,-0.015,9
262.4160,-0.02705,0.62196,-0.00113,0.00000,0.63790,-89.978,-0.015,9
262.4660,-0.02641,0.61418,-0.00113,0.00000,0.63040,-89.974,-0.014,9
262.5160,-0.02581,0.60648,-0.00113,0.00000,0.62290,-89.972,-0.014,9
262.5660,-0.02523,0.59883,-0.00113,0.00000,0.61540,-89.970,-0.014,9
262.6160,-0.02469,0.59124,-0.00113,0.00000,0.60790,-89.968,-0.013,9
262.6660,-0.02418,0.58369,-0.00113,0.00000,0.60040,-89.966,-0.013,9
262.7160,-0.02371,0.57619,-0.00113,0.00000,0.59290,-89.965,-0.013,9
262.7660,-0.02326,0.56873,-0.00113,0.00000,0.58540,-89.964,-0.012,9
262.8160,-0.02285,0.56129,-0.00113,0.00000,0.57790,-89.964,-0.012,9
262.8660,-0.02246,0.55388,-0.00114,0.00000,0.57040,-89.963,-0.012,9
262.9160,-0.02211,0.54650,-0.00114,0.00000,0.56290,-89.963,-0.011,9
262.9660,-0.02178,0.53913,-0.00114,0.00000,0.55540,-89.963,-0.011,9
263.0160,-0.02147,0.53177,-0.00114,0.00000,0.54790,-89.963,-0.011,9
263.0660,-0.02119,0.52443,-0.00114,0.00000,0.54040,-89.963,-0.011,9
263.1160,-0.02094,0.51709,-0.00114,0.00000,0.53290,-89.963,-0.010,9
263.1660,-0.02070,0.50976,-0.00114,0.00000,0.52540,-89.963,-0.010,9
263.2160,-0.02049,0.50243,-0.00114,0.00000,0.51790,-89.963,-0.010,9
263.2660,-0.02029,0.49510,-0.00114,0.00000,0.51040,-89.963,-0.010,9
263.3160,-0.02012,0.48777,-0.00114,0.00000,0.50290,-89.964,-0.010,9
263.3660,-0.01996,0.48043,-0.00114,0.00000,0.49540,-89.964,-0.010,9
263.4160,-0.01982,0.47309,-0.00114,0.00000,0.48790,-89.964,-0.010,9
263.4660,-0.01969,0.46575,-0.00114,0.00000,0.48040,-89.965,-0.009,9
263.5160,-0.01958,0.45840,-0.00114,0.00000,0.47290,-89.965,-0.009,9
263.5660,-0.01948,0.45104,-0.00114,0.00000,0.46540,-89.966,-0.009,9
263.6160,-0.01939,0.44367,-0.00114,0.00000,0.45790,-89.966,-0.009,9
263.6660,-0.01932,0.43630,-0.00114,0.00000,0.45040,-89.966,-0.009,9
263.7160,-0.01925,0.42892,-0.00114,0.00000,0.44290,-89.967,-0.009,9
263.7660,-0.01919,0.42152,-0.00114,0.00000,0.43540,-89.967,-0.009,9
263.8160,-0.01914,0.41413,-0.00114,0.00000,0.42790,-89.968,-0.009,9
263.8660,-0.01910,0.40672,-0.00114,0.00000,0.42040,-89.968,-0.009,9
263.9160,-0.01907,0.39930,-0.00114,0.00000,0.41290,-89.968,-0.009,9
263.9660,-0.01904,0.39188,-0.00114,0.00000,0.40540,-89.969,-0.009,9
264.0160,-0.01902,0.38444,-0.00114,0.00000,0.39790,-89.969,-0.009,9
264.0660,-0.01900,0.37701,-0.00114,0.00000,0.39040,-89.969,-0.009,9
264.1160,-0.01898,0.36956,-0.00114,0.00000,0.38290,-89.970,-0.009,9
264.1660,-0.01898,0.36211,-0.00114,0.00000,0.37540,-89.970,-0.009,9
264.2160,-0.01897,0.35465,-0.00114,0.00000,0.36790,-89.970,-0.009,9
264.2660,-0.01897,0.34718,-0.00114,0.00000,0.36040,-89.970,-0.009,9
264.3160,-0.01897,0.33971,-0.00114,0.00000,0.35290,-89.971,-0.009,9
264.3660,-0.01897,0.33224,-0.00114,0.00000,0.34540,-89.971,-0.009,9
264.4160,-0.01897,0.32476,-0.00114,0.00000,0.33790,-89.971,-0.009,9
264.4660,-0.01898,0.31727,-0.00114,0.00000,0.33040,-89.971,-0.009,9
264.5160,-0.01899,0.30978,-0.00114,0.00000,0.32290,-89.971,-0.009,9
264.5660,-0.01900,0.30229,-0.00114,0.00000,0.31540,-89.972,-0.009,9
264.6160,-0.01901,0.29480,-0.00114,0.00000,0.30790,-89.972,-0.009,9
264.6660,-0.01902,0.28730,-0.00114,0.00000,0.30040,-89.972,-0.009,9
264.7160,-0.01903,0.27980,-0.00114,0.00000,0.29290,-89.972,-0.009,9
264.7660,-0.01904,0.27230,-0.00114,0.00000,0.28540,-89.972,-0.009,9
264.8160,-0.01905,0.26479,-0.00114,0.00000,0.27790,-89.972,-0.009,9
264.8660,-0.01906,0.25729,-0.00114,0.00000,0.27040,-89.972,-0.009,9
264.9160,-0.01907,0.24978,-0.00114,0.00000,0.26290,-89.972,-0.009,9
264.9660,-0.01909,0.24228,-0.00114,0.00000,0.25540,-89.972,-0.009,9
265.0160,-0.01910,0.23477,-0.00114,0.00000,0.24790,-89.972,-0.009,9
265.0660,-0.01911,0.22726,-0.00114,0.00000,0.24040,-89.972,-0.009,9
265.1160,-0.01912,0.21975,-0.00114,0.00000,0.23290,-89.972,-0.009,9
265.1660,-0.01913,0.21224,-0.00114,0.00000,0.22540,-89.972,-0.009,9
265.2160,-0.01914,0.20473,-0.00114,0.00000,0.21790,-89.972,-0.009,9
265.2660,-0.01915,0.19722,-0.00114,0.00000,0.21040,-89.972,-0.009,9
265.3160,-0.01916,0.18971,-0.00114,0.00000,0.20290,-89.972,-0.009,9
265.3660,-0.01917,0.18221,-0.00114,0.00000,0.19540,-89.972,-0.009,9
265.4160,-0.01918,0.17470,-0.00114,0.00000,0.18790,-89.972,-0.009,9
265.4660,-0.01919,0.16719,-0.00114,0.00000,0.18040,-89.972,-0.010,9
265.5160,-0.01920,0.15968,-0.00114,0.00000,0.17290,-89.972,-0.010,9
265.5660,-0.01920,0.15217,-0.00114,0.00000,0.16540,-89.972,-0.010,9
265.6160,-0.01921,0.14466,-0.00114,0.00000,0.15790,-89.972,-0.010,9
265.6660,-0.01922,0.13716,-0.00114,0.00000,0.15040,-89.972,-0.010,9
265.7160,-0.01922,0.12965,-0.00114,0.00000,0.14290,-89.972,-0.010,9
265.7660,-0.01923,0.12214,-0.00114,0.00000,0.13540,-89.972,-0.010,9
265.8160,-0.01924,0.11464,-0.00114,0.00000,0.12790,-89.972,-0.010,9
265.8660,-0.01924,0.10713,-0.00114,0.00000,0.12040,-89.972,-0.010,9
265.9160,-0.01925,0.09963,-0.00114,0.00000,0.11290,-89.972,-0.010,9
265.9660,-0.01925,0.09213,-0.00114,0.00000,0.10540,-89.972,-0.010,9
266.0160,-0.01925,0.08462,-0.00114,0.00000,0.09790,-89.972,-0.010,9
266.0660,-0.01926,0.07712,-0.00114,0.00000,0.09040,-89.972,-0.010,9
266.1160,-0.01926,0.06962,-0.00114,0.00000,0.08290,-89.972,-0.010,9
266.1660,-0.01926,0.06211,-0.00114,0.00000,0.07540,-89.972,-0.010,9
266.2160,-0.01927,0.05461,-0.00114,0.00000,0.06790,-89.972,-0.010,9
266.2660,-0.01927,0.04711,-0.00114,0.00000,0.06040,-89.972,-0.010,9
266.3160,-0.01927,0.03961,-0.00114,0.00000,0.05290,-89.972,-0.010,9
266.3660,-0.01927,0.03211,-0.00114,0.00000,0.04540,-89.972,-0.010,9
266.4160,-0.01928,0.02460,-0.00114,0.00000,0.03790,-89.972,-0.010,9
266.4660,-0.01928,0.01710,-0.00114,0.00000,0.03040,-89.972,-0.010,9
266.5160,-0.01928,0.00960,-0.00114,0.00000,0.02290,-89.972,-0.010,9
266.5660,-0.01928,0.00210,-0.00114,0.00000,0.01540,-89.972,-0.010,9
266.6160,-0.01928,-0.00540,-0.00114,0.00000,0.00790,-89.972,-0.010,9
266.6660,-0.01928,-0.01290,-0.00114,0.00000,0.00040,-89.972,-0.010,9
