t,px,py,pz,rx,ry,yaw_deg,pitch_deg,lap
0.0020,0.00000,0.00000,0.00000,0.00000,0.00000,0.000,-0.000,0
0.0520,0.00070,0.00008,0.00007,0.00750,0.00000,-0.014,-0.009,0
0.1020,0.00252,0.00021,0.00016,0.01500,0.00000,-0.035,-0.014,0
0.1520,0.00530,0.00032,0.00024,0.02250,0.00000,-0.050,-0.005,0
0.2020,0.00894,0.00042,0.00030,0.03000,0.00000,-0.060,0.003,0
0.2520,0.01337,0.00049,0.00035,0.03750,0.00000,-0.066,0.009,0
0.3020,0.01851,0.00054,0.00038,0.04500,0.00000,-0.070,0.015,0
0.3520,0.02427,0.00058,0.00039,0.05250,0.00000,-0.072,0.019,0
0.4020,0.03059,0.00060,0.00039,0.06000,0.00000,-0.072,0.023,0
0.4520,0.03740,0.00061,0.00037,0.06750,0.00000,-0.070,0.026,0
0.5040,0.04492,0.00061,0.00035,0.07530,0.00000,-0.068,0.028,0
0.5540,0.05253,0.00061,0.00031,0.08280,0.00000,-0.066,0.031,0
0.6040,0.06044,0.00059,0.00027,0.09030,0.00000,-0.063,0.032,0
0.6540,0.06861,0.00056,0.00022,0.09780,0.00000,-0.059,0.034,0
0.7040,0.07699,0.00054,0.00016,0.10530,0.00000,-0.055,0.035,0
0.7540,0.08554,0.00052,0.00010,0.11280,0.00000,-0.052,0.036,0
0.8040,0.09423,0.00048,0.00004,0.12030,0.00000,-0.049,0.036,0
0.8540,0.10302,0.00045,-0.00004,0.12780,0.00000,-0.046,0.037,0
0.9040,0.11189,0.00042,-0.00011,0.13530,0.00000,-0.043,0.037,0
0.9540,0.12080,0.00038,-0.00018,0.14280,0.00000,-0.040,0.037,0
1.0060,0.13010,0.00033,-0.00027,0.15060,0.00000,-0.038,0.038,0
1.0560,0.13904,0.00029,-0.00034,0.15810,0.00000,-0.035,0.037,0
1.1060,0.14798,0.00025,-0.00042,0.16560,0.00000,-0.033,0.037,0
1.1560,0.15689,0.00021,-0.00050,0.17310,0.00000,-0.031,0.037,0
1.2060,0.16577,0.00017,-0.00058,0.18060,0.00000,-0.029,0.037,0
1.2560,0.17460,0.00012,-0.00066,0.18810,0.00000,-0.027,0.036,0
1.3060,0.18338,0.00007,-0.00074,0.19560,0.00000,-0.025,0.036,0
1.3560,0.19210,0.00003,-0.00082,0.20310,0.00000,-0.024,0.035,0
1.4060,0.20077,-0.00000,-0.00089,0.21060,0.00000,-0.023,0.035,0
1.4560,0.20937,-0.00004,-0.00096,0.21810,0.00000,-0.022,0.035,0
1.5060,0.21789,-0.00009,-0.00104,0.22560,0.00000,-0.021,0.034,0
1.5560,0.22636,-0.00012,-0.00111,0.23310,0.00000,-0.020,0.034,0
1.6060,0.23476,-0.00015,-0.00117,0.24060,0.00000,-0.019,0.033,0
1.6560,0.24308,-0.00019,-0.00124,0.24810,0.00000,-0.019,0.033,0
1.7060,0.25134,-0.00022,-0.00130,0.25560,0.00000,-0.018,0.032,0
1.7560,0.25954,-0.00024,-0.00136,0.26310,0.00000,-0.018,0.032,0
1.8060,0.26768,-0.00027,-0.00142,0.27060,0.00000,-0.018,0.032,0
1.8560,0.27575,-0.00030,-0.00147,0.27810,0.00000,-0.018,0.031,0
1.9060,0.28377,-0.00033,-0.00153,0.28560,0.00000,-0.018,0.031,0
1.9560,0.29173,-0.00036,-0.00158,0.29310,0.00000,-0.018,0.030,0
2.0080,0.29995,-0.00039,-0.00162,0.30090,0.00000,-0.017,0.030,0
2.0600,0.30813,-0.00041,-0.00167,0.30870,0.00000,-0.017,0.029,0
2.1120,0.31626,-0.00043,-0.00171,0.31650,0.00000,-0.017,0.029,0
2.1640,0.32435,-0.00044,-0.00176,0.32430,0.00000,-0.018,0.029,0
2.2160,0.33239,-0.00045,-0.00179,0.33210,0.00000,-0.018,0.029,0
2.2680,0.34041,-0.00045,-0.00183,0.33990,0.00000,-0.018,0.028,0
2.3200,0.34839,-0.00046,-0.00186,0.34770,0.00000,-0.019,0.029,0
2.3720,0.35633,-0.00047,-0.00190,0.35550,0.00000,-0.019,0.028,0
2.4240,0.36424,-0.00048,-0.00192,0.36330,0.00000,-0.020,0.028,0
2.4760,0.37213,-0.00049,-0.00195,0.37110,0.00000,-0.020,0.028,0
2.5280,0.38000,-0.00050,-0.00198,0.37890,0.00000,-0.020,0.028,0
2.5800,0.38784,-0.00051,-0.00200,0.38670,0.00000,-0.020,0.028,0
2.6320,0.39568,-0.00050,-0.00202,0.39450,0.00000,-0.020,0.028,0
2.6840,0.40350,-0.00050,-0.00204,0.40230,0.00000,-0.021,0.028,0
2.7360,0.41131,-0.00050,-0.00206,0.41010,0.00000,-0.021,0.028,0
2.7880,0.41910,-0.00050,-0.00207,0.41790,0.00000,-0.022,0.028,0
2.8400,0.42689,-0.00050,-0.00209,0.42570,0.00000,-0.022,0.028,0
2.8920,0.43466,-0.00050,-0.00210,0.43350,0.00000,-0.022,0.028,0
2.9440,0.44243,-0.00050,-0.00211,0.44130,0.00000,-0.023,0.028,0
2.9960,0.45020,-0.00051,-0.00212,0.44910,0.00000,-0.023,0.028,0
3.0480,0.45795,-0.00052,-0.00213,0.45690,0.00000,-0.023,0.028,0
3.1000,0.46571,-0.00052,-0.00214,0.46470,0.00000,-0.023,0.028,0
3.1520,0.47347,-0.00052,-0.00214,0.47250,0.00000,-0.023,0.028,0
3.2040,0.48123,-0.00051,-0.00215,0.48030,0.00000,-0.023,0.028,0
3.2560,0.48899,-0.00051,-0.00215,0.48810,0.00000,-0.023,0.028,0
3.3080,0.49674,-0.00051,-0.00216,0.49590,0.00000,-0.023,0.028,0
3.3600,0.50449,-0.00052,-0.00216,0.50370,0.00000,-0.023,0.028,0
3.4120,0.51224,-0.00054,-0.00216,0.51150,0.00000,-0.023,0.028,0
3.4640,0.51999,-0.00055,-0.00216,0.51930,0.00000,-0.023,0.027,0
3.5160,0.52775,-0.00055,-0.00217,0.52710,0.00000,-0.022,0.027,0
3.5680,0.53551,-0.00055,-0.00217,0.53490,0.00000,-0.022,0.027,0
3.6200,0.54328,-0.00055,-0.00217,0.54270,0.00000,-0.022,0.027,0
3.6720,0.55105,-0.00055,-0.00217,0.55050,0.00000,-0.022,0.027,0
3.7240,0.55882,-0.00054,-0.00217,0.55830,0.00000,-0.023,0.027,0
3.7760,0.56659,-0.00054,-0.00217,0.56610,0.00000,-0.023,0.027,0
3.8280,0.57436,-0.00054,-0.00216,0.57390,0.00000,-0.023,0.027,0
3.8800,0.58213,-0.00054,-0.00216,0.58170,0.00000,-0.023,0.027,0
3.9320,0.58991,-0.00054,-0.00216,0.58950,0.00000,-0.022,0.027,0
3.9840,0.59769,-0.00054,-0.00216,0.59730,0.00000,-0.022,0.027,0
4.0360,0.60547,-0.00054,-0.00216,0.60510,0.00000,-0.022,0.027,0
4.0880,0.61325,-0.00053,-0.00215,0.61290,0.00000,-0.022,0.027,0
4.1400,0.62105,-0.00052,-0.00215,0.62070,0.00000,-0.022,0.027,0
4.1920,0.62884,-0.00051,-0.00215,0.62850,0.00000,-0.022,0.027,0
4.2440,0.63663,-0.00051,-0.00215,0.63630,0.00000,-0.023,0.027,0
4.2960,0.64441,-0.00051,-0.00214,0.64410,0.00000,-0.023,0.027,0
4.3480,0.65221,-0.00051,-0.00214,0.65190,0.00000,-0.023,0.027,0
4.4000,0.66000,-0.00050,-0.00214,0.65970,0.00000,-0.023,0.027,0
4.4520,0.66779,-0.00050,-0.00214,0.66750,0.00000,-0.023,0.027,0
4.5040,0.67559,-0.00050,-0.00213,0.67530,0.00000,-0.023,0.027,0
4.5560,0.68339,-0.00049,-0.00213,0.68310,0.00000,-0.023,0.027,0
4.6080,0.69118,-0.00049,-0.00213,0.69090,0.00000,-0.023,0.028,0
4.6600,0.69898,-0.00049,-0.00213,0.69870,0.00000,-0.023,0.027,0
4.7120,0.70678,-0.00049,-0.00212,0.70650,0.00000,-0.023,0.028,0
4.7640,0.71457,-0.00049,-0.00212,0.71430,0.00000,-0.023,0.028,0
4.8160,0.72237,-0.00048,-0.00212,0.72210,0.00000,-0.023,0.028,0
4.8680,0.73017,-0.00049,-0.00212,0.72990,0.00000,-0.023,0.028,0
4.9200,0.73797,-0.00049,-0.00212,0.73770,0.00000,-0.023,0.027,0
4.9720,0.74577,-0.00049,-0.00211,0.74550,0.00000,-0.023,0.028,0
5.0240,0.75357,-0.00049,-0.00211,0.75330,0.00000,-0.022,0.027,0
5.0760,0.76136,-0.00050,-0.00211,0.76110,0.00000,-0.022,0.027,0
5.1280,0.76916,-0.00050,-0.00211,0.76890,0.00000,-0.022,0.027,0
5.1800,0.77697,-0.00049,-0.00211,0.77670,0.00000,-0.022,0.027,0
5.2320,0.78477,-0.00048,-0.00210,0.78450,0.00000,-0.022,0.027,0
5.2840,0.79258,-0.00048,-0.00210,0.79230,0.00000,-0.022,0.027,0
5.3360,0.80038,-0.00049,-0.00210,0.80010,0.00000,-0.023,0.027,0
5.3880,0.80818,-0.00048,-0.00210,0.80790,0.00000,-0.022,0.027,0
5.4400,0.81598,-0.00048,-0.00210,0.81570,0.00000,-0.022,0.027,0
5.4920,0.82378,-0.00048,-0.00210,0.82350,0.00000,-0.022,0.027,0
5.5440,0.83158,-0.00049,-0.00210,0.83130,0.00000,-0.022,0.027,0
5.5960,0.83938,-0.00049,-0.00210,0.83910,0.00000,-0.022,0.027,0
5.6480,0.84718,-0.00048,-0.00209,0.84690,0.00000,-0.022,0.027,0
5.7000,0.85499,-0.00048,-0.00209,0.85470,0.00000,-0.022,0.027,0
5.7520,0.86278,-0.00048,-0.00209,0.86250,0.00000,-0.022,0.027,0
5.8040,0.87058,-0.00049,-0.00209,0.87030,0.00000,-0.022,0.027,0
5.8560,0.87838,-0.00049,-0.00209,0.87810,0.00000,-0.022,0.027,0
5.9080,0.88618,-0.00050,-0.00209,0.88590,0.00000,-0.022,0.027,0
5.9600,0.89399,-0.00049,-0.00209,0.89370,0.00000,-0.021,0.027,0
6.0120,0.90179,-0.00048,-0.00209,0.90150,0.00000,-0.022,0.027,0
6.0640,0.90959,-0.00047,-0.00209,0.90930,0.00000,-0.022,0.027,0
6.1160,0.91740,-0.00047,-0.00209,0.91710,0.00000,-0.022,0.027,0
6.1680,0.92520,-0.00046,-0.00209,0.92490,0.00000,-0.022,0.027,0
6.2200,0.93300,-0.00046,-0.00209,0.93270,0.00000,-0.022,0.027,0
6.2720,0.94080,-0.00047,-0.00209,0.94050,0.00000,-0.022,0.027,0
6.3240,0.94860,-0.00046,-0.00209,0.94830,0.00000,-0.022,0.027,0
6.3760,0.95640,-0.00046,-0.00209,0.95610,0.00000,-0.022,0.027,0
6.4280,0.96421,-0.00045,-0.00209,0.96390,0.00000,-0.023,0.027,0
6.4800,0.97201,-0.00045,-0.00209,0.97170,0.00000,-0.023,0.028,0
6.5320,0.97981,-0.00044,-0.00209,0.97950,0.00000,-0.023,0.028,0
6.5840,0.98762,-0.00043,-0.00209,0.98730,0.00000,-0.023,0.028,0
6.6360,0.99542,-0.00044,-0.00209,0.99510,0.00000,-0.023,0.028,0
6.6880,1.00321,-0.00044,-0.00209,1.00000,0.00290,-0.023,0.028,0
6.7400,1.01060,-0.00017,-0.00209,1.00000,0.01070,0.567,0.035,0
6.7920,1.01671,0.00094,-0.00209,1.00000,0.01850,3.079,0.047,0
6.8440,1.02162,0.00286,-0.00208,1.00000,0.02630,6.727,0.037,0
6.8960,1.02554,0.00559,-0.00208,1.00000,0.03410,10.432,0.025,0
6.9480,1.02863,0.00911,-0.00208,1.00000,0.04190,14.132,0.018,0
7.0000,1.03101,0.01334,-0.00208,1.00000,0.04970,17.757,0.012,0
7.0520,1.03280,0.01822,-0.00208,1.00000,0.05750,21.304,0.008,0
7.1040,1.03410,0.02370,-0.00207,1.00000,0.06530,24.782,0.005,0
7.1560,1.03500,0.02971,-0.00207,1.00000,0.07310,28.199,0.004,0
7.2080,1.03558,0.03621,-0.00207,1.00000,0.08090,31.566,0.005,0
7.2600,1.03590,0.04316,-0.00207,1.00000,0.08870,34.891,0.005,0
7.3120,1.03601,0.05052,-0.00207,1.00000,0.09650,38.180,0.007,0
7.3640,1.03595,0.05825,-0.00207,1.00000,0.10430,41.438,0.009,0
7.4160,1.03575,0.06632,-0.00207,1.00000,0.11210,44.670,0.012,0
7.4680,1.03544,0.07471,-0.00207,1.00000,0.11990,47.879,0.014,0
7.5200,1.03504,0.08338,-0.00206,1.00000,0.12770,51.071,0.017,0
7.5720,1.03455,0.09231,-0.00206,1.00000,0.13550,54.246,0.020,0
7.6240,1.03399,0.10147,-0.00206,1.00000,0.14330,57.407,0.023,0
7.6760,1.03334,0.11082,-0.00206,1.00000,0.15110,60.556,0.027,0
7.7280,1.03261,0.12032,-0.00206,1.00000,0.15890,63.695,0.030,0
7.7800,1.03180,0.12997,-0.00206,1.00000,0.16670,66.824,0.033,0
7.8320,1.03091,0.13971,-0.00206,1.00000,0.17450,69.945,0.036,0
7.8840,1.02990,0.14953,-0.00207,1.00000,0.18230,73.059,0.039,0
7.9360,1.02879,0.15939,-0.00207,1.00000,0.19010,76.165,0.041,0
7.9880,1.02758,0.16929,-0.00207,1.00000,0.19790,79.264,0.042,0
8.0380,1.02631,0.17881,-0.00207,1.00000,0.20540,82.235,0.044,0
8.0880,1.02494,0.18832,-0.00207,1.00000,0.21290,85.186,0.045,0
8.1380,1.02345,0.19780,-0.00207,1.00000,0.22040,87.982,0.045,0
8.1880,1.02185,0.20719,-0.00207,1.00000,0.22790,89.900,0.046,0
8.2380,1.02014,0.21644,-0.00207,1.00000,0.23540,90.257,0.049,0
8.2880,1.01837,0.22556,-0.00207,1.00000,0.24290,90.240,0.050,0
8.3380,1.01665,0.23461,-0.00207,1.00000,0.25040,90.222,0.048,0
8.3880,1.01500,0.24360,-0.00207,1.00000,0.25790,90.196,0.046,0
8.4380,1.01344,0.25253,-0.00207,1.00000,0.26540,90.166,0.045,0
8.4880,1.01196,0.26137,-0.00207,1.00000,0.27290,90.140,0.043,0
8.5380,1.01057,0.27015,-0.00207,1.00000,0.28040,90.118,0.041,0
8.5880,1.00927,0.27885,-0.00207,1.00000,0.28790,90.099,0.040,0
8.6380,1.00806,0.28747,-0.00207,1.00000,0.29540,90.083,0.039,0
8.6880,1.00693,0.29601,-0.00207,1.00000,0.30290,90.069,0.038,0
8.7380,1.00588,0.30448,-0.00207,1.00000,0.31040,90.058,0.037,0
8.7880,1.00492,0.31287,-0.00208,1.00000,0.31790,90.048,0.036,0
8.8380,1.00403,0.32119,-0.00208,1.00000,0.32540,90.040,0.035,0
8.8880,1.00322,0.32943,-0.00208,1.00000,0.33290,90.034,0.035,0
8.9380,1.00247,0.33760,-0.00208,1.00000,0.34040,90.028,0.035,0
8.9880,1.00179,0.34570,-0.00208,1.00000,0.34790,90.024,0.034,0
9.0380,1.00118,0.35374,-0.00208,1.00000,0.35540,90.020,0.033,0
9.0880,1.00063,0.36172,-0.00208,1.00000,0.36290,90.017,0.033,0
9.1380,1.00014,0.36965,-0.00208,1.00000,0.37040,90.014,0.033,0
9.1880,0.99970,0.37752,-0.00208,1.00000,0.37790,90.012,0.032,0
9.2380,0.99933,0.38536,-0.00208,1.00000,0.38540,90.011,0.032,0
9.2880,0.99900,0.39314,-0.00208,1.00000,0.39290,90.010,0.032,0
9.3380,0.99871,0.40088,-0.00208,1.00000,0.40040,90.009,0.032,0
9.3880,0.99846,0.40859,-0.00208,1.00000,0.40790,90.009,0.032,0
9.4380,0.99824,0.41625,-0.00208,1.00000,0.41540,90.008,0.031,0
9.4880,0.99806,0.42389,-0.00208,1.00000,0.42290,90.008,0.031,0
9.5380,0.99792,0.43151,-0.00208,1.00000,0.43040,90.008,0.031,0
9.5880,0.99782,0.43910,-0.00208,1.00000,0.43790,90.008,0.031,0
9.6380,0.99773,0.44666,-0.00208,1.00000,0.44540,90.009,0.031,0
9.6880,0.99768,0.45421,-0.00208,1.00000,0.45290,90.009,0.031,0
9.7380,0.99763,0.46174,-0.00208,1.00000,0.46040,90.010,0.031,0
9.7880,0.99760,0.46925,-0.00209,1.00000,0.46790,90.010,0.031,0
9.8380,0.99758,0.47673,-0.00209,1.00000,0.47540,90.011,0.031,0
9.8880,0.99758,0.48422,-0.00209,1.00000,0.48290,90.011,0.030,0
9.9380,0.99762,0.49170,-0.00209,1.00000,0.49040,90.011,0.030,0
9.9880,0.99766,0.49918,-0.00209,1.00000,0.49790,90.012,0.030,0
10.0380,0.99771,0.50665,-0.00209,1.00000,0.50540,90.012,0.030,0
10.0880,0.99776,0.51411,-0.00209,1.00000,0.51290,90.013,0.030,0
10.1380,0.99782,0.52157,-0.00209,1.00000,0.52040,90.014,0.030,0
10.1880,0.99789,0.52902,-0.00209,1.00000,0.52790,90.014,0.030,0
10.2380,0.99797,0.53648,-0.00209,1.00000,0.53540,90.015,0.030,0
10.2880,0.99805,0.54393,-0.00209,1.00000,0.54290,90.015,0.030,0
10.3380,0.99812,0.55138,-0.00209,1.00000,0.55040,90.016,0.031,0
10.3880,0.99819,0.55883,-0.00209,1.00000,0.55790,90.016,0.031,0
10.4380,0.99827,0.56628,-0.00209,1.00000,0.56540,90.017,0.030,0
10.4880,0.99834,0.57373,-0.00209,1.00000,0.57290,90.017,0.030,0
10.5380,0.99842,0.58118,-0.00209,1.00000,0.58040,90.017,0.030,0
10.5880,0.99849,0.58864,-0.00209,1.00000,0.58790,90.018,0.030,0
10.6380,0.99857,0.59609,-0.00209,1.00000,0.59540,90.018,0.030,0
10.6880,0.99863,0.60355,-0.00209,1.00000,0.60290,90.018,0.030,0
10.7380,0.99870,0.61100,-0.00209,1.00000,0.61040,90.018,0.030,0
10.7880,0.99877,0.61847,-0.00209,1.00000,0.61790,90.018,0.030,0
10.8380,0.99884,0.62594,-0.00209,1.00000,0.62540,90.019,0.030,0
10.8880,0.99891,0.63341,-0.00209,1.00000,0.63290,90.019,0.030,0
10.9380,0.99898,0.64088,-0.00209,1.00000,0.64040,90.019,0.030,0
10.9880,0.99903,0.64835,-0.00209,1.00000,0.64790,90.020,0.030,0
11.0380,0.99909,0.65583,-0.00209,1.00000,0.65540,90.020,0.030,0
11.0880,0.99915,0.66332,-0.00209,1.00000,0.66290,90.020,0.030,0
11.1380,0.99920,0.67080,-0.00209,1.00000,0.67040,90.020,0.030,0
11.1880,0.99924,0.67828,-0.00209,1.00000,0.67790,90.021,0.030,0
11.2380,0.99929,0.68576,-0.00209,1.00000,0.68540,90.021,0.030,0
11.2880,0.99933,0.69325,-0.00209,1.00000,0.69290,90.021,0.030,0
11.3380,0.99936,0.70073,-0.00209,1.00000,0.70040,90.021,0.030,0
11.3880,0.99939,0.70822,-0.00209,1.00000,0.70790,90.021,0.030,0
11.4380,0.99942,0.71571,-0.00209,1.00000,0.71540,90.021,0.030,0
11.4880,0.99944,0.72319,-0.00209,1.00000,0.72290,90.021,0.030,0
11.5380,0.99946,0.73068,-0.00209,1.00000,0.73040,90.021,0.030,0
11.5880,0.99949,0.73818,-0.00209,1.00000,0.73790,90.021,0.030,0
11.6380,0.99951,0.74568,-0.00209,1.00000,0.74540,90.021,0.030,0
11.6880,0.99954,0.75317,-0.00209,1.00000,0.75290,90.021,0.030,0
11.7380,0.99957,0.76068,-0.00209,1.00000,0.76040,90.021,0.030,0
11.7880,0.99958,0.76817,-0.00209,1.00000,0.76790,90.021,0.030,0
11.8380,0.99959,0.77567,-0.00209,1.00000,0.77540,90.021,0.030,0
11.8880,0.99960,0.78317,-0.00209,1.00000,0.78290,90.021,0.030,0
11.9380,0.99961,0.79067,-0.00209,1.00000,0.79040,90.021,0.030,0
11.9880,0.99963,0.79818,-0.00209,1.00000,0.79790,90.022,0.030,0
12.0380,0.99965,0.80568,-0.00209,1.00000,0.80540,90.022,0.031,0
12.0880,0.99965,0.81318,-0.00209,1.00000,0.81290,90.022,0.031,0
12.1380,0.99965,0.82068,-0.00209,1.00000,0.82040,90.022,0.031,0
12.1880,0.99963,0.82817,-0.00209,1.00000,0.82790,90.022,0.031,0
12.2380,0.99964,0.83567,-0.00209,1.00000,0.83540,90.021,0.030,0
12.2880,0.99964,0.84317,-0.00209,1.00000,0.84290,90.021,0.030,0
12.3380,0.99964,0.85067,-0.00209,1.00000,0.85040,90.021,0.030,0
12.3880,0.99964,0.85817,-0.00209,1.00000,0.85790,90.021,0.030,0
12.4380,0.99964,0.86568,-0.00209,1.00000,0.86540,90.021,0.030,0
12.4880,0.99964,0.87318,-0.00209,1.00000,0.87290,90.021,0.030,0
12.5380,0.99965,0.88069,-0.00209,1.00000,0.88040,90.022,0.031,0
12.5880,0.99966,0.88819,-0.00209,1.00000,0.88790,90.022,0.031,0
12.6380,0.99965,0.89569,-0.00209,1.00000,0.89540,90.022,0.031,0
12.6880,0.99964,0.90319,-0.00209,1.00000,0.90290,90.022,0.031,0
12.7380,0.99963,0.91069,-0.00209,1.00000,0.91040,90.022,0.031,0
12.7880,0.99963,0.91819,-0.00209,1.00000,0.91790,90.021,0.031,0
12.8380,0.99962,0.92568,-0.00209,1.00000,0.92540,90.021,0.031,0
12.8880,0.99961,0.93318,-0.00209,1.00000,0.93290,90.021,0.031,0
12.9380,0.99961,0.94069,-0.00209,1.00000,0.94040,90.021,0.031,0
12.9880,0.99961,0.94819,-0.00209,1.00000,0.94790,90.021,0.031,0
13.0380,0.99960,0.95568,-0.00209,1.00000,0.95540,90.021,0.031,0
13.0880,0.99959,0.96318,-0.00209,1.00000,0.96290,90.021,0.030,0
13.1380,0.99958,0.97068,-0.00209,1.00000,0.97040,90.021,0.030,0
13.1880,0.99958,0.97818,-0.00209,1.00000,0.97790,90.021,0.030,0
13.2380,0.99958,0.98569,-0.00209,1.00000,0.98540,90.021,0.030,0
13.2880,0.99958,0.99319,-0.00209,1.00000,0.99290,90.021,0.030,0
13.3380,0.99957,1.00069,-0.00209,0.99960,1.00000,90.021,0.030,0
13.3880,0.99932,1.00784,-0.00209,0.99210,1.00000,90.552,0.037,0
13.4380,0.99834,1.01393,-0.00209,0.98460,1.00000,92.819,0.052,0
13.4880,0.99664,1.01902,-0.00209,0.97710,1.00000,96.155,0.048,0
13.5380,0.99425,1.02314,-0.00208,0.96960,1.00000,99.604,0.043,0
13.5880,0.99120,1.02637,-0.00208,0.96210,1.00000,103.078,0.042,0
13.6380,0.98758,1.02882,-0.00208,0.95460,1.00000,106.501,0.043,0
13.6880,0.98344,1.03062,-0.00208,0.94710,1.00000,109.863,0.045,0
13.7380,0.97880,1.03186,-0.00207,0.93960,1.00000,113.168,0.047,0
13.7880,0.97370,1.03264,-0.00207,0.93210,1.00000,116.423,0.049,0
13.8380,0.96820,1.03307,-0.00207,0.92460,1.00000,119.635,0.050,0
13.8880,0.96231,1.03323,-0.00207,0.91710,1.00000,122.812,0.051,0
13.9380,0.95605,1.03317,-0.00206,0.90960,1.00000,125.959,0.053,0
13.9880,0.94943,1.03294,-0.00206,0.90210,1.00000,129.081,0.054,0
14.0380,0.94247,1.03258,-0.00206,0.89460,1.00000,132.181,0.055,0
14.0880,0.93520,1.03213,-0.00206,0.88710,1.00000,135.263,0.055,0
14.1380,0.92762,1.03159,-0.00206,0.87960,1.00000,138.329,0.055,0
14.1880,0.91974,1.03097,-0.00206,0.87210,1.00000,141.382,0.054,0
14.2380,0.91159,1.03029,-0.00206,0.86460,1.00000,144.424,0.053,0
14.2880,0.90320,1.02956,-0.00206,0.85710,1.00000,147.456,0.050,0
14.3380,0.89458,1.02877,-0.00206,0.84960,1.00000,150.480,0.048,0
14.3880,0.88576,1.02792,-0.00206,0.84210,1.00000,153.499,0.044,0
14.4380,0.87677,1.02700,-0.00206,0.83460,1.00000,156.514,0.041,0
14.4880,0.86761,1.02598,-0.00206,0.82710,1.00000,159.527,0.036,0
14.5380,0.85833,1.02488,-0.00206,0.81960,1.00000,162.538,0.031,0
14.5880,0.84893,1.02367,-0.00206,0.81210,1.00000,165.549,0.025,0
14.6380,0.83944,1.02236,-0.00206,0.80460,1.00000,168.562,0.018,0
14.6880,0.82989,1.02092,-0.00206,0.79710,1.00000,171.577,0.012,0
14.7380,0.82031,1.01939,-0.00206,0.78960,1.00000,174.584,0.004,0
14.7880,0.81072,1.01776,-0.00206,0.78210,1.00000,177.462,-0.003,0
14.8380,0.80118,1.01606,-0.00206,0.77460,1.00000,179.475,-0.009,0
14.8880,0.79178,1.01436,-0.00206,0.76710,1.00000,179.880,-0.013,0
14.9380,0.78250,1.01271,-0.00206,0.75960,1.00000,179.928,-0.019,0
14.9880,0.77326,1.01115,-0.00206,0.75210,1.00000,179.969,-0.028,0
15.0380,0.76404,1.00968,-0.00206,0.74460,1.00000,179.992,-0.036,0
15.0880,0.75488,1.00831,-0.00206,0.73710,1.00000,-179.998,-0.043,0
15.1380,0.74598,1.00609,-0.00206,0.72960,1.00000,-179.742,-0.046,0
15.1880,0.73754,1.00260,-0.00205,0.72210,1.00000,-179.176,-0.047,0
15.2380,0.72909,1.00046,-0.00200,0.71460,1.00000,-179.329,-0.046,0
15.2880,0.72068,0.99843,-0.00196,0.70710,1.00000,-179.425,-0.043,0
15.3380,0.71225,0.99669,-0.00192,0.69960,1.00000,-179.504,-0.047,0
15.3880,0.70383,0.99519,-0.00189,0.69210,1.00000,-179.584,-0.052,0
15.4380,0.69542,0.99389,-0.00186,0.68460,1.00000,-179.652,-0.057,0
15.4880,0.68702,0.99280,-0.00184,0.67710,1.00000,-179.708,-0.060,0
15.5380,0.67865,0.99189,-0.00182,0.66960,1.00000,-179.755,-0.064,0
15.5880,0.67031,0.99114,-0.00181,0.66210,1.00000,-179.794,-0.066,0
15.6380,0.66200,0.99055,-0.00180,0.65460,1.00000,-179.827,-0.068,0
15.6880,0.65373,0.99009,-0.00179,0.64710,1.00000,-179.855,-0.070,0
15.7380,0.64550,0.98976,-0.00178,0.63960,1.00000,-179.878,-0.072,0
15.7880,0.63731,0.98955,-0.00178,0.63210,1.00000,-179.898,-0.073,0
15.8380,0.62918,0.98944,-0.00177,0.62460,1.00000,-179.914,-0.074,0
15.8880,0.62109,0.98943,-0.00177,0.61710,1.00000,-179.927,-0.076,0
15.9380,0.61304,0.98949,-0.00178,0.60960,1.00000,-179.938,-0.077,0
15.9880,0.60502,0.98960,-0.00178,0.60210,1.00000,-179.948,-0.078,0
16.0400,0.59673,0.98979,-0.00178,0.59430,1.00000,-179.956,-0.078,0
16.0920,0.58848,0.99003,-0.00179,0.58650,1.00000,-179.962,-0.079,0
16.1440,0.58028,0.99031,-0.00179,0.57870,1.00000,-179.968,-0.079,0
16.1960,0.57211,0.99063,-0.00180,0.57090,1.00000,-179.972,-0.079,0
16.2480,0.56398,0.99098,-0.00181,0.56310,1.00000,-179.976,-0.079,0
16.3000,0.55589,0.99137,-0.00182,0.55530,1.00000,-179.979,-0.079,0
16.3520,0.54784,0.99177,-0.00183,0.54750,1.00000,-179.981,-0.080,0
16.4040,0.53981,0.99218,-0.00184,0.53970,1.00000,-179.983,-0.080,0
16.4560,0.53182,0.99261,-0.00185,0.53190,1.00000,-179.984,-0.080,0
16.5080,0.52385,0.99303,-0.00186,0.52410,1.00000,-179.985,-0.080,0
16.5600,0.51590,0.99344,-0.00187,0.51630,1.00000,-179.985,-0.080,0
16.6120,0.50798,0.99385,-0.00188,0.50850,1.00000,-179.986,-0.080,0
16.6640,0.50007,0.99425,-0.00189,0.50070,1.00000,-179.986,-0.080,0
16.7160,0.49218,0.99464,-0.00190,0.49290,1.00000,-179.986,-0.080,0
16.7680,0.48431,0.99503,-0.00191,0.48510,1.00000,-179.987,-0.079,0
16.8200,0.47645,0.99540,-0.00192,0.47730,1.00000,-179.986,-0.079,0
16.8720,0.46861,0.99576,-0.00193,0.46950,1.00000,-179.986,-0.079,0
16.9240,0.46079,0.99612,-0.00194,0.46170,1.00000,-179.986,-0.079,0
16.9760,0.45298,0.99646,-0.00195,0.45390,1.00000,-179.986,-0.079,0
17.0280,0.44517,0.99677,-0.00196,0.44610,1.00000,-179.985,-0.079,0
17.0800,0.43737,0.99706,-0.00197,0.43830,1.00000,-179.985,-0.078,0
17.1320,0.42958,0.99736,-0.00198,0.43050,1.00000,-179.985,-0.078,0
17.1840,0.42179,0.99762,-0.00199,0.42270,1.00000,-179.984,-0.078,0
17.2360,0.41401,0.99786,-0.00200,0.41490,1.00000,-179.984,-0.078,0
17.2880,0.40623,0.99810,-0.00200,0.40710,1.00000,-179.983,-0.078,0
17.3400,0.39846,0.99831,-0.00201,0.39930,1.00000,-179.983,-0.078,0
17.3920,0.39068,0.99850,-0.00202,0.39150,1.00000,-179.982,-0.079,0
17.4440,0.38290,0.99867,-0.00203,0.38370,1.00000,-179.982,-0.078,0
17.4960,0.37513,0.99884,-0.00203,0.37590,1.00000,-179.981,-0.078,0
17.5480,0.36736,0.99898,-0.00204,0.36810,1.00000,-179.981,-0.078,0
17.6000,0.35959,0.99911,-0.00204,0.36030,1.00000,-179.981,-0.078,0
17.6520,0.35182,0.99924,-0.00205,0.35250,1.00000,-179.980,-0.078,0
17.7040,0.34405,0.99935,-0.00205,0.34470,1.00000,-179.980,-0.078,0
17.7560,0.33627,0.99944,-0.00206,0.33690,1.00000,-179.980,-0.078,0
17.8080,0.32850,0.99953,-0.00206,0.32910,1.00000,-179.979,-0.078,0
17.8600,0.32073,0.99961,-0.00207,0.32130,1.00000,-179.979,-0.078,0
17.9120,0.31296,0.99969,-0.00207,0.31350,1.00000,-179.979,-0.078,0
17.9640,0.30519,0.99975,-0.00207,0.30570,1.00000,-179.978,-0.079,0
18.0160,0.29742,0.99980,-0.00208,0.29790,1.00000,-179.978,-0.079,0
18.0680,0.28963,0.99983,-0.00208,0.29010,1.00000,-179.978,-0.079,0
18.1200,0.28186,0.99987,-0.00208,0.28230,1.00000,-179.978,-0.079,0
18.1720,0.27408,0.99990,-0.00208,0.27450,1.00000,-179.977,-0.079,0
18.2240,0.26630,0.99992,-0.00208,0.26670,1.00000,-179.977,-0.080,0
18.2760,0.25851,0.99992,-0.00209,0.25890,1.00000,-179.977,-0.080,0
18.3280,0.25071,0.99992,-0.00209,0.25110,1.00000,-179.977,-0.079,0
18.3800,0.24292,0.99991,-0.00209,0.24330,1.00000,-179.977,-0.079,0
18.4320,0.23512,0.99990,-0.00209,0.23550,1.00000,-179.976,-0.079,0
18.4840,0.22733,0.99990,-0.00209,0.22770,1.00000,-179.977,-0.079,0
18.5360,0.21954,0.99990,-0.00209,0.21990,1.00000,-179.976,-0.079,0
18.5880,0.21175,0.99988,-0.00209,0.21210,1.00000,-179.976,-0.079,0
18.6400,0.20396,0.99988,-0.00209,0.20430,1.00000,-179.976,-0.079,0
18.6920,0.19617,0.99987,-0.00210,0.19650,1.00000,-179.976,-0.079,0
18.7440,0.18837,0.99986,-0.00210,0.18870,1.00000,-179.976,-0.079,0
18.7960,0.18058,0.99985,-0.00210,0.18090,1.00000,-179.976,-0.080,0
18.8480,0.17278,0.99983,-0.00210,0.17310,1.00000,-179.976,-0.080,0
18.9000,0.16499,0.99981,-0.00210,0.16530,1.00000,-179.976,-0.080,0
18.9520,0.15719,0.99980,-0.00210,0.15750,1.00000,-179.976,-0.080,0
19.0040,0.14939,0.99978,-0.00210,0.14970,1.00000,-179.976,-0.080,0
19.0560,0.14159,0.99977,-0.00210,0.14190,1.00000,-179.976,-0.080,0
19.1080,0.13380,0.99975,-0.00210,0.13410,1.00000,-179.976,-0.080,0
19.1600,0.12600,0.99974,-0.00210,0.12630,1.00000,-179.976,-0.080,0
19.2120,0.11820,0.99972,-0.00210,0.11850,1.00000,-179.976,-0.080,0
19.2640,0.11039,0.99969,-0.00210,0.11070,1.00000,-179.976,-0.080,0
19.3160,0.10258,0.99966,-0.00210,0.10290,1.00000,-179.976,-0.080,0
19.3680,0.09478,0.99965,-0.00210,0.09510,1.00000,-179.976,-0.080,0
19.4200,0.08698,0.99963,-0.00210,0.08730,1.00000,-179.976,-0.080,0
19.4720,0.07918,0.99962,-0.00210,0.07950,1.00000,-179.976,-0.080,0
19.5240,0.07138,0.99961,-0.00210,0.07170,1.00000,-179.976,-0.080,0
19.5760,0.06358,0.99960,-0.00209,0.06390,1.00000,-179.976,-0.080,0
19.6280,0.05578,0.99959,-0.00209,0.05610,1.00000,-179.976,-0.080,0
19.6800,0.04798,0.99958,-0.00209,0.04830,1.00000,-179.976,-0.080,0
19.7320,0.04018,0.99957,-0.00209,0.04050,1.00000,-179.976,-0.080,0
19.7840,0.03238,0.99956,-0.00209,0.03270,1.00000,-179.976,-0.080,0
19.8360,0.02458,0.99955,-0.00209,0.02490,1.00000,-179.976,-0.080,0
19.8880,0.01677,0.99953,-0.00209,0.01710,1.00000,-179.976,-0.080,0
19.9400,0.00897,0.99952,-0.00209,0.00930,1.00000,-179.976,-0.080,0
19.9920,0.00116,0.99951,-0.00209,0.00150,1.00000,-179.976,-0.080,0
20.0440,-0.00664,0.99951,-0.00209,0.00000,0.99370,-179.976,-0.080,0
20.0960,-0.01392,0.99913,-0.00209,0.00000,0.98590,-179.217,-0.069,0
20.1480,-0.02001,0.99779,-0.00209,0.00000,0.97810,-176.559,-0.056,0
20.2000,-0.02503,0.99543,-0.00209,0.00000,0.97030,-172.847,-0.061,0
20.2520,-0.02904,0.99218,-0.00209,0.00000,0.96250,-168.995,-0.067,0
20.3040,-0.03216,0.98814,-0.00209,0.00000,0.95470,-165.168,-0.069,0
20.3560,-0.03449,0.98340,-0.00208,0.00000,0.94690,-161.433,-0.069,0
20.4080,-0.03616,0.97802,-0.00208,0.00000,0.93910,-157.799,-0.069,0
20.4600,-0.03728,0.97207,-0.00208,0.00000,0.93130,-154.255,-0.070,0
20.5120,-0.03794,0.96558,-0.00208,0.00000,0.92350,-150.788,-0.070,0
20.5640,-0.03823,0.95860,-0.00208,0.00000,0.91570,-147.382,-0.071,0
20.6160,-0.03823,0.95115,-0.00208,0.00000,0.90790,-144.028,-0.073,0
20.6680,-0.03798,0.94326,-0.00208,0.00000,0.90010,-140.716,-0.074,0
20.7200,-0.03752,0.93497,-0.00208,0.00000,0.89230,-137.436,-0.077,0
20.7720,-0.03689,0.92631,-0.00208,0.00000,0.88450,-134.184,-0.080,0
20.8240,-0.03609,0.91731,-0.00208,0.00000,0.87670,-130.952,-0.083,0
20.8760,-0.03516,0.90800,-0.00208,0.00000,0.86890,-127.737,-0.086,0
20.9280,-0.03409,0.89842,-0.00208,0.00000,0.86110,-124.534,-0.090,0
20.9800,-0.03289,0.88860,-0.00208,0.00000,0.85330,-121.339,-0.095,0
21.0320,-0.03157,0.87858,-0.00208,0.00000,0.84550,-118.149,-0.099,0
21.0840,-0.03013,0.86840,-0.00208,0.00000,0.83770,-114.961,-0.104,0
21.1360,-0.02858,0.85809,-0.00208,0.00000,0.82990,-111.772,-0.108,0
21.1880,-0.02691,0.84770,-0.00208,0.00000,0.82210,-108.579,-0.112,0
21.2400,-0.02514,0.83727,-0.00207,0.00000,0.81430,-105.379,-0.115,0
21.2920,-0.02327,0.82684,-0.00207,0.00000,0.80650,-102.169,-0.118,0
21.3440,-0.02132,0.81645,-0.00207,0.00000,0.79870,-98.947,-0.120,0
21.3960,-0.01929,0.80613,-0.00207,0.00000,0.79090,-95.727,-0.121,0
21.4480,-0.01720,0.79591,-0.00206,0.00000,0.78310,-92.708,-0.122,0
21.5000,-0.01509,0.78584,-0.00206,0.00000,0.77530,-90.925,-0.123,0
21.5520,-0.01306,0.77592,-0.00206,0.00000,0.76750,-90.529,-0.124,0
21.6040,-0.01114,0.76622,-0.00206,0.00000,0.75970,-90.405,-0.122,0
21.6560,-0.00937,0.75672,-0.00206,0.00000,0.75190,-90.310,-0.120,0
21.7080,-0.00775,0.74741,-0.00206,0.00000,0.74410,-90.245,-0.118,0
21.7600,-0.00627,0.73829,-0.00206,0.00000,0.73630,-90.197,-0.115,0
21.8120,-0.00493,0.72933,-0.00206,0.00000,0.72850,-90.158,-0.113,0
21.8640,-0.00371,0.72054,-0.00206,0.00000,0.72070,-90.128,-0.111,0
21.9160,-0.00262,0.71190,-0.00206,0.00000,0.71290,-90.103,-0.108,0
21.9680,-0.00164,0.70339,-0.00206,0.00000,0.70510,-90.084,-0.106,0
22.0200,-0.00077,0.69500,-0.00206,0.00000,0.69730,-90.068,-0.105,0
22.0720,-0.00000,0.68672,-0.00206,0.00000,0.68950,-90.056,-0.103,0
22.1240,0.00066,0.67854,-0.00207,0.00000,0.68170,-90.047,-0.101,0
22.1760,0.00124,0.67045,-0.00207,0.00000,0.67390,-90.039,-0.100,0
22.2280,0.00174,0.66244,-0.00207,0.00000,0.66610,-90.034,-0.098,0
22.2800,0.00216,0.65450,-0.00207,0.00000,0.65830,-90.030,-0.097,0
22.3320,0.00250,0.64661,-0.00207,0.00000,0.65050,-90.027,-0.096,0
22.3840,0.00278,0.63878,-0.00207,0.00000,0.64270,-90.024,-0.095,0
22.4360,0.00299,0.63099,-0.00207,0.00000,0.63490,-90.023,-0.094,0
22.4880,0.00314,0.62323,-0.00208,0.00000,0.62710,-90.022,-0.093,0
22.5400,0.00325,0.61551,-0.00208,0.00000,0.61930,-90.021,-0.092,0
22.5920,0.00333,0.60782,-0.00208,0.00000,0.61150,-90.021,-0.091,0
22.6440,0.00336,0.60014,-0.00208,0.00000,0.60370,-90.021,-0.091,0
22.6960,0.00336,0.59249,-0.00208,0.00000,0.59590,-90.021,-0.090,0
22.7480,0.00332,0.58484,-0.00208,0.00000,0.58810,-90.022,-0.089,0
22.8000,0.00326,0.57720,-0.00208,0.00000,0.58030,-90.022,-0.089,0
22.8520,0.00318,0.56957,-0.00208,0.00000,0.57250,-90.022,-0.088,0
22.9040,0.00309,0.56195,-0.00208,0.00000,0.56470,-90.023,-0.088,0
22.9560,0.00297,0.55432,-0.00209,0.00000,0.55690,-90.023,-0.088,0
23.0080,0.00284,0.54669,-0.00209,0.00000,0.54910,-90.024,-0.087,0
23.0600,0.00272,0.53906,-0.00209,0.00000,0.54130,-90.024,-0.087,0
23.1120,0.00258,0.53143,-0.00209,0.00000,0.53350,-90.025,-0.087,0
23.1640,0.00243,0.52379,-0.00209,0.00000,0.52570,-90.025,-0.087,0
23.2160,0.00227,0.51614,-0.00209,0.00000,0.51790,-90.025,-0.087,0
23.2680,0.00211,0.50849,-0.00209,0.00000,0.51010,-90.025,-0.087,0
23.3200,0.00195,0.50082,-0.00209,0.00000,0.50230,-90.026,-0.086,0
23.3720,0.00179,0.49315,-0.00209,0.00000,0.49450,-90.026,-0.086,0
23.4240,0.00164,0.48548,-0.00209,0.00000,0.48670,-90.026,-0.086,0
23.4760,0.00149,0.47779,-0.00209,0.00000,0.47890,-90.026,-0.086,0
23.5280,0.00134,0.47009,-0.00209,0.00000,0.47110,-90.026,-0.086,0
23.5800,0.00119,0.46238,-0.00209,0.00000,0.46330,-90.026,-0.086,0
23.6320,0.00105,0.45467,-0.00209,0.00000,0.45550,-90.026,-0.086,0
23.6840,0.00092,0.44695,-0.00209,0.00000,0.44770,-90.026,-0.086,0
23.7360,0.00078,0.43922,-0.00209,0.00000,0.43990,-90.025,-0.086,0
23.7880,0.00066,0.43148,-0.00209,0.00000,0.43210,-90.025,-0.086,0
23.8400,0.00054,0.42374,-0.00209,0.00000,0.42430,-90.025,-0.086,0
23.8920,0.00044,0.41600,-0.00209,0.00000,0.41650,-90.025,-0.086,0
23.9440,0.00034,0.40825,-0.00209,0.00000,0.40870,-90.025,-0.086,0
23.9960,0.00024,0.40048,-0.00209,0.00000,0.40090,-90.025,-0.086,0
24.0480,0.00015,0.39272,-0.00209,0.00000,0.39310,-90.024,-0.086,0
24.1000,0.00006,0.38494,-0.00209,0.00000,0.38530,-90.024,-0.086,0
24.1520,-0.00002,0.37717,-0.00209,0.00000,0.37750,-90.024,-0.086,0
24.2040,-0.00009,0.36939,-0.00209,0.00000,0.36970,-90.024,-0.086,0
24.2560,-0.00015,0.36161,-0.00209,0.00000,0.36190,-90.024,-0.086,0
24.3080,-0.00020,0.35383,-0.00209,0.00000,0.35410,-90.023,-0.086,0
24.3600,-0.00026,0.34604,-0.00209,0.00000,0.34630,-90.023,-0.087,0
24.4120,-0.00030,0.33825,-0.00209,0.00000,0.33850,-90.023,-0.087,0
24.4640,-0.00034,0.33046,-0.00209,0.00000,0.33070,-90.023,-0.087,0
24.5160,-0.00038,0.32267,-0.00209,0.00000,0.32290,-90.023,-0.087,0
24.5680,-0.00041,0.31487,-0.00209,0.00000,0.31510,-90.023,-0.087,0
24.6200,-0.00045,0.30707,-0.00209,0.00000,0.30730,-90.022,-0.087,0
24.6720,-0.00048,0.29927,-0.00209,0.00000,0.29950,-90.022,-0.087,0
24.7240,-0.00050,0.29147,-0.00209,0.00000,0.29170,-90.022,-0.087,0
24.7760,-0.00053,0.28366,-0.00209,0.00000,0.28390,-90.022,-0.087,0
24.8280,-0.00055,0.27586,-0.00209,0.00000,0.27610,-90.022,-0.087,0
24.8800,-0.00056,0.26806,-0.00209,0.00000,0.26830,-90.022,-0.087,0
24.9320,-0.00057,0.26025,-0.00209,0.00000,0.26050,-90.022,-0.087,0
24.9840,-0.00057,0.25246,-0.00209,0.00000,0.25270,-90.022,-0.087,0
25.0360,-0.00057,0.24465,-0.00209,0.00000,0.24490,-90.022,-0.088,0
25.0880,-0.00059,0.23684,-0.00209,0.00000,0.23710,-90.022,-0.088,0
25.1400,-0.00060,0.22903,-0.00209,0.00000,0.22930,-90.021,-0.088,0
25.1920,-0.00060,0.22123,-0.00209,0.00000,0.22150,-90.021,-0.088,0
25.2440,-0.00061,0.21342,-0.00209,0.00000,0.21370,-90.021,-0.088,0
25.2960,-0.00061,0.20561,-0.00209,0.00000,0.20590,-90.021,-0.088,0
25.3480,-0.00061,0.19780,-0.00209,0.00000,0.19810,-90.021,-0.087,0
25.4000,-0.00062,0.18999,-0.00209,0.00000,0.19030,-90.021,-0.087,0
25.4520,-0.00063,0.18217,-0.00209,0.00000,0.18250,-90.021,-0.087,0
25.5040,-0.00063,0.17437,-0.00209,0.00000,0.17470,-90.021,-0.087,0
25.5560,-0.00062,0.16656,-0.00209,0.00000,0.16690,-90.021,-0.086,0
25.6080,-0.00061,0.15876,-0.00209,0.00000,0.15910,-90.021,-0.086,0
25.6600,-0.00060,0.15096,-0.00209,0.00000,0.15130,-90.021,-0.086,0
25.7120,-0.00060,0.14315,-0.00209,0.00000,0.14350,-90.021,-0.086,0
25.7640,-0.00058,0.13536,-0.00209,0.00000,0.13570,-90.021,-0.086,0
25.8160,-0.00056,0.12756,-0.00209,0.00000,0.12790,-90.021,-0.086,0
25.8680,-0.00055,0.11976,-0.00209,0.00000,0.12010,-90.021,-0.087,0
25.9200,-0.00053,0.11197,-0.00209,0.00000,0.11230,-90.021,-0.087,0
25.9720,-0.00054,0.10416,-0.00209,0.00000,0.10450,-90.021,-0.087,0
26.0240,-0.00053,0.09636,-0.00209,0.00000,0.09670,-90.021,-0.087,0
26.0760,-0.00053,0.08855,-0.00209,0.00000,0.08890,-90.021,-0.087,0
26.1280,-0.00053,0.08075,-0.00209,0.00000,0.08110,-90.021,-0.087,0
26.1800,-0.00052,0.07295,-0.00209,0.00000,0.07330,-90.021,-0.087,0
26.2320,-0.00051,0.06516,-0.00209,0.00000,0.06550,-90.021,-0.087,0
26.2840,-0.00051,0.05735,-0.00209,0.00000,0.05770,-90.021,-0.087,0
26.3360,-0.00051,0.04955,-0.00209,0.00000,0.04990,-90.021,-0.087,0
26.3880,-0.00051,0.04174,-0.00209,0.00000,0.04210,-90.021,-0.087,0
26.4400,-0.00051,0.03394,-0.00209,0.00000,0.03430,-90.021,-0.087,0
26.4920,-0.00050,0.02614,-0.00209,0.00000,0.02650,-90.021,-0.086,0
26.5440,-0.00050,0.01834,-0.00209,0.00000,0.01870,-90.021,-0.086,0
26.5960,-0.00048,0.01054,-0.00209,0.00000,0.01090,-90.021,-0.086,0
26.6480,-0.00047,0.00275,-0.00209,0.00000,0.00310,-90.021,-0.086,0
26.7000,-0.00047,-0.00505,-0.00209,0.00470,0.00000,-90.021,-0.087,1
26.7520,-0.00001,-0.01217,-0.00209,0.01250,0.00000,-88.989,-0.075,1
26.8040,0.00144,-0.01800,-0.00209,0.02030,0.00000,-86.068,-0.067,1
26.8560,0.00392,-0.02276,-0.00209,0.02810,0.00000,-82.437,-0.077,1
26.9080,0.00734,-0.02665,-0.00209,0.03590,0.00000,-78.766,-0.089,1
26.9600,0.01161,-0.02978,-0.00208,0.04370,0.00000,-75.121,-0.096,1
27.0120,0.01664,-0.03228,-0.00208,0.05150,0.00000,-71.547,-0.102,1
27.0640,0.02233,-0.03424,-0.00208,0.05930,0.00000,-68.045,-0.106,1
27.1160,0.02863,-0.03574,-0.00208,0.06710,0.00000,-64.606,-0.107,1
27.1680,0.03549,-0.03683,-0.00208,0.07490,0.00000,-61.220,-0.108,1
27.2200,0.04284,-0.03758,-0.00208,0.08270,0.00000,-57.878,-0.107,1
27.2720,0.05063,-0.03805,-0.00208,0.09050,0.00000,-54.574,-0.106,1
27.3240,0.05883,-0.03827,-0.00208,0.09830,0.00000,-51.301,-0.104,1
27.3760,0.06740,-0.03826,-0.00208,0.10610,0.00000,-48.053,-0.101,1
27.4280,0.07630,-0.03807,-0.00208,0.11390,0.00000,-44.827,-0.098,1
27.4800,0.08548,-0.03773,-0.00208,0.12170,0.00000,-41.620,-0.095,1
27.5320,0.09491,-0.03723,-0.00208,0.12950,0.00000,-38.427,-0.092,1
27.5840,0.10455,-0.03659,-0.00208,0.13730,0.00000,-35.248,-0.088,1
27.6360,0.11437,-0.03580,-0.00208,0.14510,0.00000,-32.080,-0.084,1
27.6880,0.12434,-0.03489,-0.00208,0.15290,0.00000,-28.923,-0.080,1
27.7400,0.13440,-0.03386,-0.00208,0.16070,0.00000,-25.775,-0.075,1
27.7920,0.14453,-0.03272,-0.00208,0.16850,0.00000,-22.635,-0.071,1
27.8440,0.15470,-0.03147,-0.00208,0.17630,0.00000,-19.503,-0.066,1
27.8960,0.16488,-0.03009,-0.00208,0.18410,0.00000,-16.378,-0.061,1
27.9480,0.17503,-0.02861,-0.00208,0.19190,0.00000,-13.260,-0.056,1
28.0000,0.18511,-0.02704,-0.00208,0.19970,0.00000,-10.151,-0.051,1
28.0520,0.19511,-0.02537,-0.00208,0.20750,0.00000,-7.051,-0.046,1
28.1040,0.20501,-0.02362,-0.00208,0.21530,0.00000,-3.984,-0.040,1
28.1560,0.21477,-0.02179,-0.00208,0.22310,0.00000,-1.219,-0.035,1
28.2080,0.22442,-0.01989,-0.00208,0.23090,0.00000,0.038,-0.031,1
28.2600,0.23392,-0.01791,-0.00208,0.23870,0.00000,0.177,-0.026,1
28.3120,0.24323,-0.01596,-0.00208,0.24650,0.00000,0.158,-0.019,1
28.3640,0.25235,-0.01412,-0.00208,0.25430,0.00000,0.140,-0.012,1
28.4160,0.26130,-0.01240,-0.00208,0.26210,0.00000,0.113,-0.006,1
28.4680,0.27008,-0.01079,-0.00209,0.26990,0.00000,0.087,-0.001,1
28.5200,0.27871,-0.00931,-0.00209,0.27770,0.00000,0.065,0.003,1
28.5720,0.28720,-0.00794,-0.00209,0.28550,0.00000,0.047,0.006,1
28.6240,0.29558,-0.00668,-0.00209,0.29330,0.00000,0.032,0.010,1
28.6760,0.30384,-0.00552,-0.00209,0.30110,0.00000,0.020,0.012,1
28.7280,0.31201,-0.00447,-0.00209,0.30890,0.00000,0.009,0.015,1
28.7800,0.32009,-0.00352,-0.00209,0.31670,0.00000,0.000,0.017,1
28.8320,0.32809,-0.00266,-0.00209,0.32450,0.00000,-0.007,0.019,1
28.8840,0.33601,-0.00190,-0.00209,0.33230,0.00000,-0.013,0.020,1
28.9360,0.34388,-0.00122,-0.00209,0.34010,0.00000,-0.018,0.021,1
28.9880,0.35170,-0.00062,-0.00210,0.34790,0.00000,-0.022,0.022,1
29.0400,0.35949,-0.00008,-0.00210,0.35570,0.00000,-0.025,0.023,1
29.0920,0.36723,0.00039,-0.00210,0.36350,0.00000,-0.028,0.024,1
29.1440,0.37494,0.00078,-0.00210,0.37130,0.00000,-0.031,0.025,1
29.1960,0.38262,0.00111,-0.00210,0.37910,0.00000,-0.032,0.025,1
29.2480,0.39029,0.00139,-0.00210,0.38690,0.00000,-0.033,0.026,1
29.3000,0.39794,0.00163,-0.00210,0.39470,0.00000,-0.034,0.026,1
29.3520,0.40558,0.00181,-0.00210,0.40250,0.00000,-0.035,0.026,1
29.4040,0.41322,0.00196,-0.00210,0.41030,0.00000,-0.036,0.027,1
29.4560,0.42085,0.00207,-0.00210,0.41810,0.00000,-0.036,0.027,1
29.5080,0.42849,0.00215,-0.00210,0.42590,0.00000,-0.037,0.027,1
29.5600,0.43612,0.00220,-0.00210,0.43370,0.00000,-0.037,0.028,1
29.6120,0.44375,0.00222,-0.00210,0.44150,0.00000,-0.037,0.028,1
29.6640,0.45138,0.00221,-0.00210,0.44930,0.00000,-0.037,0.029,1
29.7160,0.45902,0.00218,-0.00210,0.45710,0.00000,-0.037,0.029,1
29.7680,0.46667,0.00213,-0.00210,0.46490,0.00000,-0.037,0.029,1
29.8200,0.47432,0.00206,-0.00210,0.47270,0.00000,-0.036,0.029,1
29.8720,0.48197,0.00198,-0.00210,0.48050,0.00000,-0.036,0.029,1
29.9240,0.48963,0.00189,-0.00210,0.48830,0.00000,-0.035,0.029,1
29.9760,0.49731,0.00179,-0.00210,0.49610,0.00000,-0.034,0.029,1
30.0280,0.50499,0.00169,-0.00210,0.50390,0.00000,-0.033,0.029,1
30.0800,0.51268,0.00158,-0.00210,0.51170,0.00000,-0.033,0.029,1
30.1320,0.52038,0.00147,-0.00210,0.51950,0.00000,-0.032,0.029,1
30.1840,0.52809,0.00135,-0.00210,0.52730,0.00000,-0.031,0.029,1
30.2360,0.53581,0.00124,-0.00210,0.53510,0.00000,-0.031,0.029,1
30.2880,0.54354,0.00113,-0.00210,0.54290,0.00000,-0.030,0.029,1
30.3400,0.55127,0.00102,-0.00209,0.55070,0.00000,-0.030,0.029,1
30.3920,0.55901,0.00091,-0.00209,0.55850,0.00000,-0.029,0.029,1
30.4440,0.56676,0.00080,-0.00209,0.56630,0.00000,-0.029,0.029,1
30.4960,0.57451,0.00070,-0.00209,0.57410,0.00000,-0.029,0.029,1
30.5480,0.58227,0.00060,-0.00209,0.58190,0.00000,-0.028,0.029,1
30.6000,0.59004,0.00051,-0.00209,0.58970,0.00000,-0.028,0.029,1
30.6520,0.59781,0.00042,-0.00209,0.59750,0.00000,-0.028,0.029,1
30.7040,0.60559,0.00034,-0.00209,0.60530,0.00000,-0.028,0.029,1
30.7560,0.61337,0.00025,-0.00209,0.61310,0.00000,-0.028,0.029,1
30.8080,0.62114,0.00015,-0.00209,0.62090,0.00000,-0.027,0.029,1
30.8600,0.62892,0.00007,-0.00209,0.62870,0.00000,-0.026,0.029,1
30.9120,0.63671,-0.00000,-0.00209,0.63650,0.00000,-0.026,0.029,1
30.9640,0.64450,-0.00006,-0.00209,0.64430,0.00000,-0.025,0.029,1
31.0160,0.65230,-0.00012,-0.00209,0.65210,0.00000,-0.025,0.029,1
31.0680,0.66009,-0.00019,-0.00209,0.65990,0.00000,-0.025,0.029,1
31.1200,0.66788,-0.00025,-0.00209,0.66770,0.00000,-0.025,0.029,1
31.1720,0.67568,-0.00030,-0.00209,0.67550,0.00000,-0.025,0.029,1
31.2240,0.68348,-0.00035,-0.00209,0.68330,0.00000,-0.024,0.029,1
31.2760,0.69128,-0.00038,-0.00209,0.69110,0.00000,-0.024,0.029,1
31.3280,0.69909,-0.00042,-0.00209,0.69890,0.00000,-0.024,0.029,1
31.3800,0.70689,-0.00045,-0.00209,0.70670,0.00000,-0.024,0.029,1
31.4320,0.71469,-0.00048,-0.00209,0.71450,0.00000,-0.024,0.029,1
31.4840,0.72250,-0.00051,-0.00209,0.72230,0.00000,-0.024,0.029,1
31.5360,0.73031,-0.00052,-0.00209,0.73010,0.00000,-0.024,0.029,1
31.5880,0.73811,-0.00054,-0.00209,0.73790,0.00000,-0.024,0.029,1
31.6400,0.74592,-0.00056,-0.00209,0.74570,0.00000,-0.024,0.029,1
31.6920,0.75372,-0.00057,-0.00209,0.75350,0.00000,-0.024,0.029,1
31.7440,0.76153,-0.00058,-0.00209,0.76130,0.00000,-0.024,0.029,1
31.7960,0.76933,-0.00060,-0.00209,0.76910,0.00000,-0.024,0.029,1
31.8480,0.77714,-0.00061,-0.00209,0.77690,0.00000,-0.024,0.029,1
31.9000,0.78495,-0.00060,-0.00209,0.78470,0.00000,-0.024,0.029,1
31.9520,0.79275,-0.00061,-0.00209,0.79250,0.00000,-0.024,0.029,1
32.0040,0.80056,-0.00061,-0.00209,0.80030,0.00000,-0.024,0.029,1
32.0540,0.80806,-0.00061,-0.00209,0.80780,0.00000,-0.024,0.029,1
32.1040,0.81557,-0.00062,-0.00209,0.81530,0.00000,-0.024,0.029,1
32.1540,0.82307,-0.00062,-0.00209,0.82280,0.00000,-0.024,0.029,1
32.2040,0.83058,-0.00061,-0.00209,0.83030,0.00000,-0.024,0.029,1
32.2540,0.83808,-0.00060,-0.00209,0.83780,0.00000,-0.024,0.029,1
32.3040,0.84559,-0.00059,-0.00209,0.84530,0.00000,-0.024,0.029,1
32.3540,0.85310,-0.00058,-0.00209,0.85280,0.00000,-0.025,0.029,1
32.4040,0.86060,-0.00057,-0.00209,0.86030,0.00000,-0.025,0.030,1
32.4540,0.86810,-0.00057,-0.00209,0.86780,0.00000,-0.025,0.030,1
32.5040,0.87561,-0.00057,-0.00209,0.87530,0.00000,-0.025,0.029,1
32.5540,0.88311,-0.00057,-0.00209,0.88280,0.00000,-0.025,0.029,1
32.6040,0.89061,-0.00056,-0.00209,0.89030,0.00000,-0.025,0.029,1
32.6540,0.89811,-0.00056,-0.00209,0.89780,0.00000,-0.025,0.029,1
32.7040,0.90561,-0.00056,-0.00209,0.90530,0.00000,-0.025,0.029,1
32.7540,0.91311,-0.00056,-0.00209,0.91280,0.00000,-0.025,0.029,1
32.8040,0.92061,-0.00056,-0.00209,0.92030,0.00000,-0.025,0.029,1
32.8540,0.92810,-0.00057,-0.00209,0.92780,0.00000,-0.024,0.029,1
32.9040,0.93560,-0.00056,-0.00209,0.93530,0.00000,-0.024,0.029,1
32.9540,0.94310,-0.00056,-0.00209,0.94280,0.00000,-0.024,0.029,1
33.0040,0.95060,-0.00056,-0.00209,0.95030,0.00000,-0.024,0.029,1
33.0540,0.95811,-0.00055,-0.00209,0.95780,0.00000,-0.024,0.029,1
33.1040,0.96561,-0.00054,-0.00209,0.96530,0.00000,-0.025,0.029,1
33.1540,0.97310,-0.00055,-0.00209,0.97280,0.00000,-0.025,0.029,1
33.2040,0.98060,-0.00056,-0.00209,0.98030,0.00000,-0.025,0.029,1
33.2540,0.98810,-0.00055,-0.00209,0.98780,0.00000,-0.024,0.029,1
33.3040,0.99561,-0.00054,-0.00209,0.99530,0.00000,-0.024,0.029,1
33.3540,1.00310,-0.00053,-0.00209,1.00000,0.00280,-0.023,0.029,1
33.4040,1.00987,-0.00005,-0.00209,1.00000,0.01030,1.059,0.042,1
33.4540,1.01545,0.00119,-0.00209,1.00000,0.01780,3.816,0.047,1
33.5040,1.02000,0.00317,-0.00209,1.00000,0.02530,7.219,0.036,1
33.5540,1.02369,0.00589,-0.00208,1.00000,0.03280,10.669,0.026,1
33.6040,1.02663,0.00930,-0.00208,1.00000,0.04030,14.111,0.019,1
33.6540,1.02894,0.01336,-0.00208,1.00000,0.04780,17.498,0.013,1
33.7040,1.03073,0.01801,-0.00208,1.00000,0.05530,20.830,0.010,1
33.7540,1.03207,0.02321,-0.00208,1.00000,0.06280,24.111,0.007,1
33.8040,1.03303,0.02889,-0.00207,1.00000,0.07030,27.348,0.006,1
33.8540,1.03370,0.03502,-0.00207,1.00000,0.07780,30.548,0.006,1
33.9040,1.03413,0.04157,-0.00207,1.00000,0.08530,33.717,0.007,1
33.9540,1.03435,0.04849,-0.00207,1.00000,0.09280,36.858,0.009,1
34.0040,1.03441,0.05575,-0.00207,1.00000,0.10030,39.976,0.011,1
34.0540,1.03434,0.06333,-0.00207,1.00000,0.10780,43.074,0.014,1
34.1040,1.03417,0.07121,-0.00207,1.00000,0.11530,46.156,0.016,1
34.1540,1.03391,0.07936,-0.00207,1.00000,0.12280,49.223,0.019,1
34.2040,1.03356,0.08774,-0.00207,1.00000,0.13030,52.279,0.022,1
34.2540,1.03314,0.09634,-0.00207,1.00000,0.13780,55.324,0.026,1
34.3040,1.03264,0.10512,-0.00207,1.00000,0.14530,58.362,0.029,1
34.3540,1.03206,0.11406,-0.00207,1.00000,0.15280,61.392,0.032,1
34.4040,1.03140,0.12314,-0.00207,1.00000,0.16030,64.418,0.035,1
34.4540,1.03066,0.13234,-0.00207,1.00000,0.16780,67.439,0.037,1
34.5040,1.02983,0.14163,-0.00207,1.00000,0.17530,70.458,0.039,1
34.5540,1.02891,0.15098,-0.00207,1.00000,0.18280,73.476,0.041,1
34.6040,1.02790,0.16039,-0.00207,1.00000,0.19030,76.494,0.043,1
34.6540,1.02679,0.16983,-0.00207,1.00000,0.19780,79.513,0.045,1
34.7040,1.02558,0.17928,-0.00207,1.00000,0.20530,82.533,0.046,1
34.7540,1.02425,0.18872,-0.00207,1.00000,0.21280,85.534,0.047,1
34.8040,1.02280,0.19812,-0.00207,1.00000,0.22030,88.279,0.047,1
34.8540,1.02124,0.20743,-0.00207,1.00000,0.22780,89.670,0.049,1
34.9040,1.01956,0.21660,-0.00207,1.00000,0.23530,89.908,0.052,1
34.9540,1.01783,0.22565,-0.00207,1.00000,0.24280,89.949,0.052,1
35.0040,1.01616,0.23465,-0.00207,1.00000,0.25030,89.981,0.050,1
35.0540,1.01457,0.24359,-0.00207,1.00000,0.25780,89.994,0.048,1
35.1040,1.01306,0.25248,-0.00207,1.00000,0.26530,89.999,0.046,1
35.1540,1.01164,0.26130,-0.00207,1.00000,0.27280,90.002,0.044,1
35.2040,1.01030,0.27005,-0.00207,1.00000,0.28030,90.005,0.043,1
35.2540,1.00904,0.27873,-0.00207,1.00000,0.28780,90.006,0.042,1
35.3040,1.00786,0.28733,-0.00207,1.00000,0.29530,90.007,0.040,1
35.3540,1.00676,0.29585,-0.00207,1.00000,0.30280,90.007,0.039,1
35.4040,1.00575,0.30431,-0.00207,1.00000,0.31030,90.007,0.038,1
35.4540,1.00481,0.31269,-0.00207,1.00000,0.31780,90.007,0.038,1
35.5040,1.00395,0.32099,-0.00208,1.00000,0.32530,90.006,0.037,1
35.5540,1.00316,0.32923,-0.00208,1.00000,0.33280,90.006,0.037,1
35.6040,1.00244,0.33740,-0.00208,1.00000,0.34030,90.006,0.036,1
35.6540,1.00178,0.34550,-0.00208,1.00000,0.34780,90.005,0.036,1
35.7040,1.00118,0.35354,-0.00208,1.00000,0.35530,90.005,0.035,1
35.7540,1.00064,0.36152,-0.00208,1.00000,0.36280,90.005,0.035,1
35.8040,1.00016,0.36945,-0.00208,1.00000,0.37030,90.005,0.034,1
35.8540,0.99974,0.37733,-0.00208,1.00000,0.37780,90.005,0.034,1
35.9040,0.99937,0.38516,-0.00208,1.00000,0.38530,90.005,0.034,1
35.9540,0.99904,0.39294,-0.00208,1.00000,0.39280,90.005,0.034,1
36.0040,0.99875,0.40069,-0.00208,1.00000,0.40030,90.006,0.033,1
36.0540,0.99850,0.40840,-0.00208,1.00000,0.40780,90.006,0.033,1
36.1040,0.99829,0.41607,-0.00208,1.00000,0.41530,90.006,0.033,1
36.1540,0.99811,0.42371,-0.00208,1.00000,0.42280,90.007,0.033,1
36.2040,0.99796,0.43132,-0.00208,1.00000,0.43030,90.007,0.032,1
36.2540,0.99786,0.43892,-0.00208,1.00000,0.43780,90.007,0.032,1
36.3040,0.99777,0.44649,-0.00208,1.00000,0.44530,90.008,0.032,1
36.3540,0.99771,0.45404,-0.00208,1.00000,0.45280,90.009,0.032,1
36.4040,0.99766,0.46157,-0.00208,1.00000,0.46030,90.009,0.032,1
36.4540,0.99764,0.46909,-0.00208,1.00000,0.46780,90.010,0.032,1
36.5040,0.99763,0.47659,-0.00209,1.00000,0.47530,90.011,0.032,1
36.5540,0.99764,0.48408,-0.00209,1.00000,0.48280,90.011,0.032,1
36.6040,0.99766,0.49157,-0.00209,1.00000,0.49030,90.012,0.032,1
36.6540,0.99771,0.49905,-0.00209,1.00000,0.49780,90.013,0.032,1
36.7040,0.99775,0.50653,-0.00209,1.00000,0.50530,90.014,0.032,1
36.7540,0.99780,0.51399,-0.00209,1.00000,0.51280,90.015,0.032,1
36.8040,0.99786,0.52145,-0.00209,1.00000,0.52030,90.015,0.032,1
36.8540,0.99793,0.52891,-0.00209,1.00000,0.52780,90.016,0.032,1
36.9040,0.99800,0.53637,-0.00209,1.00000,0.53530,90.017,0.032,1
36.9540,0.99806,0.54382,-0.00209,1.00000,0.54280,90.017,0.032,1
37.0040,0.99814,0.55127,-0.00209,1.00000,0.55030,90.018,0.032,1
37.0540,0.99822,0.55873,-0.00209,1.00000,0.55780,90.018,0.032,1
37.1040,0.99830,0.56619,-0.00209,1.00000,0.56530,90.019,0.032,1
37.1540,0.99837,0.57364,-0.00209,1.00000,0.57280,90.020,0.032,1
37.2040,0.99844,0.58109,-0.00209,1.00000,0.58030,90.020,0.032,1
37.2540,0.99851,0.58854,-0.00209,1.00000,0.58780,90.020,0.032,1
37.3040,0.99858,0.59600,-0.00209,1.00000,0.59530,90.020,0.032,1
37.3540,0.99864,0.60345,-0.00209,1.00000,0.60280,90.020,0.032,1
37.4040,0.99871,0.61092,-0.00209,1.00000,0.61030,90.020,0.032,1
37.4540,0.99878,0.61838,-0.00209,1.00000,0.61780,90.021,0.032,1
37.5040,0.99884,0.62585,-0.00209,1.00000,0.62530,90.021,0.032,1
37.5540,0.99891,0.63332,-0.00209,1.00000,0.63280,90.021,0.032,1
37.6040,0.99897,0.64079,-0.00209,1.00000,0.64030,90.022,0.032,1
37.6540,0.99904,0.64827,-0.00209,1.00000,0.64780,90.022,0.032,1
37.7040,0.99910,0.65575,-0.00209,1.00000,0.65530,90.023,0.032,1
37.7540,0.99914,0.66322,-0.00209,1.00000,0.66280,90.023,0.032,1
37.8040,0.99917,0.67070,-0.00209,1.00000,0.67030,90.023,0.032,1
37.8540,0.99922,0.67818,-0.00209,1.00000,0.67780,90.023,0.032,1
37.9040,0.99926,0.68566,-0.00209,1.00000,0.68530,90.023,0.032,1
37.9540,0.99930,0.69315,-0.00209,1.00000,0.69280,90.023,0.032,1
38.0040,0.99933,0.70063,-0.00209,1.00000,0.70030,90.023,0.032,1
38.0540,0.99935,0.70812,-0.00209,1.00000,0.70780,90.023,0.032,1
38.1040,0.99938,0.71560,-0.00209,1.00000,0.71530,90.023,0.032,1
38.1540,0.99940,0.72309,-0.00209,1.00000,0.72280,90.023,0.032,1
38.2040,0.99942,0.73058,-0.00209,1.00000,0.73030,90.023,0.032,1
38.2540,0.99944,0.73807,-0.00209,1.00000,0.73780,90.023,0.032,1
38.3040,0.99946,0.74557,-0.00209,1.00000,0.74530,90.023,0.032,1
38.3540,0.99948,0.75307,-0.00209,1.00000,0.75280,90.023,0.032,1
38.4040,0.99949,0.76056,-0.00209,1.00000,0.76030,90.023,0.032,1
38.4540,0.99951,0.76806,-0.00209,1.00000,0.76780,90.023,0.032,1
38.5040,0.99952,0.77556,-0.00209,1.00000,0.77530,90.023,0.032,1
38.5540,0.99953,0.78306,-0.00209,1.00000,0.78280,90.023,0.032,1
38.6040,0.99955,0.79056,-0.00209,1.00000,0.79030,90.023,0.032,1
38.6540,0.99956,0.79806,-0.00209,1.00000,0.79780,90.023,0.032,1
38.7040,0.99956,0.80556,-0.00209,1.00000,0.80530,90.023,0.032,1
38.7540,0.99956,0.81306,-0.00209,1.00000,0.81280,90.023,0.032,1
38.8040,0.99957,0.82056,-0.00209,1.00000,0.82030,90.023,0.032,1
38.8540,0.99957,0.82806,-0.00209,1.00000,0.82780,90.023,0.031,1
38.9040,0.99958,0.83556,-0.00209,1.00000,0.83530,90.023,0.031,1
38.9540,0.99958,0.84306,-0.00209,1.00000,0.84280,90.023,0.032,1
39.0040,0.99958,0.85056,-0.00209,1.00000,0.85030,90.023,0.032,1
39.0540,0.99959,0.85807,-0.00209,1.00000,0.85780,90.023,0.032,1
39.1040,0.99959,0.86557,-0.00209,1.00000,0.86530,90.023,0.032,1
39.1540,0.99959,0.87308,-0.00209,1.00000,0.87280,90.023,0.032,1
39.2040,0.99959,0.88057,-0.00209,1.00000,0.88030,90.023,0.032,1
39.2540,0.99958,0.88807,-0.00209,1.00000,0.88780,90.023,0.032,1
39.3040,0.99958,0.89557,-0.00209,1.00000,0.89530,90.023,0.032,1
39.3540,0.99958,0.90308,-0.00209,1.00000,0.90280,90.022,0.032,1
39.4040,0.99957,0.91057,-0.00209,1.00000,0.91030,90.022,0.032,1
39.4540,0.99956,0.91807,-0.00209,1.00000,0.91780,90.022,0.031,1
39.5040,0.99956,0.92557,-0.00209,1.00000,0.92530,90.022,0.031,1
39.5540,0.99956,0.93307,-0.00209,1.00000,0.93280,90.022,0.031,1
39.6040,0.99955,0.94057,-0.00209,1.00000,0.94030,90.022,0.031,1
39.6540,0.99954,0.94807,-0.00209,1.00000,0.94780,90.022,0.031,1
39.7040,0.99953,0.95557,-0.00209,1.00000,0.95530,90.022,0.031,1
39.7540,0.99954,0.96307,-0.00209,1.00000,0.96280,90.021,0.031,1
39.8040,0.99954,0.97057,-0.00209,1.00000,0.97030,90.021,0.031,1
39.8540,0.99953,0.97807,-0.00209,1.00000,0.97780,90.021,0.031,1
39.9040,0.99953,0.98557,-0.00209,1.00000,0.98530,90.021,0.031,1
39.9540,0.99953,0.99307,-0.00209,1.00000,0.99280,90.021,0.031,1
40.0040,0.99952,1.00057,-0.00209,0.99970,1.00000,90.023,0.031,1
40.0540,0.99906,1.00741,-0.00209,0.99220,1.00000,91.106,0.044,1
40.1040,0.99787,1.01322,-0.00209,0.98470,1.00000,93.767,0.052,1
40.1540,0.99599,1.01804,-0.00208,0.97720,1.00000,97.036,0.047,1
40.2040,0.99345,1.02193,-0.00208,0.96970,1.00000,100.382,0.044,1
40.2540,0.99027,1.02496,-0.00208,0.96220,1.00000,103.735,0.045,1
40.3040,0.98653,1.02724,-0.00208,0.95470,1.00000,107.047,0.046,1
40.3540,0.98228,1.02891,-0.00207,0.94720,1.00000,110.315,0.047,1
40.4040,0.97756,1.03007,-0.00207,0.93970,1.00000,113.541,0.049,1
40.4540,0.97242,1.03082,-0.00207,0.93220,1.00000,116.731,0.050,1
40.5040,0.96687,1.03123,-0.00207,0.92470,1.00000,119.891,0.052,1
40.5540,0.96094,1.03139,-0.00207,0.91720,1.00000,123.025,0.053,1
40.6040,0.95467,1.03135,-0.00206,0.90970,1.00000,126.138,0.055,1
40.6540,0.94805,1.03116,-0.00206,0.90220,1.00000,129.234,0.056,1
40.7040,0.94111,1.03085,-0.00206,0.89470,1.00000,132.314,0.056,1
40.7540,0.93387,1.03045,-0.00206,0.88720,1.00000,135.381,0.057,1
40.8040,0.92633,1.02997,-0.00206,0.87970,1.00000,138.437,0.057,1
40.8540,0.91851,1.02941,-0.00206,0.87220,1.00000,141.485,0.056,1
40.9040,0.91042,1.02879,-0.00206,0.86470,1.00000,144.525,0.054,1
40.9540,0.90208,1.02810,-0.00206,0.85720,1.00000,147.559,0.052,1
41.0040,0.89352,1.02736,-0.00206,0.84970,1.00000,150.590,0.049,1
41.0540,0.88477,1.02656,-0.00206,0.84220,1.00000,153.620,0.046,1
41.1040,0.87584,1.02569,-0.00206,0.83470,1.00000,156.650,0.042,1
41.1540,0.86675,1.02473,-0.00206,0.82720,1.00000,159.684,0.037,1
41.2040,0.85753,1.02368,-0.00206,0.81970,1.00000,162.722,0.031,1
41.2540,0.84820,1.02253,-0.00206,0.81220,1.00000,165.767,0.025,1
41.3040,0.83878,1.02128,-0.00206,0.80470,1.00000,168.822,0.019,1
41.3540,0.82930,1.01991,-0.00206,0.79720,1.00000,171.889,0.012,1
41.4040,0.81979,1.01843,-0.00206,0.78970,1.00000,174.950,0.004,1
41.4540,0.81027,1.01685,-0.00206,0.78220,1.00000,177.796,-0.003,1
41.5040,0.80083,1.01520,-0.00206,0.77470,1.00000,179.257,-0.008,1
41.5540,0.79153,1.01357,-0.00206,0.76720,1.00000,179.547,-0.013,1
41.6040,0.78230,1.01199,-0.00206,0.75970,1.00000,179.653,-0.020,1
41.6540,0.77310,1.01050,-0.00206,0.75220,1.00000,179.741,-0.029,1
41.7040,0.76394,1.00911,-0.00206,0.74470,1.00000,179.801,-0.037,1
41.7540,0.75482,1.00781,-0.00206,0.73720,1.00000,179.844,-0.044,1
41.8040,0.74576,1.00662,-0.00206,0.72970,1.00000,179.880,-0.050,1
41.8540,0.73676,1.00551,-0.00206,0.72220,1.00000,179.909,-0.055,1
41.9040,0.72782,1.00448,-0.00206,0.71470,1.00000,179.932,-0.060,1
41.9540,0.71895,1.00354,-0.00206,0.70720,1.00000,179.950,-0.064,1
42.0040,0.71017,1.00268,-0.00206,0.69970,1.00000,179.965,-0.067,1
42.0540,0.70145,1.00190,-0.00206,0.69220,1.00000,179.976,-0.070,1
42.1040,0.69282,1.00120,-0.00206,0.68470,1.00000,179.986,-0.073,1
42.1540,0.68427,1.00058,-0.00206,0.67720,1.00000,179.993,-0.075,1
42.2040,0.67580,1.00001,-0.00205,0.66970,1.00000,179.999,-0.077,1
42.2540,0.66740,0.99950,-0.00205,0.66220,1.00000,-179.996,-0.078,1
42.3040,0.65919,0.99722,-0.00206,0.65470,1.00000,-179.598,-0.079,1
42.3540,0.65110,0.99505,-0.00202,0.64720,1.00000,-179.453,-0.077,1
42.4040,0.64309,0.99358,-0.00198,0.63970,1.00000,-179.616,-0.071,1
42.4540,0.63514,0.99229,-0.00194,0.63220,1.00000,-179.663,-0.068,1
42.5040,0.62722,0.99123,-0.00191,0.62470,1.00000,-179.708,-0.070,1
42.5540,0.61934,0.99036,-0.00188,0.61720,1.00000,-179.756,-0.072,1
42.6040,0.61147,0.98965,-0.00185,0.60970,1.00000,-179.795,-0.074,1
42.6540,0.60364,0.98910,-0.00183,0.60220,1.00000,-179.827,-0.075,1
42.7040,0.59584,0.98870,-0.00182,0.59470,1.00000,-179.855,-0.076,1
42.7540,0.58808,0.98844,-0.00180,0.58720,1.00000,-179.877,-0.077,1
42.8040,0.58033,0.98828,-0.00179,0.57970,1.00000,-179.896,-0.078,1
42.8540,0.57261,0.98823,-0.00178,0.57220,1.00000,-179.912,-0.078,1
42.9040,0.56492,0.98826,-0.00178,0.56470,1.00000,-179.925,-0.079,1
42.9540,0.55724,0.98837,-0.00177,0.55720,1.00000,-179.936,-0.079,1
43.0040,0.54959,0.98855,-0.00177,0.54970,1.00000,-179.946,-0.079,1
43.0540,0.54196,0.98880,-0.00177,0.54220,1.00000,-179.953,-0.079,1
43.1040,0.53435,0.98910,-0.00178,0.53470,1.00000,-179.960,-0.080,1
43.1540,0.52675,0.98942,-0.00178,0.52720,1.00000,-179.965,-0.080,1
43.2040,0.51916,0.98979,-0.00178,0.51970,1.00000,-179.969,-0.080,1
43.2540,0.51159,0.99018,-0.00179,0.51220,1.00000,-179.973,-0.080,1
43.3040,0.50404,0.99060,-0.00180,0.50470,1.00000,-179.976,-0.080,1
43.3540,0.49649,0.99103,-0.00180,0.49720,1.00000,-179.978,-0.080,1
43.4040,0.48896,0.99148,-0.00181,0.48970,1.00000,-179.980,-0.080,1
43.4540,0.48143,0.99193,-0.00182,0.48220,1.00000,-179.982,-0.080,1
43.5040,0.47391,0.99238,-0.00183,0.47470,1.00000,-179.983,-0.080,1
43.5540,0.46640,0.99282,-0.00184,0.46720,1.00000,-179.984,-0.080,1
43.6040,0.45889,0.99327,-0.00185,0.45970,1.00000,-179.985,-0.079,1
43.6540,0.45140,0.99372,-0.00186,0.45220,1.00000,-179.985,-0.079,1
43.7040,0.44391,0.99415,-0.00187,0.44470,1.00000,-179.985,-0.079,1
43.7540,0.43642,0.99457,-0.00188,0.43720,1.00000,-179.985,-0.079,1
43.8040,0.42893,0.99497,-0.00189,0.42970,1.00000,-179.985,-0.079,1
43.8540,0.42144,0.99536,-0.00190,0.42220,1.00000,-179.985,-0.079,1
43.9040,0.41395,0.99572,-0.00191,0.41470,1.00000,-179.985,-0.079,1
43.9540,0.40647,0.99608,-0.00192,0.40720,1.00000,-179.985,-0.079,1
44.0040,0.39900,0.99643,-0.00193,0.39970,1.00000,-179.985,-0.079,1
44.0540,0.39152,0.99675,-0.00194,0.39220,1.00000,-179.984,-0.079,1
44.1040,0.38404,0.99706,-0.00195,0.38470,1.00000,-179.984,-0.079,1
44.1540,0.37656,0.99733,-0.00196,0.37720,1.00000,-179.984,-0.079,1
44.2040,0.36908,0.99760,-0.00197,0.36970,1.00000,-179.983,-0.079,1
44.2540,0.36160,0.99785,-0.00198,0.36220,1.00000,-179.983,-0.079,1
44.3040,0.35412,0.99809,-0.00198,0.35470,1.00000,-179.983,-0.079,1
44.3540,0.34664,0.99830,-0.00199,0.34720,1.00000,-179.982,-0.079,1
44.4040,0.33916,0.99850,-0.00200,0.33970,1.00000,-179.982,-0.079,1
44.4540,0.33168,0.99868,-0.00201,0.33220,1.00000,-179.981,-0.079,1
44.5040,0.32421,0.99886,-0.00201,0.32470,1.00000,-179.981,-0.079,1
44.5540,0.31672,0.99901,-0.00202,0.31720,1.00000,-179.981,-0.079,1
44.6040,0.30924,0.99914,-0.00203,0.30970,1.00000,-179.980,-0.079,1
44.6540,0.30176,0.99927,-0.00203,0.30220,1.00000,-179.980,-0.079,1
44.7040,0.29427,0.99939,-0.00204,0.29470,1.00000,-179.980,-0.079,1
44.7540,0.28679,0.99949,-0.00204,0.28720,1.00000,-179.979,-0.080,1
44.8040,0.27930,0.99958,-0.00205,0.27970,1.00000,-179.979,-0.080,1
44.8540,0.27181,0.99965,-0.00205,0.27220,1.00000,-179.979,-0.080,1
44.9040,0.26432,0.99971,-0.00206,0.26470,1.00000,-179.978,-0.080,1
44.9540,0.25683,0.99976,-0.00206,0.25720,1.00000,-179.978,-0.080,1
45.0040,0.24933,0.99980,-0.00206,0.24970,1.00000,-179.978,-0.079,1
45.0540,0.24183,0.99984,-0.00207,0.24220,1.00000,-179.978,-0.079,1
45.1040,0.23435,0.99988,-0.00207,0.23470,1.00000,-179.978,-0.079,1
45.1540,0.22685,0.99991,-0.00207,0.22720,1.00000,-179.977,-0.080,1
45.2040,0.21936,0.99993,-0.00208,0.21970,1.00000,-179.977,-0.080,1
45.2540,0.21186,0.99995,-0.00208,0.21220,1.00000,-179.977,-0.080,1
45.3040,0.20437,0.99996,-0.00208,0.20470,1.00000,-179.977,-0.080,1
45.3540,0.19687,0.99997,-0.00208,0.19720,1.00000,-179.977,-0.080,1
45.4040,0.18937,0.99996,-0.00209,0.18970,1.00000,-179.976,-0.080,1
45.4540,0.18188,0.99996,-0.00209,0.18220,1.00000,-179.976,-0.080,1
45.5040,0.17438,0.99996,-0.00209,0.17470,1.00000,-179.976,-0.080,1
45.5540,0.16688,0.99995,-0.00209,0.16720,1.00000,-179.976,-0.080,1
45.6040,0.15939,0.99994,-0.00209,0.15970,1.00000,-179.976,-0.080,1
45.6540,0.15189,0.99993,-0.00209,0.15220,1.00000,-179.976,-0.080,1
45.7040,0.14438,0.99991,-0.00209,0.14470,1.00000,-179.976,-0.080,1
45.7540,0.13688,0.99988,-0.00209,0.13720,1.00000,-179.976,-0.080,1
45.8040,0.12938,0.99987,-0.00209,0.12970,1.00000,-179.976,-0.080,1
45.8540,0.12188,0.99985,-0.00210,0.12220,1.00000,-179.976,-0.080,1
45.9040,0.11437,0.99983,-0.00210,0.11470,1.00000,-179.976,-0.080,1
45.9540,0.10687,0.99981,-0.00210,0.10720,1.00000,-179.976,-0.080,1
46.0040,0.09938,0.99980,-0.00210,0.09970,1.00000,-179.976,-0.080,1
46.0540,0.09188,0.99978,-0.00210,0.09220,1.00000,-179.976,-0.080,1
46.1040,0.08438,0.99976,-0.00210,0.08470,1.00000,-179.976,-0.080,1
46.1540,0.07688,0.99974,-0.00210,0.07720,1.00000,-179.976,-0.080,1
46.2040,0.06937,0.99972,-0.00210,0.06970,1.00000,-179.976,-0.080,1
46.2540,0.06187,0.99970,-0.00210,0.06220,1.00000,-179.976,-0.080,1
46.3040,0.05437,0.99969,-0.00210,0.05470,1.00000,-179.976,-0.080,1
46.3540,0.04687,0.99967,-0.00210,0.04720,1.00000,-179.976,-0.080,1
46.4040,0.03937,0.99966,-0.00210,0.03970,1.00000,-179.976,-0.080,1
46.4540,0.03187,0.99964,-0.00210,0.03220,1.00000,-179.976,-0.080,1
46.5040,0.02437,0.99963,-0.00210,0.02470,1.00000,-179.976,-0.080,1
46.5540,0.01687,0.99961,-0.00210,0.01720,1.00000,-179.976,-0.080,1
46.6040,0.00937,0.99960,-0.00210,0.00970,1.00000,-179.976,-0.080,1
46.6540,0.00187,0.99959,-0.00210,0.00220,1.00000,-179.976,-0.080,1
46.7040,-0.00562,0.99958,-0.00209,0.00000,0.99470,-179.974,-0.080,1
46.7540,-0.01244,0.99907,-0.00209,0.00000,0.98720,-178.926,-0.066,1
46.8040,-0.01819,0.99766,-0.00209,0.00000,0.97970,-176.146,-0.057,1
46.8540,-0.02298,0.99534,-0.00209,0.00000,0.97220,-172.643,-0.063,1
46.9040,-0.02685,0.99222,-0.00209,0.00000,0.96470,-169.077,-0.068,1
46.9540,-0.02990,0.98837,-0.00209,0.00000,0.95720,-165.525,-0.069,1
47.0040,-0.03223,0.98388,-0.00209,0.00000,0.94970,-162.044,-0.069,1
47.0540,-0.03395,0.97881,-0.00209,0.00000,0.94220,-158.638,-0.070,1
47.1040,-0.03516,0.97322,-0.00209,0.00000,0.93470,-155.302,-0.070,1
47.1540,-0.03594,0.96712,-0.00209,0.00000,0.92720,-152.024,-0.070,1
47.2040,-0.03637,0.96057,-0.00209,0.00000,0.91970,-148.796,-0.071,1
47.2540,-0.03651,0.95358,-0.00209,0.00000,0.91220,-145.608,-0.072,1
47.3040,-0.03642,0.94620,-0.00209,0.00000,0.90470,-142.455,-0.074,1
47.3540,-0.03612,0.93844,-0.00209,0.00000,0.89720,-139.329,-0.076,1
47.4040,-0.03565,0.93034,-0.00209,0.00000,0.88970,-136.227,-0.078,1
47.4540,-0.03502,0.92192,-0.00209,0.00000,0.88220,-133.144,-0.081,1
47.5040,-0.03426,0.91321,-0.00209,0.00000,0.87470,-130.077,-0.085,1
47.5540,-0.03337,0.90423,-0.00209,0.00000,0.86720,-127.024,-0.089,1
47.6040,-0.03236,0.89501,-0.00208,0.00000,0.85970,-123.982,-0.093,1
47.6540,-0.03124,0.88558,-0.00208,0.00000,0.85220,-120.949,-0.097,1
47.7040,-0.03002,0.87598,-0.00208,0.00000,0.84470,-117.924,-0.101,1
47.7540,-0.02869,0.86624,-0.00208,0.00000,0.83720,-114.904,-0.105,1
47.8040,-0.02726,0.85639,-0.00208,0.00000,0.82970,-111.891,-0.109,1
47.8540,-0.02572,0.84648,-0.00208,0.00000,0.82220,-108.883,-0.113,1
47.9040,-0.02410,0.83653,-0.00208,0.00000,0.81470,-105.879,-0.116,1
47.9540,-0.02240,0.82658,-0.00207,0.00000,0.80720,-102.881,-0.119,1
48.0040,-0.02061,0.81667,-0.00207,0.00000,0.79970,-99.888,-0.121,1
48.0540,-0.01875,0.80682,-0.00207,0.00000,0.79220,-96.904,-0.122,1
48.1040,-0.01684,0.79707,-0.00207,0.00000,0.78470,-93.951,-0.123,1
48.1540,-0.01490,0.78743,-0.00207,0.00000,0.77720,-91.280,-0.123,1
48.2040,-0.01296,0.77792,-0.00206,0.00000,0.76970,-89.943,-0.124,1
48.2540,-0.01110,0.76857,-0.00206,0.00000,0.76220,-89.756,-0.123,1
48.3040,-0.00936,0.75940,-0.00206,0.00000,0.75470,-89.781,-0.121,1
48.3540,-0.00777,0.75043,-0.00206,0.00000,0.74720,-89.802,-0.119,1
48.4040,-0.00630,0.74164,-0.00206,0.00000,0.73970,-89.829,-0.117,1
48.4540,-0.00497,0.73302,-0.00206,0.00000,0.73220,-89.857,-0.115,1
48.5040,-0.00377,0.72454,-0.00206,0.00000,0.72470,-89.880,-0.112,1
48.5540,-0.00269,0.71620,-0.00206,0.00000,0.71720,-89.900,-0.110,1
48.6040,-0.00172,0.70800,-0.00206,0.00000,0.70970,-89.917,-0.109,1
48.6540,-0.00086,0.69991,-0.00206,0.00000,0.70220,-89.931,-0.107,1
48.7040,-0.00009,0.69193,-0.00206,0.00000,0.69470,-89.944,-0.105,1
48.7540,0.00058,0.68404,-0.00206,0.00000,0.68720,-89.954,-0.104,1
48.8040,0.00116,0.67624,-0.00207,0.00000,0.67970,-89.963,-0.102,1
48.8540,0.00166,0.66852,-0.00207,0.00000,0.67220,-89.971,-0.101,1
48.9040,0.00207,0.66086,-0.00207,0.00000,0.66470,-89.978,-0.100,1
48.9540,0.00242,0.65325,-0.00207,0.00000,0.65720,-89.984,-0.099,1
49.0040,0.00270,0.64570,-0.00207,0.00000,0.64970,-89.990,-0.098,1
49.0540,0.00292,0.63819,-0.00207,0.00000,0.64220,-89.994,-0.096,1
49.1040,0.00310,0.63072,-0.00207,0.00000,0.63470,-89.998,-0.095,1
49.1540,0.00323,0.62328,-0.00208,0.00000,0.62720,-90.002,-0.094,1
49.2040,0.00331,0.61587,-0.00208,0.00000,0.61970,-90.005,-0.094,1
49.2540,0.00336,0.60849,-0.00208,0.00000,0.61220,-90.008,-0.093,1
49.3040,0.00338,0.60112,-0.00208,0.00000,0.60470,-90.010,-0.092,1
49.3540,0.00336,0.59377,-0.00208,0.00000,0.59720,-90.013,-0.091,1
49.4040,0.00332,0.58642,-0.00208,0.00000,0.58970,-90.015,-0.091,1
49.4540,0.00326,0.57909,-0.00208,0.00000,0.58220,-90.016,-0.091,1
49.5040,0.00318,0.57176,-0.00208,0.00000,0.57470,-90.018,-0.090,1
49.5540,0.00309,0.56443,-0.00208,0.00000,0.56720,-90.019,-0.090,1
49.6040,0.00298,0.55711,-0.00209,0.00000,0.55970,-90.020,-0.090,1
49.6540,0.00285,0.54978,-0.00209,0.00000,0.55220,-90.022,-0.090,1
49.7040,0.00272,0.54245,-0.00209,0.00000,0.54470,-90.022,-0.089,1
49.7540,0.00257,0.53511,-0.00209,0.00000,0.53720,-90.023,-0.089,1
49.8040,0.00242,0.52776,-0.00209,0.00000,0.52970,-90.024,-0.089,1
49.8540,0.00227,0.52041,-0.00209,0.00000,0.52220,-90.024,-0.089,1
49.9040,0.00211,0.51305,-0.00209,0.00000,0.51470,-90.025,-0.089,1
49.9540,0.00196,0.50568,-0.00209,0.00000,0.50720,-90.025,-0.088,1
50.0040,0.00181,0.49831,-0.00209,0.00000,0.49970,-90.026,-0.088,1
50.0540,0.00165,0.49093,-0.00209,0.00000,0.49220,-90.026,-0.088,1
50.1040,0.00150,0.48354,-0.00209,0.00000,0.48470,-90.026,-0.088,1
50.1540,0.00136,0.47614,-0.00209,0.00000,0.47720,-90.026,-0.088,1
50.2040,0.00122,0.46875,-0.00209,0.00000,0.46970,-90.026,-0.088,1
50.2540,0.00110,0.46134,-0.00209,0.00000,0.46220,-90.026,-0.088,1
50.3040,0.00097,0.45392,-0.00209,0.00000,0.45470,-90.026,-0.089,1
50.3540,0.00084,0.44650,-0.00209,0.00000,0.44720,-90.026,-0.089,1
50.4040,0.00071,0.43906,-0.00209,0.00000,0.43970,-90.026,-0.089,1
50.4540,0.00059,0.43162,-0.00209,0.00000,0.43220,-90.026,-0.089,1
50.5040,0.00048,0.42417,-0.00209,0.00000,0.42470,-90.026,-0.088,1
50.5540,0.00038,0.41672,-0.00209,0.00000,0.41720,-90.025,-0.088,1
50.6040,0.00028,0.40926,-0.00209,0.00000,0.40970,-90.025,-0.088,1
50.6540,0.00019,0.40179,-0.00209,0.00000,0.40220,-90.025,-0.088,1
50.7040,0.00010,0.39432,-0.00209,0.00000,0.39470,-90.025,-0.088,1
50.7540,0.00002,0.38685,-0.00209,0.00000,0.38720,-90.025,-0.088,1
50.8040,-0.00005,0.37938,-0.00209,0.00000,0.37970,-90.025,-0.088,1
50.8540,-0.00011,0.37190,-0.00209,0.00000,0.37220,-90.024,-0.089,1
50.9040,-0.00017,0.36442,-0.00209,0.00000,0.36470,-90.024,-0.089,1
50.9540,-0.00023,0.35693,-0.00209,0.00000,0.35720,-90.024,-0.089,1
51.0040,-0.00029,0.34943,-0.00209,0.00000,0.34970,-90.024,-0.089,1
51.0540,-0.00033,0.34194,-0.00209,0.00000,0.34220,-90.024,-0.088,1
51.1040,-0.00037,0.33445,-0.00209,0.00000,0.33470,-90.023,-0.088,1
51.1540,-0.00041,0.32696,-0.00209,0.00000,0.32720,-90.023,-0.089,1
51.2040,-0.00044,0.31946,-0.00209,0.00000,0.31970,-90.023,-0.089,1
51.2540,-0.00047,0.31196,-0.00209,0.00000,0.31220,-90.023,-0.089,1
51.3040,-0.00050,0.30446,-0.00209,0.00000,0.30470,-90.023,-0.089,1
51.3540,-0.00052,0.29696,-0.00209,0.00000,0.29720,-90.023,-0.089,1
51.4040,-0.00053,0.28946,-0.00209,0.00000,0.28970,-90.022,-0.089,1
51.4540,-0.00055,0.28195,-0.00209,0.00000,0.28220,-90.022,-0.089,1
51.5040,-0.00056,0.27445,-0.00209,0.00000,0.27470,-90.022,-0.089,1
51.5540,-0.00056,0.26695,-0.00209,0.00000,0.26720,-90.022,-0.089,1
51.6040,-0.00058,0.25945,-0.00209,0.00000,0.25970,-90.022,-0.089,1
51.6540,-0.00060,0.25193,-0.00209,0.00000,0.25220,-90.022,-0.089,1
51.7040,-0.00060,0.24443,-0.00209,0.00000,0.24470,-90.022,-0.088,1
51.7540,-0.00062,0.23691,-0.00209,0.00000,0.23720,-90.022,-0.088,1
51.8040,-0.00062,0.22941,-0.00209,0.00000,0.22970,-90.022,-0.088,1
51.8540,-0.00062,0.22190,-0.00209,0.00000,0.22220,-90.022,-0.088,1
51.9040,-0.00062,0.21440,-0.00209,0.00000,0.21470,-90.022,-0.088,1
51.9540,-0.00062,0.20689,-0.00209,0.00000,0.20720,-90.021,-0.088,1
52.0040,-0.00061,0.19939,-0.00209,0.00000,0.19970,-90.021,-0.088,1
52.0540,-0.00061,0.19189,-0.00209,0.00000,0.19220,-90.021,-0.088,1
52.1040,-0.00061,0.18438,-0.00209,0.00000,0.18470,-90.021,-0.088,1
52.1540,-0.00061,0.17687,-0.00209,0.00000,0.17720,-90.021,-0.088,1
52.2040,-0.00060,0.16937,-0.00209,0.00000,0.16970,-90.021,-0.088,1
52.2540,-0.00060,0.16186,-0.00209,0.00000,0.16220,-90.021,-0.088,1
52.3040,-0.00059,0.15437,-0.00209,0.00000,0.15470,-90.021,-0.088,1
52.3540,-0.00057,0.14687,-0.00209,0.00000,0.14720,-90.021,-0.088,1
52.4040,-0.00056,0.13937,-0.00209,0.00000,0.13970,-90.021,-0.088,1
52.4540,-0.00056,0.13186,-0.00209,0.00000,0.13220,-90.021,-0.088,1
52.5040,-0.00055,0.12436,-0.00209,0.00000,0.12470,-90.021,-0.088,1
52.5540,-0.00055,0.11686,-0.00209,0.00000,0.11720,-90.021,-0.088,1
52.6040,-0.00054,0.10936,-0.00209,0.00000,0.10970,-90.021,-0.088,1
52.6540,-0.00054,0.10186,-0.00209,0.00000,0.10220,-90.021,-0.088,1
52.7040,-0.00054,0.09435,-0.00209,0.00000,0.09470,-90.021,-0.088,1
52.7540,-0.00054,0.08685,-0.00209,0.00000,0.08720,-90.021,-0.088,1
52.8040,-0.00054,0.07934,-0.00209,0.00000,0.07970,-90.021,-0.088,1
52.8540,-0.00053,0.07184,-0.00209,0.00000,0.07220,-90.021,-0.087,1
52.9040,-0.00052,0.06434,-0.00209,0.00000,0.06470,-90.021,-0.087,1
52.9540,-0.00050,0.05685,-0.00209,0.00000,0.05720,-90.021,-0.088,1
53.0040,-0.00050,0.04935,-0.00209,0.00000,0.04970,-90.021,-0.088,1
53.0540,-0.00049,0.04185,-0.00209,0.00000,0.04220,-90.021,-0.088,1
53.1040,-0.00050,0.03434,-0.00209,0.00000,0.03470,-90.021,-0.088,1
53.1540,-0.00050,0.02684,-0.00209,0.00000,0.02720,-90.021,-0.088,1
53.2040,-0.00050,0.01934,-0.00209,0.00000,0.01970,-90.021,-0.087,1
53.2540,-0.00051,0.01183,-0.00209,0.00000,0.01220,-90.021,-0.087,1
53.3040,-0.00051,0.00432,-0.00209,0.00000,0.00470,-90.021,-0.087,1
53.3540,-0.00050,-0.00318,-0.00209,0.00280,0.00000,-90.019,-0.087,2
53.4040,-0.00000,-0.00994,-0.00209,0.01030,0.00000,-88.907,-0.074,2
53.4540,0.00139,-0.01557,-0.00209,0.01780,0.00000,-86.151,-0.067,2
53.5040,0.00373,-0.02023,-0.00209,0.02530,0.00000,-82.791,-0.077,2
53.5540,0.00693,-0.02408,-0.00209,0.03280,0.00000,-79.385,-0.088,2
53.6040,0.01089,-0.02725,-0.00208,0.04030,0.00000,-75.981,-0.096,2
53.6540,0.01555,-0.02983,-0.00208,0.04780,0.00000,-72.626,-0.101,2
53.7040,0.02083,-0.03191,-0.00208,0.05530,0.00000,-69.321,-0.105,2
53.7540,0.02667,-0.03353,-0.00208,0.06280,0.00000,-66.063,-0.107,2
53.8040,0.03303,-0.03478,-0.00208,0.07030,0.00000,-62.846,-0.107,2
53.8540,0.03986,-0.03568,-0.00208,0.07780,0.00000,-59.662,-0.107,2
53.9040,0.04711,-0.03631,-0.00208,0.08530,0.00000,-56.506,-0.106,2
53.9540,0.05475,-0.03668,-0.00208,0.09280,0.00000,-53.374,-0.104,2
54.0040,0.06274,-0.03684,-0.00208,0.10030,0.00000,-50.263,-0.102,2
54.0540,0.07105,-0.03682,-0.00208,0.10780,0.00000,-47.168,-0.100,2
54.1040,0.07965,-0.03665,-0.00208,0.11530,0.00000,-44.086,-0.097,2
54.1540,0.08849,-0.03632,-0.00208,0.12280,0.00000,-41.017,-0.094,2
54.2040,0.09755,-0.03586,-0.00208,0.13030,0.00000,-37.956,-0.091,2
54.2540,0.10680,-0.03528,-0.00208,0.13780,0.00000,-34.904,-0.087,2
54.3040,0.11619,-0.03458,-0.00208,0.14530,0.00000,-31.858,-0.083,2
54.3540,0.12570,-0.03376,-0.00208,0.15280,0.00000,-28.817,-0.079,2
54.4040,0.13531,-0.03283,-0.00208,0.16030,0.00000,-25.780,-0.075,2
54.4540,0.14499,-0.03179,-0.00208,0.16780,0.00000,-22.746,-0.071,2
54.5040,0.15469,-0.03063,-0.00208,0.17530,0.00000,-19.714,-0.066,2
54.5540,0.16440,-0.02938,-0.00208,0.18280,0.00000,-16.683,-0.062,2
54.6040,0.17409,-0.02802,-0.00208,0.19030,0.00000,-13.653,-0.057,2
54.6540,0.18372,-0.02658,-0.00208,0.19780,0.00000,-10.621,-0.052,2
54.7040,0.19328,-0.02504,-0.00208,0.20530,0.00000,-7.590,-0.047,2
54.7540,0.20274,-0.02343,-0.00208,0.21280,0.00000,-4.579,-0.042,2
54.8040,0.21209,-0.02173,-0.00208,0.22030,0.00000,-1.827,-0.037,2
54.8540,0.22134,-0.01996,-0.00208,0.22780,0.00000,-0.425,-0.033,2
54.9040,0.23046,-0.01811,-0.00208,0.23530,0.00000,-0.176,-0.028,2
54.9540,0.23942,-0.01626,-0.00208,0.24280,0.00000,-0.130,-0.022,2
55.0040,0.24820,-0.01451,-0.00208,0.25030,0.00000,-0.094,-0.015,2
55.0540,0.25682,-0.01285,-0.00209,0.25780,0.00000,-0.076,-0.009,2
55.1040,0.26529,-0.01129,-0.00209,0.26530,0.00000,-0.067,-0.004,2
55.1540,0.27362,-0.00985,-0.00209,0.27280,0.00000,-0.061,0.000,2
55.2040,0.28182,-0.00851,-0.00209,0.28030,0.00000,-0.056,0.004,2
55.2540,0.28991,-0.00726,-0.00209,0.28780,0.00000,-0.052,0.007,2
55.3040,0.29789,-0.00612,-0.00209,0.29530,0.00000,-0.049,0.010,2
55.3540,0.30578,-0.00507,-0.00209,0.30280,0.00000,-0.047,0.013,2
55.4040,0.31358,-0.00411,-0.00209,0.31030,0.00000,-0.045,0.015,2
55.4540,0.32131,-0.00324,-0.00209,0.31780,0.00000,-0.044,0.017,2
55.5040,0.32897,-0.00244,-0.00209,0.32530,0.00000,-0.044,0.019,2
55.5540,0.33657,-0.00173,-0.00209,0.33280,0.00000,-0.043,0.020,2
55.6040,0.34412,-0.00110,-0.00209,0.34030,0.00000,-0.043,0.021,2
55.6540,0.35163,-0.00054,-0.00210,0.34780,0.00000,-0.043,0.023,2
55.7040,0.35910,-0.00004,-0.00210,0.35530,0.00000,-0.042,0.023,2
55.7540,0.36653,0.00039,-0.00210,0.36280,0.00000,-0.042,0.024,2
55.8040,0.37393,0.00076,-0.00210,0.37030,0.00000,-0.042,0.025,2
55.8540,0.38132,0.00107,-0.00210,0.37780,0.00000,-0.042,0.026,2
55.9040,0.38868,0.00134,-0.00210,0.38530,0.00000,-0.041,0.026,2
55.9540,0.39604,0.00156,-0.00210,0.39280,0.00000,-0.041,0.026,2
56.0040,0.40338,0.00173,-0.00210,0.40030,0.00000,-0.040,0.027,2
56.0540,0.41073,0.00189,-0.00210,0.40780,0.00000,-0.040,0.027,2
56.1040,0.41807,0.00200,-0.00210,0.41530,0.00000,-0.040,0.027,2
56.1540,0.42539,0.00206,-0.00210,0.42280,0.00000,-0.039,0.028,2
56.2040,0.43273,0.00211,-0.00210,0.43030,0.00000,-0.039,0.028,2
56.2540,0.44006,0.00213,-0.00210,0.43780,0.00000,-0.038,0.028,2
56.3040,0.44740,0.00214,-0.00210,0.44530,0.00000,-0.038,0.028,2
56.3540,0.45476,0.00213,-0.00210,0.45280,0.00000,-0.037,0.028,2
56.4040,0.46211,0.00210,-0.00210,0.46030,0.00000,-0.037,0.029,2
56.4540,0.46946,0.00205,-0.00210,0.46780,0.00000,-0.037,0.029,2
56.5040,0.47683,0.00198,-0.00210,0.47530,0.00000,-0.037,0.029,2
56.5540,0.48420,0.00191,-0.00210,0.48280,0.00000,-0.036,0.029,2
56.6040,0.49157,0.00182,-0.00210,0.49030,0.00000,-0.036,0.029,2
56.6540,0.49896,0.00173,-0.00210,0.49780,0.00000,-0.035,0.029,2
56.7040,0.50635,0.00163,-0.00210,0.50530,0.00000,-0.034,0.029,2
56.7540,0.51375,0.00153,-0.00210,0.51280,0.00000,-0.034,0.029,2
56.8040,0.52116,0.00143,-0.00210,0.52030,0.00000,-0.033,0.029,2
56.8540,0.52858,0.00132,-0.00210,0.52780,0.00000,-0.033,0.029,2
56.9040,0.53600,0.00122,-0.00210,0.53530,0.00000,-0.032,0.030,2
56.9540,0.54343,0.00111,-0.00209,0.54280,0.00000,-0.032,0.030,2
57.0040,0.55087,0.00100,-0.00209,0.55030,0.00000,-0.031,0.030,2
57.0540,0.55831,0.00089,-0.00209,0.55780,0.00000,-0.031,0.030,2
57.1040,0.56576,0.00079,-0.00209,0.56530,0.00000,-0.030,0.030,2
57.1540,0.57322,0.00069,-0.00209,0.57280,0.00000,-0.030,0.030,2
57.2040,0.58067,0.00059,-0.00209,0.58030,0.00000,-0.029,0.030,2
57.2540,0.58813,0.00048,-0.00209,0.58780,0.00000,-0.029,0.030,2
57.3040,0.59560,0.00039,-0.00209,0.59530,0.00000,-0.028,0.029,2
57.3540,0.60308,0.00031,-0.00209,0.60280,0.00000,-0.028,0.029,2
57.4040,0.61056,0.00022,-0.00209,0.61030,0.00000,-0.027,0.029,2
57.4540,0.61803,0.00014,-0.00209,0.61780,0.00000,-0.027,0.029,2
57.5040,0.62552,0.00006,-0.00209,0.62530,0.00000,-0.026,0.029,2
57.5540,0.63301,-0.00000,-0.00209,0.63280,0.00000,-0.026,0.029,2
57.6040,0.64050,-0.00006,-0.00209,0.64030,0.00000,-0.026,0.029,2
57.6540,0.64800,-0.00011,-0.00209,0.64780,0.00000,-0.026,0.029,2
57.7040,0.65549,-0.00017,-0.00209,0.65530,0.00000,-0.026,0.030,2
57.7540,0.66299,-0.00023,-0.00209,0.66280,0.00000,-0.026,0.030,2
57.8040,0.67048,-0.00029,-0.00209,0.67030,0.00000,-0.025,0.029,2
57.8540,0.67798,-0.00033,-0.00209,0.67780,0.00000,-0.025,0.029,2
57.9040,0.68549,-0.00036,-0.00209,0.68530,0.00000,-0.025,0.029,2
57.9540,0.69299,-0.00040,-0.00209,0.69280,0.00000,-0.025,0.029,2
58.0040,0.70050,-0.00043,-0.00209,0.70030,0.00000,-0.025,0.029,2
58.0540,0.70800,-0.00046,-0.00209,0.70780,0.00000,-0.025,0.029,2
58.1040,0.71550,-0.00049,-0.00209,0.71530,0.00000,-0.025,0.029,2
58.1540,0.72301,-0.00051,-0.00209,0.72280,0.00000,-0.025,0.029,2
58.2040,0.73051,-0.00053,-0.00209,0.73030,0.00000,-0.024,0.029,2
58.2540,0.73802,-0.00055,-0.00209,0.73780,0.00000,-0.024,0.029,2
58.3040,0.74553,-0.00056,-0.00209,0.74530,0.00000,-0.025,0.029,2
58.3540,0.75303,-0.00057,-0.00209,0.75280,0.00000,-0.025,0.030,2
58.4040,0.76054,-0.00058,-0.00209,0.76030,0.00000,-0.025,0.030,2
58.4540,0.76805,-0.00058,-0.00209,0.76780,0.00000,-0.025,0.030,2
58.5040,0.77555,-0.00060,-0.00209,0.77530,0.00000,-0.025,0.030,2
58.5540,0.78305,-0.00061,-0.00209,0.78280,0.00000,-0.025,0.030,2
58.6040,0.79056,-0.00061,-0.00209,0.79030,0.00000,-0.025,0.030,2
58.6540,0.79807,-0.00061,-0.00209,0.79780,0.00000,-0.025,0.030,2
58.7040,0.80558,-0.00060,-0.00209,0.80530,0.00000,-0.025,0.030,2
58.7540,0.81308,-0.00060,-0.00209,0.81280,0.00000,-0.025,0.030,2
58.8040,0.82058,-0.00061,-0.00209,0.82030,0.00000,-0.025,0.030,2
58.8540,0.82808,-0.00062,-0.00209,0.82780,0.00000,-0.025,0.030,2
58.9040,0.83558,-0.00062,-0.00209,0.83530,0.00000,-0.025,0.030,2
58.9540,0.84308,-0.00063,-0.00209,0.84280,0.00000,-0.024,0.029,2
59.0040,0.85058,-0.00063,-0.00209,0.85030,0.00000,-0.024,0.029,2
59.0540,0.85808,-0.00063,-0.00209,0.85780,0.00000,-0.024,0.029,2
59.1040,0.86558,-0.00063,-0.00209,0.86530,0.00000,-0.024,0.029,2
59.1540,0.87309,-0.00062,-0.00209,0.87280,0.00000,-0.024,0.029,2
59.2040,0.88059,-0.00061,-0.00209,0.88030,0.00000,-0.024,0.029,2
59.2540,0.88810,-0.00060,-0.00209,0.88780,0.00000,-0.024,0.029,2
59.3040,0.89559,-0.00061,-0.00209,0.89530,0.00000,-0.025,0.029,2
59.3540,0.90309,-0.00061,-0.00209,0.90280,0.00000,-0.024,0.029,2
59.4040,0.91059,-0.00061,-0.00209,0.91030,0.00000,-0.024,0.029,2
59.4540,0.91809,-0.00061,-0.00209,0.91780,0.00000,-0.024,0.029,2
59.5040,0.92559,-0.00061,-0.00209,0.92530,0.00000,-0.024,0.029,2
59.5540,0.93309,-0.00060,-0.00209,0.93280,0.00000,-0.024,0.029,2
59.6040,0.94060,-0.00059,-0.00209,0.94030,0.00000,-0.024,0.029,2
59.6540,0.94810,-0.00058,-0.00209,0.94780,0.00000,-0.024,0.029,2
59.7040,0.95560,-0.00058,-0.00209,0.95530,0.00000,-0.024,0.029,2
59.7540,0.96310,-0.00058,-0.00209,0.96280,0.00000,-0.024,0.029,2
59.8040,0.97060,-0.00057,-0.00209,0.97030,0.00000,-0.024,0.029,2
59.8540,0.97811,-0.00056,-0.00209,0.97780,0.00000,-0.025,0.029,2
59.9040,0.98561,-0.00056,-0.00209,0.98530,0.00000,-0.025,0.029,2
59.9540,0.99310,-0.00055,-0.00209,0.99280,0.00000,-0.025,0.029,2
60.0040,1.00060,-0.00055,-0.00209,1.00000,0.00030,-0.023,0.029,2
60.0540,1.00737,-0.00008,-0.00209,1.00000,0.00780,1.059,0.042,2
60.1040,1.01299,0.00114,-0.00209,1.00000,0.01530,3.732,0.047,2
60.1540,1.01761,0.00309,-0.00209,1.00000,0.02280,7.002,0.036,2
60.2040,1.02136,0.00576,-0.00208,1.00000,0.03030,10.331,0.026,2
60.2540,1.02439,0.00912,-0.00208,1.00000,0.03780,13.666,0.019,2
60.3040,1.02679,0.01313,-0.00208,1.00000,0.04530,16.962,0.014,2
60.3540,1.02867,0.01773,-0.00208,1.00000,0.05280,20.219,0.010,2
60.4040,1.03011,0.02284,-0.00208,1.00000,0.06030,23.439,0.008,2
60.4540,1.03118,0.02845,-0.00207,1.00000,0.06780,26.626,0.007,2
60.5040,1.03194,0.03449,-0.00207,1.00000,0.07530,29.785,0.007,2
60.5540,1.03245,0.04094,-0.00207,1.00000,0.08280,32.921,0.008,2
60.6040,1.03277,0.04777,-0.00207,1.00000,0.09030,36.036,0.009,2
60.6540,1.03292,0.05493,-0.00207,1.00000,0.09780,39.134,0.011,2
60.7040,1.03293,0.06241,-0.00207,1.00000,0.10530,42.218,0.014,2
60.7540,1.03284,0.07018,-0.00207,1.00000,0.11280,45.289,0.016,2
60.8040,1.03266,0.07822,-0.00207,1.00000,0.12030,48.350,0.019,2
60.8540,1.03239,0.08648,-0.00207,1.00000,0.12780,51.403,0.022,2
60.9040,1.03204,0.09497,-0.00207,1.00000,0.13530,54.450,0.025,2
60.9540,1.03162,0.10364,-0.00207,1.00000,0.14280,57.492,0.028,2
61.0040,1.03112,0.11248,-0.00207,1.00000,0.15030,60.531,0.031,2
61.0540,1.03054,0.12145,-0.00207,1.00000,0.15780,63.568,0.034,2
61.1040,1.02988,0.13055,-0.00207,1.00000,0.16530,66.606,0.036,2
61.1540,1.02914,0.13975,-0.00207,1.00000,0.17280,69.647,0.038,2
61.2040,1.02831,0.14903,-0.00207,1.00000,0.18030,72.692,0.041,2
61.2540,1.02738,0.15836,-0.00207,1.00000,0.18780,75.745,0.043,2
61.3040,1.02635,0.16772,-0.00207,1.00000,0.19530,78.806,0.045,2
61.3540,1.02522,0.17709,-0.00207,1.00000,0.20280,81.878,0.046,2
61.4040,1.02397,0.18647,-0.00207,1.00000,0.21030,84.943,0.047,2
61.4540,1.02260,0.19582,-0.00207,1.00000,0.21780,87.767,0.048,2
61.5040,1.02110,0.20508,-0.00207,1.00000,0.22530,89.239,0.050,2
61.5540,1.01947,0.21419,-0.00207,1.00000,0.23280,89.554,0.052,2
61.6040,1.01780,0.22321,-0.00207,1.00000,0.24030,89.661,0.052,2
61.6540,1.01619,0.23218,-0.00207,1.00000,0.24780,89.745,0.051,2
61.7040,1.01463,0.24110,-0.00207,1.00000,0.25530,89.800,0.049,2
61.7540,1.01315,0.24995,-0.00207,1.00000,0.26280,89.840,0.047,2
61.8040,1.01175,0.25875,-0.00207,1.00000,0.27030,89.872,0.045,2
61.8540,1.01043,0.26748,-0.00207,1.00000,0.27780,89.898,0.044,2
61.9040,1.00919,0.27614,-0.00207,1.00000,0.28530,89.919,0.043,2
61.9540,1.00802,0.28473,-0.00207,1.00000,0.29280,89.935,0.041,2
62.0040,1.00693,0.29324,-0.00207,1.00000,0.30030,89.948,0.040,2
62.0540,1.00592,0.30168,-0.00207,1.00000,0.30780,89.959,0.039,2
62.1040,1.00498,0.31005,-0.00207,1.00000,0.31530,89.967,0.039,2
62.1540,1.00411,0.31835,-0.00208,1.00000,0.32280,89.974,0.038,2
62.2040,1.00331,0.32658,-0.00208,1.00000,0.33030,89.979,0.037,2
62.2540,1.00258,0.33474,-0.00208,1.00000,0.33780,89.984,0.036,2
62.3040,1.00192,0.34285,-0.00208,1.00000,0.34530,89.987,0.036,2
62.3540,1.00133,0.35089,-0.00208,1.00000,0.35280,89.990,0.035,2
62.4040,1.00079,0.35888,-0.00208,1.00000,0.36030,89.993,0.035,2
62.4540,1.00030,0.36682,-0.00208,1.00000,0.36780,89.995,0.034,2
62.5040,0.99987,0.37470,-0.00208,1.00000,0.37530,89.997,0.034,2
62.5540,0.99948,0.38253,-0.00208,1.00000,0.38280,89.998,0.034,2
62.6040,0.99915,0.39032,-0.00208,1.00000,0.39030,90.000,0.033,2
62.6540,0.99885,0.39807,-0.00208,1.00000,0.39780,90.001,0.033,2
62.7040,0.99860,0.40578,-0.00208,1.00000,0.40530,90.002,0.033,2
62.7540,0.99837,0.41346,-0.00208,1.00000,0.41280,90.003,0.032,2
62.8040,0.99819,0.42111,-0.00208,1.00000,0.42030,90.003,0.032,2
62.8540,0.99804,0.42873,-0.00208,1.00000,0.42780,90.004,0.032,2
62.9040,0.99792,0.43633,-0.00208,1.00000,0.43530,90.005,0.031,2
62.9540,0.99782,0.44390,-0.00208,1.00000,0.44280,90.006,0.031,2
63.0040,0.99775,0.45146,-0.00208,1.00000,0.45030,90.007,0.031,2
63.0540,0.99771,0.45900,-0.00208,1.00000,0.45780,90.007,0.031,2
63.1040,0.99767,0.46652,-0.00208,1.00000,0.46530,90.008,0.031,2
63.1540,0.99766,0.47403,-0.00209,1.00000,0.47280,90.009,0.031,2
63.2040,0.99767,0.48153,-0.00209,1.00000,0.48030,90.010,0.031,2
63.2540,0.99768,0.48901,-0.00209,1.00000,0.48780,90.011,0.031,2
63.3040,0.99770,0.49649,-0.00209,1.00000,0.49530,90.011,0.031,2
63.3540,0.99774,0.50397,-0.00209,1.00000,0.50280,90.012,0.031,2
63.4040,0.99780,0.51144,-0.00209,1.00000,0.51030,90.012,0.030,2
63.4540,0.99787,0.51892,-0.00209,1.00000,0.51780,90.013,0.031,2
63.5040,0.99793,0.52638,-0.00209,1.00000,0.52530,90.014,0.031,2
63.5540,0.99800,0.53384,-0.00209,1.00000,0.53280,90.015,0.031,2
63.6040,0.99807,0.54130,-0.00209,1.00000,0.54030,90.016,0.031,2
63.6540,0.99815,0.54876,-0.00209,1.00000,0.54780,90.016,0.031,2
63.7040,0.99823,0.55622,-0.00209,1.00000,0.55530,90.017,0.031,2
63.7540,0.99830,0.56367,-0.00209,1.00000,0.56280,90.018,0.031,2
63.8040,0.99837,0.57113,-0.00209,1.00000,0.57030,90.018,0.031,2
63.8540,0.99845,0.57859,-0.00209,1.00000,0.57780,90.018,0.031,2
63.9040,0.99852,0.58604,-0.00209,1.00000,0.58530,90.019,0.031,2
63.9540,0.99859,0.59350,-0.00209,1.00000,0.59280,90.019,0.031,2
64.0040,0.99867,0.60097,-0.00209,1.00000,0.60030,90.019,0.031,2
64.0560,0.99875,0.60873,-0.00209,1.00000,0.60810,90.020,0.031,2
64.1080,0.99882,0.61650,-0.00209,1.00000,0.61590,90.020,0.031,2
64.1600,0.99889,0.62427,-0.00209,1.00000,0.62370,90.021,0.032,2
64.2120,0.99896,0.63204,-0.00209,1.00000,0.63150,90.021,0.032,2
64.2640,0.99902,0.63981,-0.00209,1.00000,0.63930,90.022,0.032,2
64.3160,0.99908,0.64758,-0.00209,1.00000,0.64710,90.022,0.032,2
64.3680,0.99913,0.65536,-0.00209,1.00000,0.65490,90.022,0.032,2
64.4200,0.99918,0.66313,-0.00209,1.00000,0.66270,90.022,0.032,2
64.4720,0.99923,0.67091,-0.00209,1.00000,0.67050,90.022,0.032,2
64.5240,0.99928,0.67870,-0.00209,1.00000,0.67830,90.023,0.032,2
64.5760,0.99932,0.68648,-0.00209,1.00000,0.68610,90.023,0.032,2
64.6280,0.99935,0.69426,-0.00209,1.00000,0.69390,90.023,0.032,2
64.6800,0.99937,0.70204,-0.00209,1.00000,0.70170,90.023,0.032,2
64.7320,0.99941,0.70983,-0.00209,1.00000,0.70950,90.023,0.032,2
64.7840,0.99945,0.71763,-0.00209,1.00000,0.71730,90.023,0.032,2
64.8360,0.99947,0.72542,-0.00209,1.00000,0.72510,90.023,0.032,2
64.8880,0.99948,0.73320,-0.00209,1.00000,0.73290,90.023,0.032,2
64.9400,0.99950,0.74099,-0.00209,1.00000,0.74070,90.023,0.032,2
64.9920,0.99952,0.74879,-0.00209,1.00000,0.74850,90.023,0.032,2
65.0440,0.99953,0.75658,-0.00209,1.00000,0.75630,90.023,0.032,2
65.0960,0.99954,0.76437,-0.00209,1.00000,0.76410,90.023,0.032,2
65.1480,0.99955,0.77217,-0.00209,1.00000,0.77190,90.022,0.031,2
65.2000,0.99956,0.77997,-0.00209,1.00000,0.77970,90.022,0.031,2
65.2520,0.99957,0.78777,-0.00209,1.00000,0.78750,90.023,0.031,2
65.3040,0.99958,0.79556,-0.00209,1.00000,0.79530,90.022,0.031,2
65.3560,0.99959,0.80337,-0.00209,1.00000,0.80310,90.022,0.031,2
65.4080,0.99959,0.81117,-0.00209,1.00000,0.81090,90.022,0.031,2
65.4600,0.99959,0.81897,-0.00209,1.00000,0.81870,90.022,0.031,2
65.5120,0.99960,0.82677,-0.00209,1.00000,0.82650,90.022,0.031,2
65.5640,0.99961,0.83457,-0.00209,1.00000,0.83430,90.022,0.031,2
65.6160,0.99961,0.84237,-0.00209,1.00000,0.84210,90.023,0.031,2
65.6680,0.99961,0.85017,-0.00209,1.00000,0.84990,90.022,0.031,2
65.7200,0.99961,0.85797,-0.00209,1.00000,0.85770,90.022,0.031,2
65.7720,0.99961,0.86578,-0.00209,1.00000,0.86550,90.022,0.031,2
65.8240,0.99961,0.87358,-0.00209,1.00000,0.87330,90.022,0.031,2
65.8760,0.99962,0.88139,-0.00209,1.00000,0.88110,90.022,0.031,2
65.9280,0.99962,0.88919,-0.00209,1.00000,0.88890,90.023,0.032,2
65.9800,0.99962,0.89700,-0.00209,1.00000,0.89670,90.023,0.032,2
66.0320,0.99962,0.90480,-0.00209,1.00000,0.90450,90.023,0.032,2
66.0840,0.99962,0.91260,-0.00209,1.00000,0.91230,90.023,0.032,2
66.1360,0.99962,0.92040,-0.00209,1.00000,0.92010,90.023,0.032,2
66.1880,0.99962,0.92820,-0.00209,1.00000,0.92790,90.023,0.032,2
66.2400,0.99960,0.93600,-0.00209,1.00000,0.93570,90.023,0.032,2
66.2920,0.99958,0.94379,-0.00209,1.00000,0.94350,90.023,0.032,2
66.3440,0.99957,0.95158,-0.00209,1.00000,0.95130,90.022,0.032,2
66.3960,0.99956,0.95938,-0.00209,1.00000,0.95910,90.022,0.031,2
66.4480,0.99955,0.96718,-0.00209,1.00000,0.96690,90.022,0.031,2
66.5000,0.99955,0.97498,-0.00209,1.00000,0.97470,90.022,0.031,2
66.5520,0.99954,0.98278,-0.00209,1.00000,0.98250,90.022,0.031,2
66.6040,0.99954,0.99058,-0.00209,1.00000,0.99030,90.022,0.031,2
66.6560,0.99954,0.99838,-0.00209,1.00000,0.99810,90.021,0.031,2
66.7080,0.99953,1.00617,-0.00209,0.99410,1.00000,90.038,0.031,2
66.7600,0.99894,1.01316,-0.00209,0.98630,1.00000,91.362,0.047,2
66.8120,0.99755,1.01903,-0.00209,0.97850,1.00000,94.498,0.053,2
66.8640,0.99540,1.02385,-0.00208,0.97070,1.00000,98.185,0.046,2
66.9160,0.99252,1.02763,-0.00208,0.96290,1.00000,101.924,0.044,2
66.9680,0.98898,1.03048,-0.00208,0.95510,1.00000,105.617,0.045,2
67.0200,0.98484,1.03254,-0.00208,0.94730,1.00000,109.228,0.047,2
67.0720,0.98016,1.03394,-0.00207,0.93950,1.00000,112.758,0.049,2
67.1240,0.97499,1.03481,-0.00207,0.93170,1.00000,116.218,0.052,2
67.1760,0.96935,1.03524,-0.00207,0.92390,1.00000,119.619,0.054,2
67.2280,0.96327,1.03535,-0.00207,0.91610,1.00000,122.969,0.055,2
67.2800,0.95679,1.03521,-0.00206,0.90830,1.00000,126.277,0.057,2
67.3320,0.94989,1.03486,-0.00206,0.90050,1.00000,129.551,0.058,2
67.3840,0.94263,1.03439,-0.00206,0.89270,1.00000,132.794,0.058,2
67.4360,0.93501,1.03381,-0.00206,0.88490,1.00000,136.012,0.058,2
67.4880,0.92706,1.03315,-0.00206,0.87710,1.00000,139.209,0.058,2
67.5400,0.91880,1.03243,-0.00206,0.86930,1.00000,142.387,0.057,2
67.5920,0.91025,1.03163,-0.00206,0.86150,1.00000,145.550,0.055,2
67.6440,0.90141,1.03075,-0.00206,0.85370,1.00000,148.699,0.053,2
67.6960,0.89234,1.02982,-0.00206,0.84590,1.00000,151.836,0.050,2
67.7480,0.88305,1.02879,-0.00206,0.83810,1.00000,154.962,0.046,2
67.8000,0.87356,1.02769,-0.00206,0.83030,1.00000,158.079,0.041,2
67.8520,0.86390,1.02649,-0.00206,0.82250,1.00000,161.189,0.035,2
67.9040,0.85411,1.02520,-0.00206,0.81470,1.00000,164.291,0.029,2
67.9560,0.84422,1.02380,-0.00206,0.80690,1.00000,167.387,0.023,2
68.0080,0.83424,1.02229,-0.00206,0.79910,1.00000,170.476,0.015,2
68.0600,0.82422,1.02067,-0.00206,0.79130,1.00000,173.556,0.007,2
68.1120,0.81419,1.01895,-0.00206,0.78350,1.00000,176.594,-0.001,2
68.1640,0.80417,1.01713,-0.00206,0.77570,1.00000,179.258,-0.009,2
68.2160,0.79434,1.01508,-0.00206,0.76790,1.00000,-179.754,-0.014,2
68.2680,0.78557,1.01091,-0.00206,0.76010,1.00000,-178.861,-0.014,2
68.3200,0.77690,1.00785,-0.00202,0.75230,1.00000,-178.802,-0.017,2
68.3720,0.76817,1.00518,-0.00197,0.74450,1.00000,-178.973,-0.014,2
68.4240,0.75934,1.00282,-0.00194,0.73670,1.00000,-179.125,-0.020,2
68.4760,0.75041,1.00072,-0.00190,0.72890,1.00000,-179.268,-0.030,2
68.5280,0.74140,0.99887,-0.00188,0.72110,1.00000,-179.391,-0.038,2
68.5800,0.73234,0.99726,-0.00185,0.71330,1.00000,-179.493,-0.045,2
68.6320,0.72326,0.99588,-0.00184,0.70550,1.00000,-179.577,-0.051,2
68.6840,0.71418,0.99470,-0.00182,0.69770,1.00000,-179.648,-0.057,2
68.7360,0.70511,0.99372,-0.00181,0.68990,1.00000,-179.706,-0.062,2
68.7880,0.69606,0.99292,-0.00180,0.68210,1.00000,-179.755,-0.066,2
68.8400,0.68703,0.99225,-0.00179,0.67430,1.00000,-179.795,-0.070,2
68.8920,0.67805,0.99173,-0.00179,0.66650,1.00000,-179.829,-0.073,2
68.9440,0.66911,0.99134,-0.00179,0.65870,1.00000,-179.857,-0.075,2
68.9960,0.66023,0.99106,-0.00179,0.65090,1.00000,-179.880,-0.077,2
69.0480,0.65140,0.99088,-0.00179,0.64310,1.00000,-179.899,-0.079,2
69.1000,0.64262,0.99078,-0.00179,0.63530,1.00000,-179.916,-0.081,2
69.1520,0.63391,0.99076,-0.00180,0.62750,1.00000,-179.929,-0.082,2
69.2040,0.62527,0.99084,-0.00180,0.61970,1.00000,-179.940,-0.082,2
69.2560,0.61669,0.99096,-0.00181,0.61190,1.00000,-179.949,-0.083,2
69.3080,0.60817,0.99113,-0.00182,0.60410,1.00000,-179.957,-0.084,2
69.3600,0.59970,0.99135,-0.00183,0.59630,1.00000,-179.963,-0.084,2
69.4120,0.59130,0.99161,-0.00183,0.58850,1.00000,-179.968,-0.085,2
69.4640,0.58296,0.99191,-0.00184,0.58070,1.00000,-179.972,-0.085,2
69.5160,0.57466,0.99222,-0.00185,0.57290,1.00000,-179.975,-0.085,2
69.5680,0.56642,0.99255,-0.00186,0.56510,1.00000,-179.978,-0.085,2
69.6200,0.55823,0.99291,-0.00187,0.55730,1.00000,-179.980,-0.085,2
69.6720,0.55008,0.99326,-0.00188,0.54950,1.00000,-179.982,-0.085,2
69.7240,0.54198,0.99363,-0.00189,0.54170,1.00000,-179.983,-0.085,2
69.7760,0.53391,0.99400,-0.00190,0.53390,1.00000,-179.984,-0.085,2
69.8280,0.52589,0.99437,-0.00191,0.52610,1.00000,-179.984,-0.085,2
69.8800,0.51789,0.99473,-0.00192,0.51830,1.00000,-179.985,-0.085,2
69.9320,0.50993,0.99508,-0.00193,0.51050,1.00000,-179.985,-0.085,2
69.9840,0.50199,0.99542,-0.00194,0.50270,1.00000,-179.985,-0.085,2
70.0360,0.49407,0.99575,-0.00195,0.49490,1.00000,-179.985,-0.085,2
70.0880,0.48618,0.99606,-0.00196,0.48710,1.00000,-179.985,-0.085,2
70.1400,0.47830,0.99636,-0.00197,0.47930,1.00000,-179.985,-0.084,2
70.1920,0.47045,0.99666,-0.00198,0.47150,1.00000,-179.984,-0.084,2
70.2440,0.46261,0.99695,-0.00199,0.46370,1.00000,-179.984,-0.084,2
70.2960,0.45479,0.99722,-0.00200,0.45590,1.00000,-179.983,-0.084,2
70.3480,0.44698,0.99747,-0.00200,0.44810,1.00000,-179.983,-0.084,2
70.4000,0.43918,0.99771,-0.00201,0.44030,1.00000,-179.983,-0.084,2
70.4520,0.43138,0.99792,-0.00202,0.43250,1.00000,-179.982,-0.084,2
70.5040,0.42360,0.99812,-0.00202,0.42470,1.00000,-179.982,-0.083,2
70.5560,0.41582,0.99831,-0.00203,0.41690,1.00000,-179.981,-0.083,2
70.6080,0.40804,0.99848,-0.00204,0.40910,1.00000,-179.981,-0.083,2
70.6600,0.40027,0.99864,-0.00204,0.40130,1.00000,-179.980,-0.083,2
70.7120,0.39250,0.99879,-0.00205,0.39350,1.00000,-179.980,-0.083,2
70.7640,0.38473,0.99892,-0.00205,0.38570,1.00000,-179.980,-0.082,2
70.8160,0.37696,0.99903,-0.00206,0.37790,1.00000,-179.979,-0.082,2
70.8680,0.36920,0.99915,-0.00206,0.37010,1.00000,-179.979,-0.082,2
70.9200,0.36143,0.99925,-0.00206,0.36230,1.00000,-179.979,-0.082,2
70.9720,0.35367,0.99933,-0.00207,0.35450,1.00000,-179.978,-0.082,2
71.0240,0.34590,0.99942,-0.00207,0.34670,1.00000,-179.978,-0.081,2
71.0760,0.33814,0.99949,-0.00207,0.33890,1.00000,-179.978,-0.081,2
71.1280,0.33038,0.99956,-0.00208,0.33110,1.00000,-179.978,-0.081,2
71.1800,0.32262,0.99962,-0.00208,0.32330,1.00000,-179.977,-0.081,2
71.2320,0.31485,0.99967,-0.00208,0.31550,1.00000,-179.977,-0.081,2
71.2840,0.30708,0.99971,-0.00208,0.30770,1.00000,-179.977,-0.081,2
71.3360,0.29932,0.99974,-0.00209,0.29990,1.00000,-179.977,-0.081,2
71.3880,0.29155,0.99977,-0.00209,0.29210,1.00000,-179.977,-0.082,2
71.4400,0.28377,0.99979,-0.00209,0.28430,1.00000,-179.976,-0.082,2
71.4920,0.27600,0.99981,-0.00209,0.27650,1.00000,-179.976,-0.082,2
71.5440,0.26822,0.99982,-0.00209,0.26870,1.00000,-179.976,-0.082,2
71.5960,0.26044,0.99983,-0.00209,0.26090,1.00000,-179.976,-0.082,2
71.6480,0.25266,0.99983,-0.00209,0.25310,1.00000,-179.976,-0.082,2
71.7000,0.24488,0.99983,-0.00209,0.24530,1.00000,-179.976,-0.082,2
71.7520,0.23709,0.99982,-0.00210,0.23750,1.00000,-179.976,-0.082,2
71.8040,0.22930,0.99982,-0.00210,0.22970,1.00000,-179.976,-0.081,2
71.8560,0.22152,0.99982,-0.00210,0.22190,1.00000,-179.976,-0.081,2
71.9080,0.21373,0.99981,-0.00210,0.21410,1.00000,-179.975,-0.082,2
71.9600,0.20594,0.99980,-0.00210,0.20630,1.00000,-179.975,-0.082,2
72.0120,0.19815,0.99978,-0.00210,0.19850,1.00000,-179.975,-0.082,2
72.0640,0.19035,0.99976,-0.00210,0.19070,1.00000,-179.975,-0.081,2
72.1160,0.18255,0.99974,-0.00210,0.18290,1.00000,-179.975,-0.081,2
72.1680,0.17476,0.99973,-0.00210,0.17510,1.00000,-179.975,-0.081,2
72.2200,0.16697,0.99973,-0.00210,0.16730,1.00000,-179.975,-0.081,2
72.2720,0.15917,0.99972,-0.00210,0.15950,1.00000,-179.975,-0.081,2
72.3240,0.15138,0.99971,-0.00210,0.15170,1.00000,-179.975,-0.081,2
72.3760,0.14358,0.99968,-0.00210,0.14390,1.00000,-179.975,-0.082,2
72.4280,0.13577,0.99966,-0.00210,0.13610,1.00000,-179.975,-0.081,2
72.4800,0.12797,0.99965,-0.00210,0.12830,1.00000,-179.975,-0.081,2
72.5320,0.12017,0.99963,-0.00210,0.12050,1.00000,-179.975,-0.081,2
72.5840,0.11237,0.99961,-0.00210,0.11270,1.00000,-179.976,-0.081,2
72.6360,0.10456,0.99959,-0.00210,0.10490,1.00000,-179.975,-0.081,2
72.6880,0.09676,0.99957,-0.00209,0.09710,1.00000,-179.976,-0.081,2
72.7400,0.08895,0.99955,-0.00209,0.08930,1.00000,-179.976,-0.080,2
72.7920,0.08115,0.99954,-0.00209,0.08150,1.00000,-179.976,-0.080,2
72.8440,0.07335,0.99953,-0.00209,0.07370,1.00000,-179.976,-0.080,2
72.8960,0.06555,0.99953,-0.00209,0.06590,1.00000,-179.976,-0.080,2
72.9480,0.05775,0.99953,-0.00209,0.05810,1.00000,-179.976,-0.080,2
73.0000,0.04995,0.99952,-0.00209,0.05030,1.00000,-179.976,-0.080,2
73.0520,0.04215,0.99951,-0.00209,0.04250,1.00000,-179.976,-0.080,2
73.1040,0.03434,0.99950,-0.00209,0.03470,1.00000,-179.976,-0.080,2
73.1560,0.02654,0.99950,-0.00209,0.02690,1.00000,-179.976,-0.079,2
73.2080,0.01875,0.99950,-0.00209,0.01910,1.00000,-179.976,-0.079,2
73.2600,0.01095,0.99950,-0.00209,0.01130,1.00000,-179.976,-0.079,2
73.3120,0.00315,0.99951,-0.00209,0.00350,1.00000,-179.976,-0.079,2
73.3640,-0.00460,0.99947,-0.00209,0.00000,0.99570,-179.915,-0.079,2
73.4160,-0.01145,0.99877,-0.00209,0.00000,0.98790,-178.412,-0.061,2
73.4680,-0.01721,0.99708,-0.00209,0.00000,0.98010,-175.282,-0.057,2
73.5200,-0.02195,0.99446,-0.00209,0.00000,0.97230,-171.751,-0.064,2
73.5720,-0.02574,0.99103,-0.00209,0.00000,0.96450,-168.157,-0.067,2
73.6240,-0.02869,0.98685,-0.00209,0.00000,0.95670,-164.597,-0.068,2
73.6760,-0.03092,0.98201,-0.00208,0.00000,0.94890,-161.099,-0.068,2
73.7280,-0.03254,0.97657,-0.00208,0.00000,0.94110,-157.665,-0.069,2
73.7800,-0.03366,0.97058,-0.00208,0.00000,0.93330,-154.285,-0.069,2
73.8320,-0.03436,0.96408,-0.00208,0.00000,0.92550,-150.953,-0.070,2
73.8840,-0.03472,0.95711,-0.00208,0.00000,0.91770,-147.658,-0.071,2
73.9360,-0.03480,0.94970,-0.00208,0.00000,0.90990,-144.395,-0.072,2
73.9880,-0.03465,0.94188,-0.00208,0.00000,0.90210,-141.158,-0.074,2
74.0400,-0.03429,0.93368,-0.00208,0.00000,0.89430,-137.942,-0.076,2
74.0920,-0.03377,0.92513,-0.00208,0.00000,0.88650,-134.743,-0.080,2
74.1440,-0.03309,0.91625,-0.00208,0.00000,0.87870,-131.558,-0.083,2
74.1960,-0.03228,0.90708,-0.00208,0.00000,0.87090,-128.384,-0.087,2
74.2480,-0.03133,0.89764,-0.00208,0.00000,0.86310,-125.219,-0.092,2
74.3000,-0.03027,0.88797,-0.00208,0.00000,0.85530,-122.060,-0.096,2
74.3520,-0.02908,0.87811,-0.00208,0.00000,0.84750,-118.905,-0.101,2
74.4040,-0.02778,0.86808,-0.00208,0.00000,0.83970,-115.754,-0.106,2
74.4560,-0.02637,0.85793,-0.00208,0.00000,0.83190,-112.603,-0.110,2
74.5080,-0.02486,0.84770,-0.00208,0.00000,0.82410,-109.452,-0.114,2
74.5600,-0.02325,0.83742,-0.00207,0.00000,0.81630,-106.301,-0.117,2
74.6120,-0.02155,0.82713,-0.00207,0.00000,0.80850,-103.147,-0.120,2
74.6640,-0.01976,0.81688,-0.00207,0.00000,0.80070,-99.991,-0.122,2
74.7160,-0.01790,0.80670,-0.00207,0.00000,0.79290,-96.835,-0.123,2
74.7680,-0.01597,0.79662,-0.00207,0.00000,0.78510,-93.732,-0.123,2
74.8200,-0.01399,0.78666,-0.00206,0.00000,0.77730,-91.122,-0.124,2
74.8720,-0.01205,0.77685,-0.00206,0.00000,0.76950,-90.225,-0.125,2
74.9240,-0.01021,0.76721,-0.00206,0.00000,0.76170,-90.096,-0.124,2
74.9760,-0.00850,0.75778,-0.00206,0.00000,0.75390,-90.056,-0.121,2
75.0280,-0.00694,0.74855,-0.00206,0.00000,0.74610,-90.032,-0.119,2
75.0800,-0.00551,0.73951,-0.00206,0.00000,0.73830,-90.021,-0.117,2
75.1320,-0.00421,0.73064,-0.00206,0.00000,0.73050,-90.015,-0.115,2
75.1840,-0.00305,0.72192,-0.00206,0.00000,0.72270,-90.010,-0.113,2
75.2360,-0.00202,0.71335,-0.00206,0.00000,0.71490,-90.007,-0.111,2
75.2880,-0.00110,0.70490,-0.00206,0.00000,0.70710,-90.005,-0.109,2
75.3400,-0.00029,0.69657,-0.00206,0.00000,0.69930,-90.005,-0.107,2
75.3920,0.00041,0.68835,-0.00206,0.00000,0.69150,-90.004,-0.105,2
75.4440,0.00103,0.68022,-0.00207,0.00000,0.68370,-90.005,-0.103,2
75.4960,0.00155,0.67217,-0.00207,0.00000,0.67590,-90.005,-0.102,2
75.5480,0.00199,0.66420,-0.00207,0.00000,0.66810,-90.006,-0.100,2
75.6000,0.00236,0.65629,-0.00207,0.00000,0.66030,-90.007,-0.099,2
75.6520,0.00265,0.64844,-0.00207,0.00000,0.65250,-90.009,-0.098,2
75.7040,0.00289,0.64063,-0.00207,0.00000,0.64470,-90.010,-0.097,2
75.7560,0.00307,0.63287,-0.00207,0.00000,0.63690,-90.011,-0.095,2
75.8080,0.00321,0.62515,-0.00208,0.00000,0.62910,-90.013,-0.094,2
75.8600,0.00329,0.61745,-0.00208,0.00000,0.62130,-90.014,-0.094,2
75.9120,0.00334,0.60977,-0.00208,0.00000,0.61350,-90.015,-0.093,2
75.9640,0.00336,0.60212,-0.00208,0.00000,0.60570,-90.017,-0.092,2
76.0160,0.00334,0.59448,-0.00208,0.00000,0.59790,-90.018,-0.092,2
76.0680,0.00329,0.58685,-0.00208,0.00000,0.59010,-90.019,-0.091,2
76.1200,0.00322,0.57923,-0.00208,0.00000,0.58230,-90.020,-0.091,2
76.1720,0.00313,0.57161,-0.00208,0.00000,0.57450,-90.021,-0.090,2
76.2240,0.00302,0.56399,-0.00208,0.00000,0.56670,-90.022,-0.090,2
76.2760,0.00290,0.55637,-0.00209,0.00000,0.55890,-90.023,-0.090,2
76.3280,0.00277,0.54875,-0.00209,0.00000,0.55110,-90.023,-0.089,2
76.3800,0.00261,0.54111,-0.00209,0.00000,0.54330,-90.024,-0.089,2
76.4320,0.00246,0.53348,-0.00209,0.00000,0.53550,-90.024,-0.089,2
76.4840,0.00231,0.52584,-0.00209,0.00000,0.52770,-90.025,-0.089,2
76.5360,0.00216,0.51819,-0.00209,0.00000,0.51990,-90.025,-0.089,2
76.5880,0.00201,0.51054,-0.00209,0.00000,0.51210,-90.026,-0.089,2
76.6400,0.00185,0.50288,-0.00209,0.00000,0.50430,-90.026,-0.089,2
76.6920,0.00168,0.49520,-0.00209,0.00000,0.49650,-90.026,-0.089,2
76.7440,0.00153,0.48752,-0.00209,0.00000,0.48870,-90.026,-0.088,2
76.7960,0.00136,0.47982,-0.00209,0.00000,0.48090,-90.026,-0.088,2
76.8480,0.00121,0.47212,-0.00209,0.00000,0.47310,-90.026,-0.088,2
76.9000,0.00108,0.46442,-0.00209,0.00000,0.46530,-90.026,-0.088,2
76.9520,0.00095,0.45670,-0.00209,0.00000,0.45750,-90.026,-0.088,2
77.0040,0.00081,0.44898,-0.00209,0.00000,0.44970,-90.026,-0.088,2
77.0560,0.00069,0.44125,-0.00209,0.00000,0.44190,-90.026,-0.088,2
77.1080,0.00057,0.43351,-0.00209,0.00000,0.43410,-90.026,-0.088,2
77.1600,0.00045,0.42576,-0.00209,0.00000,0.42630,-90.025,-0.088,2
77.2120,0.00035,0.41801,-0.00209,0.00000,0.41850,-90.025,-0.088,2
77.2640,0.00025,0.41025,-0.00209,0.00000,0.41070,-90.025,-0.088,2
77.3160,0.00016,0.40249,-0.00209,0.00000,0.40290,-90.025,-0.088,2
77.3680,0.00008,0.39472,-0.00209,0.00000,0.39510,-90.025,-0.088,2
77.4200,0.00001,0.38695,-0.00209,0.00000,0.38730,-90.024,-0.088,2
77.4720,-0.00006,0.37918,-0.00209,0.00000,0.37950,-90.024,-0.088,2
77.5240,-0.00011,0.37142,-0.00209,0.00000,0.37170,-90.024,-0.088,2
77.5760,-0.00017,0.36364,-0.00209,0.00000,0.36390,-90.024,-0.088,2
77.6280,-0.00022,0.35585,-0.00209,0.00000,0.35610,-90.024,-0.089,2
77.6800,-0.00027,0.34806,-0.00209,0.00000,0.34830,-90.024,-0.089,2
77.7320,-0.00033,0.34026,-0.00209,0.00000,0.34050,-90.024,-0.089,2
77.7840,-0.00038,0.33246,-0.00209,0.00000,0.33270,-90.023,-0.088,2
77.8360,-0.00042,0.32466,-0.00209,0.00000,0.32490,-90.023,-0.088,2
77.8880,-0.00044,0.31687,-0.00209,0.00000,0.31710,-90.023,-0.088,2
77.9400,-0.00048,0.30906,-0.00209,0.00000,0.30930,-90.023,-0.088,2
77.9920,-0.00050,0.30127,-0.00209,0.00000,0.30150,-90.023,-0.088,2
78.0440,-0.00052,0.29346,-0.00209,0.00000,0.29370,-90.022,-0.088,2
78.0960,-0.00053,0.28566,-0.00209,0.00000,0.28590,-90.022,-0.088,2
78.1480,-0.00054,0.27786,-0.00209,0.00000,0.27810,-90.022,-0.088,2
78.2000,-0.00056,0.27006,-0.00209,0.00000,0.27030,-90.022,-0.089,2
78.2520,-0.00058,0.26225,-0.00209,0.00000,0.26250,-90.022,-0.088,2
78.3040,-0.00059,0.25444,-0.00209,0.00000,0.25470,-90.022,-0.088,2
78.3560,-0.00059,0.24664,-0.00209,0.00000,0.24690,-90.022,-0.088,2
78.4080,-0.00059,0.23884,-0.00209,0.00000,0.23910,-90.022,-0.088,2
78.4600,-0.00060,0.23103,-0.00209,0.00000,0.23130,-90.022,-0.089,2
78.5120,-0.00060,0.22322,-0.00209,0.00000,0.22350,-90.022,-0.088,2
78.5640,-0.00060,0.21541,-0.00209,0.00000,0.21570,-90.022,-0.088,2
78.6160,-0.00060,0.20761,-0.00209,0.00000,0.20790,-90.021,-0.088,2
78.6680,-0.00060,0.19980,-0.00209,0.00000,0.20010,-90.021,-0.088,2
78.7200,-0.00060,0.19200,-0.00209,0.00000,0.19230,-90.021,-0.088,2
78.7720,-0.00059,0.18420,-0.00209,0.00000,0.18450,-90.021,-0.088,2
78.8240,-0.00058,0.17640,-0.00209,0.00000,0.17670,-90.021,-0.088,2
78.8760,-0.00057,0.16859,-0.00209,0.00000,0.16890,-90.021,-0.088,2
78.9280,-0.00057,0.16079,-0.00209,0.00000,0.16110,-90.021,-0.088,2
78.9800,-0.00057,0.15298,-0.00209,0.00000,0.15330,-90.021,-0.089,2
79.0320,-0.00056,0.14518,-0.00209,0.00000,0.14550,-90.021,-0.088,2
79.0840,-0.00055,0.13738,-0.00209,0.00000,0.13770,-90.021,-0.088,2
79.1360,-0.00054,0.12958,-0.00209,0.00000,0.12990,-90.021,-0.088,2
79.1880,-0.00054,0.12177,-0.00209,0.00000,0.12210,-90.021,-0.088,2
79.2400,-0.00053,0.11397,-0.00209,0.00000,0.11430,-90.021,-0.088,2
79.2920,-0.00052,0.10617,-0.00209,0.00000,0.10650,-90.021,-0.088,2
79.3440,-0.00052,0.09837,-0.00209,0.00000,0.09870,-90.021,-0.088,2
79.3960,-0.00052,0.09056,-0.00209,0.00000,0.09090,-90.021,-0.088,2
79.4480,-0.00051,0.08276,-0.00209,0.00000,0.08310,-90.021,-0.088,2
79.5000,-0.00051,0.07496,-0.00209,0.00000,0.07530,-90.021,-0.088,2
79.5520,-0.00051,0.06715,-0.00209,0.00000,0.06750,-90.021,-0.088,2
79.6040,-0.00052,0.05934,-0.00209,0.00000,0.05970,-90.021,-0.088,2
79.6560,-0.00052,0.05153,-0.00209,0.00000,0.05190,-90.021,-0.087,2
79.7080,-0.00051,0.04373,-0.00209,0.00000,0.04410,-90.021,-0.087,2
79.7600,-0.00051,0.03593,-0.00209,0.00000,0.03630,-90.021,-0.087,2
79.8120,-0.00051,0.02813,-0.00209,0.00000,0.02850,-90.021,-0.087,2
79.8640,-0.00049,0.02034,-0.00209,0.00000,0.02070,-90.021,-0.087,2
79.9160,-0.00047,0.01254,-0.00209,0.00000,0.01290,-90.021,-0.087,2
79.9680,-0.00046,0.00475,-0.00209,0.00000,0.00510,-90.021,-0.087,2
80.0200,-0.00046,-0.00305,-0.00209,0.00270,0.00000,-90.021,-0.087,3
80.0720,-0.00037,-0.01072,-0.00209,0.01050,0.00000,-89.846,-0.085,3
80.1240,0.00051,-0.01725,-0.00209,0.01830,0.00000,-87.935,-0.069,3
80.1760,0.00244,-0.02255,-0.00209,0.02610,0.00000,-84.386,-0.072,3
80.2280,0.00540,-0.02684,-0.00209,0.03390,0.00000,-80.612,-0.084,3
80.2800,0.00927,-0.03032,-0.00208,0.04170,0.00000,-76.816,-0.094,3
80.3320,0.01395,-0.03310,-0.00208,0.04950,0.00000,-73.096,-0.102,3
80.3840,0.01936,-0.03528,-0.00208,0.05730,0.00000,-69.465,-0.107,3
80.4360,0.02543,-0.03695,-0.00208,0.06510,0.00000,-65.917,-0.109,3
80.4880,0.03209,-0.03818,-0.00208,0.07290,0.00000,-62.440,-0.110,3
80.5400,0.03928,-0.03904,-0.00208,0.08070,0.00000,-59.022,-0.110,3
80.5920,0.04695,-0.03959,-0.00208,0.08850,0.00000,-55.653,-0.109,3
80.6440,0.05506,-0.03985,-0.00208,0.09630,0.00000,-52.323,-0.107,3
80.6960,0.06355,-0.03989,-0.00208,0.10410,0.00000,-49.027,-0.105,3
80.7480,0.07239,-0.03973,-0.00208,0.11190,0.00000,-45.757,-0.102,3
80.8000,0.08154,-0.03938,-0.00208,0.11970,0.00000,-42.509,-0.099,3
80.8520,0.09096,-0.03887,-0.00208,0.12750,0.00000,-39.278,-0.095,3
80.9040,0.10061,-0.03822,-0.00208,0.13530,0.00000,-36.060,-0.091,3
80.9560,0.11046,-0.03742,-0.00208,0.14310,0.00000,-32.853,-0.087,3
81.0080,0.12046,-0.03648,-0.00208,0.15090,0.00000,-29.653,-0.083,3
81.0600,0.13059,-0.03543,-0.00208,0.15870,0.00000,-26.459,-0.078,3
81.1120,0.14080,-0.03425,-0.00208,0.16650,0.00000,-23.266,-0.073,3
81.1640,0.15106,-0.03294,-0.00208,0.17430,0.00000,-20.072,-0.069,3
81.2160,0.16133,-0.03153,-0.00208,0.18210,0.00000,-16.875,-0.064,3
81.2680,0.17158,-0.03001,-0.00208,0.18990,0.00000,-13.671,-0.058,3
81.3200,0.18176,-0.02840,-0.00208,0.19770,0.00000,-10.459,-0.053,3
81.3720,0.19187,-0.02668,-0.00208,0.20550,0.00000,-7.238,-0.048,3
81.4240,0.20186,-0.02487,-0.00208,0.21330,0.00000,-4.078,-0.043,3
81.4760,0.21174,-0.02297,-0.00208,0.22110,0.00000,-1.509,-0.038,3
81.5280,0.22151,-0.02098,-0.00208,0.22890,0.00000,-0.704,-0.034,3
81.5800,0.23109,-0.01893,-0.00208,0.23670,0.00000,-0.520,-0.027,3
81.6320,0.24048,-0.01694,-0.00208,0.24450,0.00000,-0.405,-0.020,3
81.6840,0.24968,-0.01507,-0.00208,0.25230,0.00000,-0.324,-0.014,3
81.7360,0.25870,-0.01329,-0.00208,0.26010,0.00000,-0.267,-0.008,3
81.7880,0.26756,-0.01163,-0.00208,0.26790,0.00000,-0.223,-0.003,3
81.8400,0.27627,-0.01008,-0.00209,0.27570,0.00000,-0.187,0.001,3
81.8920,0.28483,-0.00864,-0.00209,0.28350,0.00000,-0.159,0.005,3
81.9440,0.29327,-0.00732,-0.00209,0.29130,0.00000,-0.136,0.008,3
81.9960,0.30159,-0.00611,-0.00209,0.29910,0.00000,-0.118,0.011,3
82.0480,0.30981,-0.00500,-0.00209,0.30690,0.00000,-0.103,0.013,3
82.1000,0.31793,-0.00400,-0.00209,0.31470,0.00000,-0.091,0.015,3
82.1520,0.32597,-0.00309,-0.00209,0.32250,0.00000,-0.081,0.017,3
82.2040,0.33394,-0.00227,-0.00209,0.33030,0.00000,-0.074,0.019,3
82.2560,0.34184,-0.00155,-0.00209,0.33810,0.00000,-0.067,0.020,3
82.3080,0.34969,-0.00090,-0.00209,0.34590,0.00000,-0.062,0.021,3
82.3600,0.35750,-0.00032,-0.00210,0.35370,0.00000,-0.058,0.022,3
82.4120,0.36526,0.00018,-0.00210,0.36150,0.00000,-0.055,0.023,3
82.4640,0.37299,0.00061,-0.00210,0.36930,0.00000,-0.052,0.024,3
82.5160,0.38070,0.00099,-0.00210,0.37710,0.00000,-0.050,0.024,3
82.5680,0.38838,0.00130,-0.00210,0.38490,0.00000,-0.048,0.025,3
82.6200,0.39604,0.00156,-0.00210,0.39270,0.00000,-0.047,0.026,3
82.6720,0.40369,0.00177,-0.00210,0.40050,0.00000,-0.045,0.026,3
82.7240,0.41133,0.00194,-0.00210,0.40830,0.00000,-0.044,0.026,3
82.7760,0.41896,0.00206,-0.00210,0.41610,0.00000,-0.043,0.027,3
82.8280,0.42658,0.00215,-0.00210,0.42390,0.00000,-0.042,0.027,3
82.8800,0.43421,0.00221,-0.00210,0.43170,0.00000,-0.041,0.027,3
82.9320,0.44184,0.00224,-0.00210,0.43950,0.00000,-0.040,0.027,3
82.9840,0.44947,0.00223,-0.00210,0.44730,0.00000,-0.039,0.028,3
83.0360,0.45710,0.00221,-0.00210,0.45510,0.00000,-0.038,0.027,3
83.0880,0.46475,0.00219,-0.00210,0.46290,0.00000,-0.037,0.028,3
83.1400,0.47240,0.00213,-0.00210,0.47070,0.00000,-0.037,0.028,3
83.1920,0.48005,0.00205,-0.00210,0.47850,0.00000,-0.036,0.028,3
83.2440,0.48772,0.00198,-0.00210,0.48630,0.00000,-0.035,0.028,3
83.2960,0.49539,0.00189,-0.00210,0.49410,0.00000,-0.035,0.028,3
83.3480,0.50307,0.00179,-0.00210,0.50190,0.00000,-0.034,0.028,3
83.4000,0.51075,0.00168,-0.00210,0.50970,0.00000,-0.033,0.028,3
83.4520,0.51845,0.00157,-0.00210,0.51750,0.00000,-0.032,0.028,3
83.5040,0.52616,0.00146,-0.00210,0.52530,0.00000,-0.032,0.028,3
83.5560,0.53387,0.00135,-0.00210,0.53310,0.00000,-0.031,0.028,3
83.6080,0.54159,0.00123,-0.00210,0.54090,0.00000,-0.031,0.028,3
83.6600,0.54932,0.00112,-0.00209,0.54870,0.00000,-0.030,0.028,3
83.7120,0.55705,0.00100,-0.00209,0.55650,0.00000,-0.030,0.028,3
83.7640,0.56479,0.00089,-0.00209,0.56430,0.00000,-0.029,0.028,3
83.8160,0.57254,0.00077,-0.00209,0.57210,0.00000,-0.028,0.028,3
83.8680,0.58030,0.00067,-0.00209,0.57990,0.00000,-0.028,0.028,3
83.9200,0.58806,0.00057,-0.00209,0.58770,0.00000,-0.027,0.028,3
83.9720,0.59583,0.00049,-0.00209,0.59550,0.00000,-0.027,0.028,3
84.0240,0.60361,0.00040,-0.00209,0.60330,0.00000,-0.027,0.029,3
84.0760,0.61138,0.00031,-0.00209,0.61110,0.00000,-0.027,0.029,3
84.1280,0.61917,0.00024,-0.00209,0.61890,0.00000,-0.027,0.029,3
84.1800,0.62695,0.00016,-0.00209,0.62670,0.00000,-0.027,0.029,3
84.2320,0.63473,0.00007,-0.00209,0.63450,0.00000,-0.026,0.029,3
84.2840,0.64252,0.00000,-0.00209,0.64230,0.00000,-0.025,0.029,3
84.3360,0.65031,-0.00006,-0.00209,0.65010,0.00000,-0.025,0.029,3
84.3880,0.65811,-0.00011,-0.00209,0.65790,0.00000,-0.025,0.029,3
84.4400,0.66591,-0.00016,-0.00209,0.66570,0.00000,-0.025,0.029,3
84.4920,0.67370,-0.00021,-0.00209,0.67350,0.00000,-0.025,0.029,3
84.5440,0.68150,-0.00027,-0.00209,0.68130,0.00000,-0.025,0.029,3
84.5960,0.68930,-0.00032,-0.00209,0.68910,0.00000,-0.024,0.029,3
84.6480,0.69710,-0.00036,-0.00209,0.69690,0.00000,-0.024,0.029,3
84.7000,0.70490,-0.00040,-0.00209,0.70470,0.00000,-0.024,0.029,3
84.7520,0.71270,-0.00044,-0.00209,0.71250,0.00000,-0.024,0.029,3
84.8040,0.72050,-0.00047,-0.00209,0.72030,0.00000,-0.023,0.028,3
84.8560,0.72831,-0.00049,-0.00209,0.72810,0.00000,-0.023,0.028,3
84.9080,0.73611,-0.00051,-0.00209,0.73590,0.00000,-0.023,0.028,3
84.9600,0.74392,-0.00053,-0.00209,0.74370,0.00000,-0.023,0.028,3
85.0120,0.75173,-0.00054,-0.00209,0.75150,0.00000,-0.023,0.028,3
85.0640,0.75954,-0.00055,-0.00209,0.75930,0.00000,-0.023,0.029,3
85.1160,0.76734,-0.00056,-0.00209,0.76710,0.00000,-0.024,0.029,3
85.1680,0.77514,-0.00058,-0.00209,0.77490,0.00000,-0.023,0.029,3
85.2200,0.78295,-0.00059,-0.00209,0.78270,0.00000,-0.023,0.028,3
85.2720,0.79075,-0.00059,-0.00209,0.79050,0.00000,-0.023,0.028,3
85.3240,0.79856,-0.00058,-0.00209,0.79830,0.00000,-0.023,0.028,3
85.3760,0.80637,-0.00058,-0.00209,0.80610,0.00000,-0.023,0.029,3
85.4280,0.81417,-0.00059,-0.00209,0.81390,0.00000,-0.024,0.029,3
85.4800,0.82198,-0.00058,-0.00209,0.82170,0.00000,-0.024,0.029,3
85.5320,0.82978,-0.00058,-0.00209,0.82950,0.00000,-0.024,0.029,3
85.5840,0.83758,-0.00059,-0.00209,0.83730,0.00000,-0.024,0.029,3
85.6360,0.84539,-0.00059,-0.00209,0.84510,0.00000,-0.024,0.029,3
85.6880,0.85319,-0.00059,-0.00209,0.85290,0.00000,-0.024,0.029,3
85.7400,0.86099,-0.00058,-0.00209,0.86070,0.00000,-0.024,0.029,3
85.7920,0.86880,-0.00058,-0.00209,0.86850,0.00000,-0.024,0.029,3
85.8440,0.87660,-0.00057,-0.00209,0.87630,0.00000,-0.024,0.029,3
85.8960,0.88440,-0.00056,-0.00209,0.88410,0.00000,-0.024,0.029,3
85.9480,0.89221,-0.00055,-0.00209,0.89190,0.00000,-0.025,0.029,3
86.0000,0.90002,-0.00054,-0.00209,0.89970,0.00000,-0.025,0.029,3
86.0520,0.90782,-0.00054,-0.00209,0.90750,0.00000,-0.025,0.030,3
86.1040,0.91562,-0.00053,-0.00209,0.91530,0.00000,-0.025,0.030,3
86.1560,0.92342,-0.00053,-0.00209,0.92310,0.00000,-0.025,0.030,3
86.2080,0.93122,-0.00053,-0.00209,0.93090,0.00000,-0.025,0.030,3
86.2600,0.93901,-0.00053,-0.00209,0.93870,0.00000,-0.025,0.030,3
86.3120,0.94682,-0.00052,-0.00209,0.94650,0.00000,-0.025,0.029,3
86.3640,0.95462,-0.00052,-0.00209,0.95430,0.00000,-0.025,0.030,3
86.4160,0.96242,-0.00051,-0.00209,0.96210,0.00000,-0.025,0.030,3
86.4680,0.97021,-0.00052,-0.00209,0.96990,0.00000,-0.025,0.030,3
86.5200,0.97801,-0.00053,-0.00209,0.97770,0.00000,-0.025,0.030,3
86.5720,0.98580,-0.00053,-0.00209,0.98550,0.00000,-0.025,0.029,3
86.6240,0.99360,-0.00053,-0.00209,0.99330,0.00000,-0.024,0.029,3
86.6760,1.00139,-0.00055,-0.00209,1.00000,0.00110,-0.024,0.029,3
86.7280,1.00899,-0.00040,-0.00209,1.00000,0.00890,0.258,0.032,3
86.7800,1.01540,0.00051,-0.00209,1.00000,0.01670,2.340,0.048,3
86.8320,1.02058,0.00225,-0.00209,1.00000,0.02450,5.879,0.041,3
86.8840,1.02472,0.00478,-0.00208,1.00000,0.03230,9.573,0.029,3
86.9360,1.02799,0.00811,-0.00208,1.00000,0.04010,13.286,0.020,3
86.9880,1.03052,0.01216,-0.00208,1.00000,0.04790,16.928,0.014,3
87.0400,1.03244,0.01689,-0.00208,1.00000,0.05570,20.493,0.010,3
87.0920,1.03385,0.02222,-0.00208,1.00000,0.06350,23.986,0.007,3
87.1440,1.03484,0.02810,-0.00207,1.00000,0.07130,27.417,0.006,3
87.1960,1.03549,0.03449,-0.00207,1.00000,0.07910,30.796,0.006,3
87.2480,1.03586,0.04133,-0.00207,1.00000,0.08690,34.130,0.007,3
87.3000,1.03602,0.04859,-0.00207,1.00000,0.09470,37.427,0.008,3
87.3520,1.03600,0.05623,-0.00207,1.00000,0.10250,40.692,0.010,3
87.4040,1.03584,0.06423,-0.00207,1.00000,0.11030,43.930,0.013,3
87.4560,1.03556,0.07254,-0.00207,1.00000,0.11810,47.145,0.016,3
87.5080,1.03518,0.08113,-0.00207,1.00000,0.12590,50.341,0.019,3
87.5600,1.03471,0.08999,-0.00207,1.00000,0.13370,53.520,0.022,3
87.6120,1.03416,0.09909,-0.00207,1.00000,0.14150,56.684,0.025,3
87.6640,1.03354,0.10839,-0.00207,1.00000,0.14930,59.835,0.028,3
87.7160,1.03283,0.11785,-0.00207,1.00000,0.15710,62.976,0.031,3
87.7680,1.03204,0.12745,-0.00207,1.00000,0.16490,66.107,0.034,3
87.8200,1.03116,0.13717,-0.00207,1.00000,0.17270,69.230,0.037,3
87.8720,1.03019,0.14697,-0.00207,1.00000,0.18050,72.345,0.040,3
87.9240,1.02911,0.15682,-0.00207,1.00000,0.18830,75.452,0.042,3
87.9760,1.02792,0.16670,-0.00207,1.00000,0.19610,78.553,0.044,3
88.0280,1.02664,0.17661,-0.00207,1.00000,0.20390,81.645,0.045,3
88.0800,1.02524,0.18651,-0.00207,1.00000,0.21170,84.720,0.046,3
88.1320,1.02372,0.19637,-0.00207,1.00000,0.21950,87.672,0.047,3
88.1840,1.02208,0.20616,-0.00207,1.00000,0.22730,89.822,0.048,3
88.2360,1.02031,0.21579,-0.00207,1.00000,0.23510,90.257,0.051,3
88.2880,1.01846,0.22528,-0.00207,1.00000,0.24290,90.243,0.052,3
88.3400,1.01666,0.23468,-0.00207,1.00000,0.25070,90.224,0.050,3
88.3920,1.01494,0.24403,-0.00207,1.00000,0.25850,90.196,0.048,3
88.4440,1.01332,0.25331,-0.00207,1.00000,0.26630,90.164,0.046,3
88.4960,1.01179,0.26251,-0.00207,1.00000,0.27410,90.137,0.044,3
88.5480,1.01036,0.27163,-0.00207,1.00000,0.28190,90.115,0.042,3
88.6000,1.00902,0.28067,-0.00207,1.00000,0.28970,90.096,0.041,3
88.6520,1.00777,0.28963,-0.00207,1.00000,0.29750,90.080,0.039,3
88.7040,1.00662,0.29851,-0.00207,1.00000,0.30530,90.066,0.038,3
88.7560,1.00556,0.30730,-0.00207,1.00000,0.31310,90.055,0.037,3
88.8080,1.00458,0.31601,-0.00207,1.00000,0.32090,90.046,0.037,3
88.8600,1.00368,0.32463,-0.00208,1.00000,0.32870,90.038,0.036,3
88.9120,1.00286,0.33319,-0.00208,1.00000,0.33650,90.031,0.035,3
88.9640,1.00213,0.34167,-0.00208,1.00000,0.34430,90.026,0.035,3
89.0160,1.00147,0.35008,-0.00208,1.00000,0.35210,90.022,0.034,3
89.0680,1.00086,0.35842,-0.00208,1.00000,0.35990,90.019,0.034,3
89.1200,1.00033,0.36670,-0.00208,1.00000,0.36770,90.016,0.034,3
89.1720,0.99986,0.37492,-0.00208,1.00000,0.37550,90.013,0.033,3
89.2240,0.99944,0.38309,-0.00208,1.00000,0.38330,90.012,0.033,3
89.2760,0.99906,0.39119,-0.00208,1.00000,0.39110,90.010,0.033,3
89.3280,0.99874,0.39926,-0.00208,1.00000,0.39890,90.009,0.032,3
89.3800,0.99847,0.40728,-0.00208,1.00000,0.40670,90.008,0.032,3
89.4320,0.99824,0.41527,-0.00208,1.00000,0.41450,90.008,0.031,3
89.4840,0.99804,0.42322,-0.00208,1.00000,0.42230,90.007,0.031,3
89.5360,0.99790,0.43115,-0.00208,1.00000,0.43010,90.007,0.031,3
89.5880,0.99777,0.43904,-0.00208,1.00000,0.43790,90.007,0.031,3
89.6400,0.99769,0.44692,-0.00208,1.00000,0.44570,90.008,0.031,3
89.6920,0.99763,0.45477,-0.00208,1.00000,0.45350,90.008,0.030,3
89.7440,0.99759,0.46261,-0.00208,1.00000,0.46130,90.009,0.031,3
89.7960,0.99757,0.47043,-0.00208,1.00000,0.46910,90.009,0.030,3
89.8480,0.99758,0.47823,-0.00208,1.00000,0.47690,90.010,0.031,3
89.9000,0.99759,0.48602,-0.00209,1.00000,0.48470,90.011,0.031,3
89.9520,0.99762,0.49381,-0.00209,1.00000,0.49250,90.011,0.031,3
90.0040,0.99767,0.50158,-0.00209,1.00000,0.50030,90.012,0.031,3
90.0560,0.99771,0.50934,-0.00209,1.00000,0.50810,90.013,0.031,3
90.1080,0.99776,0.51709,-0.00209,1.00000,0.51590,90.013,0.031,3
90.1600,0.99782,0.52484,-0.00209,1.00000,0.52370,90.013,0.030,3
90.2120,0.99789,0.53259,-0.00209,1.00000,0.53150,90.014,0.030,3
90.2640,0.99797,0.54035,-0.00209,1.00000,0.53930,90.014,0.030,3
90.3160,0.99804,0.54809,-0.00209,1.00000,0.54710,90.015,0.030,3
90.3680,0.99812,0.55584,-0.00209,1.00000,0.55490,90.015,0.030,3
90.4200,0.99820,0.56359,-0.00209,1.00000,0.56270,90.015,0.030,3
90.4720,0.99828,0.57134,-0.00209,1.00000,0.57050,90.016,0.030,3
90.5240,0.99836,0.57909,-0.00209,1.00000,0.57830,90.016,0.030,3
90.5760,0.99844,0.58684,-0.00209,1.00000,0.58610,90.017,0.029,3
90.6280,0.99853,0.59460,-0.00209,1.00000,0.59390,90.017,0.029,3
90.6800,0.99861,0.60236,-0.00209,1.00000,0.60170,90.017,0.029,3
90.7320,0.99869,0.61012,-0.00209,1.00000,0.60950,90.018,0.030,3
90.7840,0.99877,0.61788,-0.00209,1.00000,0.61730,90.018,0.030,3
90.8360,0.99884,0.62565,-0.00209,1.00000,0.62510,90.018,0.030,3
90.8880,0.99891,0.63342,-0.00209,1.00000,0.63290,90.019,0.030,3
90.9400,0.99898,0.64119,-0.00209,1.00000,0.64070,90.019,0.030,3
90.9920,0.99904,0.64896,-0.00209,1.00000,0.64850,90.020,0.030,3
91.0440,0.99909,0.65674,-0.00209,1.00000,0.65630,90.020,0.030,3
91.0960,0.99914,0.66451,-0.00209,1.00000,0.66410,90.020,0.030,3
91.1480,0.99920,0.67229,-0.00209,1.00000,0.67190,90.020,0.030,3
91.2000,0.99925,0.68008,-0.00209,1.00000,0.67970,90.020,0.030,3
91.2520,0.99930,0.68786,-0.00209,1.00000,0.68750,90.020,0.030,3
91.3040,0.99934,0.69565,-0.00209,1.00000,0.69530,90.020,0.030,3
91.3560,0.99937,0.70343,-0.00209,1.00000,0.70310,90.020,0.030,3
91.4080,0.99941,0.71122,-0.00209,1.00000,0.71090,90.020,0.030,3
91.4600,0.99945,0.71901,-0.00209,1.00000,0.71870,90.020,0.030,3
91.5120,0.99948,0.72680,-0.00209,1.00000,0.72650,90.020,0.030,3
91.5640,0.99950,0.73459,-0.00209,1.00000,0.73430,90.021,0.030,3
91.6160,0.99951,0.74238,-0.00209,1.00000,0.74210,90.020,0.030,3
91.6680,0.99954,0.75018,-0.00209,1.00000,0.74990,90.020,0.029,3
91.7200,0.99957,0.75798,-0.00209,1.00000,0.75770,90.020,0.029,3
91.7720,0.99958,0.76578,-0.00209,1.00000,0.76550,90.021,0.030,3
91.8240,0.99959,0.77357,-0.00209,1.00000,0.77330,90.021,0.030,3
91.8760,0.99961,0.78137,-0.00209,1.00000,0.78110,90.020,0.029,3
91.9280,0.99963,0.78918,-0.00209,1.00000,0.78890,90.021,0.030,3
91.9800,0.99965,0.79698,-0.00209,1.00000,0.79670,90.021,0.030,3
92.0320,0.99966,0.80479,-0.00209,1.00000,0.80450,90.021,0.030,3
92.0840,0.99966,0.81258,-0.00209,1.00000,0.81230,90.021,0.030,3
92.1360,0.99967,0.82038,-0.00209,1.00000,0.82010,90.021,0.030,3
92.1880,0.99967,0.82818,-0.00209,1.00000,0.82790,90.021,0.030,3
92.2400,0.99967,0.83598,-0.00209,1.00000,0.83570,90.021,0.030,3
92.2920,0.99967,0.84378,-0.00209,1.00000,0.84350,90.021,0.030,3
92.3440,0.99968,0.85159,-0.00209,1.00000,0.85130,90.021,0.030,3
92.3960,0.99969,0.85940,-0.00209,1.00000,0.85910,90.022,0.030,3
92.4480,0.99969,0.86720,-0.00209,1.00000,0.86690,90.022,0.031,3
92.5000,0.99968,0.87500,-0.00209,1.00000,0.87470,90.022,0.031,3
92.5520,0.99968,0.88280,-0.00209,1.00000,0.88250,90.022,0.031,3
92.6040,0.99968,0.89060,-0.00209,1.00000,0.89030,90.022,0.031,3
92.6560,0.99967,0.89840,-0.00209,1.00000,0.89810,90.022,0.031,3
92.7080,0.99966,0.90619,-0.00209,1.00000,0.90590,90.022,0.031,3
92.7600,0.99966,0.91400,-0.00209,1.00000,0.91370,90.021,0.031,3
92.8120,0.99965,0.92180,-0.00209,1.00000,0.92150,90.022,0.031,3
92.8640,0.99964,0.92959,-0.00209,1.00000,0.92930,90.022,0.031,3
92.9160,0.99964,0.93740,-0.00209,1.00000,0.93710,90.022,0.031,3
92.9680,0.99963,0.94519,-0.00209,1.00000,0.94490,90.022,0.031,3
93.0200,0.99962,0.95299,-0.00209,1.00000,0.95270,90.021,0.031,3
93.0720,0.99961,0.96078,-0.00209,1.00000,0.96050,90.021,0.030,3
93.1240,0.99959,0.96858,-0.00209,1.00000,0.96830,90.021,0.030,3
93.1760,0.99959,0.97638,-0.00209,1.00000,0.97610,90.020,0.030,3
93.2280,0.99959,0.98418,-0.00209,1.00000,0.98390,90.020,0.030,3
93.2800,0.99959,0.99199,-0.00209,1.00000,0.99170,90.021,0.030,3
93.3320,0.99960,0.99980,-0.00209,1.00000,0.99950,90.021,0.030,3
93.3840,0.99940,1.00732,-0.00209,0.99270,1.00000,90.444,0.036,3
93.4360,0.99842,1.01373,-0.00209,0.98490,1.00000,92.701,0.053,3
93.4880,0.99665,1.01904,-0.00209,0.97710,1.00000,96.157,0.049,3
93.5400,0.99414,1.02331,-0.00208,0.96930,1.00000,99.745,0.043,3
93.5920,0.99093,1.02662,-0.00208,0.96150,1.00000,103.355,0.042,3
93.6440,0.98710,1.02910,-0.00208,0.95370,1.00000,106.908,0.043,3
93.6960,0.98270,1.03089,-0.00208,0.94590,1.00000,110.396,0.044,3
93.7480,0.97779,1.03209,-0.00207,0.93810,1.00000,113.823,0.046,3
93.8000,0.97239,1.03283,-0.00207,0.93030,1.00000,117.197,0.048,3
93.8520,0.96655,1.03320,-0.00207,0.92250,1.00000,120.527,0.050,3
93.9040,0.96030,1.03328,-0.00207,0.91470,1.00000,123.821,0.051,3
93.9560,0.95364,1.03316,-0.00206,0.90690,1.00000,127.084,0.053,3
94.0080,0.94661,1.03286,-0.00206,0.89910,1.00000,130.322,0.054,3
94.0600,0.93921,1.03244,-0.00206,0.89130,1.00000,133.537,0.054,3
94.1120,0.93148,1.03193,-0.00206,0.88350,1.00000,136.734,0.054,3
94.1640,0.92343,1.03134,-0.00206,0.87570,1.00000,139.915,0.053,3
94.2160,0.91509,1.03067,-0.00206,0.86790,1.00000,143.084,0.052,3
94.2680,0.90647,1.02995,-0.00206,0.86010,1.00000,146.242,0.051,3
94.3200,0.89759,1.02915,-0.00206,0.85230,1.00000,149.391,0.048,3
94.3720,0.88849,1.02829,-0.00206,0.84450,1.00000,152.533,0.045,3
94.4240,0.87918,1.02733,-0.00206,0.83670,1.00000,155.670,0.041,3
94.4760,0.86969,1.02629,-0.00206,0.82890,1.00000,158.803,0.037,3
94.5280,0.86005,1.02515,-0.00206,0.82110,1.00000,161.935,0.031,3
94.5800,0.85028,1.02391,-0.00206,0.81330,1.00000,165.066,0.025,3
94.6320,0.84042,1.02256,-0.00206,0.80550,1.00000,168.199,0.019,3
94.6840,0.83050,1.02111,-0.00206,0.79770,1.00000,171.334,0.012,3
94.7360,0.82054,1.01953,-0.00206,0.78990,1.00000,174.463,0.005,3
94.7880,0.81057,1.01785,-0.00206,0.78210,1.00000,177.461,-0.003,3
94.8400,0.80066,1.01607,-0.00206,0.77430,1.00000,179.512,-0.009,3
94.8920,0.79090,1.01431,-0.00206,0.76650,1.00000,179.889,-0.014,3
94.9440,0.78126,1.01261,-0.00206,0.75870,1.00000,179.933,-0.021,3
94.9960,0.77166,1.01100,-0.00206,0.75090,1.00000,179.974,-0.029,3
95.0480,0.76209,1.00949,-0.00206,0.74310,1.00000,179.994,-0.037,3
95.1000,0.75258,1.00808,-0.00206,0.73530,1.00000,-179.996,-0.044,3
95.1520,0.74352,1.00502,-0.00206,0.72750,1.00000,-179.520,-0.046,3
95.2040,0.73476,1.00194,-0.00203,0.71970,1.00000,-179.214,-0.047,3
95.2560,0.72601,0.99973,-0.00198,0.71190,1.00000,-179.370,-0.044,3
95.3080,0.71727,0.99774,-0.00194,0.70410,1.00000,-179.458,-0.045,3
95.3600,0.70852,0.99602,-0.00190,0.69630,1.00000,-179.542,-0.050,3
95.4120,0.69978,0.99456,-0.00187,0.68850,1.00000,-179.619,-0.055,3
95.4640,0.69105,0.99332,-0.00185,0.68070,1.00000,-179.683,-0.059,3
95.5160,0.68234,0.99228,-0.00183,0.67290,1.00000,-179.736,-0.062,3
95.5680,0.67367,0.99145,-0.00181,0.66510,1.00000,-179.780,-0.065,3
95.6200,0.66503,0.99077,-0.00180,0.65730,1.00000,-179.816,-0.068,3
95.6720,0.65642,0.99024,-0.00179,0.64950,1.00000,-179.847,-0.070,3
95.7240,0.64785,0.98986,-0.00178,0.64170,1.00000,-179.872,-0.072,3
95.7760,0.63932,0.98960,-0.00177,0.63390,1.00000,-179.893,-0.073,3
95.8280,0.63085,0.98945,-0.00177,0.62610,1.00000,-179.911,-0.074,3
95.8800,0.62242,0.98940,-0.00177,0.61830,1.00000,-179.925,-0.075,3
95.9320,0.61403,0.98944,-0.00177,0.61050,1.00000,-179.937,-0.076,3
95.9840,0.60569,0.98956,-0.00177,0.60270,1.00000,-179.947,-0.077,3
96.0360,0.59740,0.98974,-0.00178,0.59490,1.00000,-179.955,-0.077,3
96.0880,0.58915,0.98998,-0.00178,0.58710,1.00000,-179.962,-0.078,3
96.1400,0.58094,0.99026,-0.00179,0.57930,1.00000,-179.968,-0.078,3
96.1920,0.57276,0.99058,-0.00180,0.57150,1.00000,-179.972,-0.078,3
96.2440,0.56463,0.99093,-0.00181,0.56370,1.00000,-179.976,-0.079,3
96.2960,0.55654,0.99131,-0.00182,0.55590,1.00000,-179.979,-0.079,3
96.3480,0.54847,0.99170,-0.00182,0.54810,1.00000,-179.981,-0.079,3
96.4000,0.54043,0.99210,-0.00184,0.54030,1.00000,-179.983,-0.078,3
96.4520,0.53243,0.99252,-0.00185,0.53250,1.00000,-179.984,-0.078,3
96.5040,0.52445,0.99294,-0.00186,0.52470,1.00000,-179.985,-0.078,3
96.5560,0.51650,0.99336,-0.00187,0.51690,1.00000,-179.986,-0.078,3
96.6080,0.50858,0.99378,-0.00188,0.50910,1.00000,-179.987,-0.078,3
96.6600,0.50068,0.99420,-0.00189,0.50130,1.00000,-179.987,-0.078,3
96.7120,0.49280,0.99462,-0.00190,0.49350,1.00000,-179.987,-0.078,3
96.7640,0.48493,0.99502,-0.00191,0.48570,1.00000,-179.987,-0.078,3
96.8160,0.47708,0.99540,-0.00192,0.47790,1.00000,-179.987,-0.078,3
96.8680,0.46924,0.99577,-0.00193,0.47010,1.00000,-179.987,-0.078,3
96.9200,0.46142,0.99612,-0.00194,0.46230,1.00000,-179.986,-0.078,3
96.9720,0.45360,0.99646,-0.00195,0.45450,1.00000,-179.986,-0.078,3
97.0240,0.44580,0.99677,-0.00196,0.44670,1.00000,-179.986,-0.078,3
97.0760,0.43799,0.99707,-0.00197,0.43890,1.00000,-179.985,-0.078,3
97.1280,0.43019,0.99733,-0.00198,0.43110,1.00000,-179.985,-0.078,3
97.1800,0.42240,0.99760,-0.00199,0.42330,1.00000,-179.985,-0.078,3
97.2320,0.41461,0.99784,-0.00199,0.41550,1.00000,-179.984,-0.078,3
97.2840,0.40683,0.99808,-0.00200,0.40770,1.00000,-179.984,-0.077,3
97.3360,0.39905,0.99829,-0.00201,0.39990,1.00000,-179.983,-0.077,3
97.3880,0.39128,0.99848,-0.00202,0.39210,1.00000,-179.983,-0.077,3
97.4400,0.38350,0.99866,-0.00202,0.38430,1.00000,-179.982,-0.077,3
97.4920,0.37573,0.99882,-0.00203,0.37650,1.00000,-179.982,-0.077,3
97.5440,0.36796,0.99898,-0.00204,0.36870,1.00000,-179.982,-0.077,3
97.5960,0.36018,0.99911,-0.00204,0.36090,1.00000,-179.981,-0.077,3
97.6480,0.35241,0.99923,-0.00205,0.35310,1.00000,-179.981,-0.077,3
97.7000,0.34463,0.99934,-0.00205,0.34530,1.00000,-179.980,-0.077,3
97.7520,0.33686,0.99943,-0.00206,0.33750,1.00000,-179.980,-0.077,3
97.8040,0.32909,0.99952,-0.00206,0.32970,1.00000,-179.980,-0.077,3
97.8560,0.32131,0.99960,-0.00206,0.32190,1.00000,-179.980,-0.077,3
97.9080,0.31354,0.99967,-0.00207,0.31410,1.00000,-179.979,-0.077,3
97.9600,0.30576,0.99972,-0.00207,0.30630,1.00000,-179.979,-0.077,3
98.0120,0.29799,0.99978,-0.00207,0.29850,1.00000,-179.979,-0.077,3
98.0640,0.29022,0.99982,-0.00208,0.29070,1.00000,-179.978,-0.077,3
98.1160,0.28243,0.99986,-0.00208,0.28290,1.00000,-179.978,-0.077,3
98.1680,0.27466,0.99989,-0.00208,0.27510,1.00000,-179.978,-0.077,3
98.2200,0.26688,0.99991,-0.00208,0.26730,1.00000,-179.978,-0.077,3
98.2720,0.25910,0.99993,-0.00209,0.25950,1.00000,-179.978,-0.077,3
98.3240,0.25131,0.99994,-0.00209,0.25170,1.00000,-179.977,-0.078,3
98.3760,0.24352,0.99994,-0.00209,0.24390,1.00000,-179.977,-0.077,3
98.4280,0.23573,0.99994,-0.00209,0.23610,1.00000,-179.977,-0.077,3
98.4800,0.22794,0.99994,-0.00209,0.22830,1.00000,-179.977,-0.077,3
98.5320,0.22014,0.99992,-0.00209,0.22050,1.00000,-179.977,-0.077,3
98.5840,0.21235,0.99991,-0.00209,0.21270,1.00000,-179.977,-0.077,3
98.6360,0.20455,0.99989,-0.00210,0.20490,1.00000,-179.977,-0.077,3
98.6880,0.19675,0.99987,-0.00210,0.19710,1.00000,-179.977,-0.077,3
98.7400,0.18896,0.99986,-0.00210,0.18930,1.00000,-179.977,-0.077,3
98.7920,0.18116,0.99984,-0.00210,0.18150,1.00000,-179.977,-0.077,3
98.8440,0.17336,0.99983,-0.00210,0.17370,1.00000,-179.977,-0.077,3
98.8960,0.16557,0.99982,-0.00210,0.16590,1.00000,-179.977,-0.077,3
98.9480,0.15778,0.99981,-0.00210,0.15810,1.00000,-179.977,-0.077,3
99.0000,0.14999,0.99980,-0.00210,0.15030,1.00000,-179.977,-0.077,3
99.0520,0.14219,0.99979,-0.00210,0.14250,1.00000,-179.977,-0.078,3
99.1040,0.13439,0.99977,-0.00210,0.13470,1.00000,-179.977,-0.078,3
99.1560,0.12659,0.99976,-0.00210,0.12690,1.00000,-179.977,-0.078,3
99.2080,0.11880,0.99975,-0.00210,0.11910,1.00000,-179.977,-0.078,3
99.2600,0.11100,0.99973,-0.00210,0.11130,1.00000,-179.977,-0.078,3
99.3120,0.10320,0.99971,-0.00210,0.10350,1.00000,-179.977,-0.078,3
99.3640,0.09540,0.99970,-0.00210,0.09570,1.00000,-179.977,-0.078,3
99.4160,0.08760,0.99968,-0.00210,0.08790,1.00000,-179.977,-0.078,3
99.4680,0.07980,0.99967,-0.00210,0.08010,1.00000,-179.977,-0.078,3
99.5200,0.07200,0.99965,-0.00210,0.07230,1.00000,-179.977,-0.078,3
99.5720,0.06419,0.99963,-0.00210,0.06450,1.00000,-179.977,-0.078,3
99.6240,0.05639,0.99962,-0.00209,0.05670,1.00000,-179.977,-0.078,3
99.6760,0.04859,0.99960,-0.00209,0.04890,1.00000,-179.977,-0.078,3
99.7280,0.04079,0.99960,-0.00209,0.04110,1.00000,-179.977,-0.078,3
99.7800,0.03299,0.99960,-0.00209,0.03330,1.00000,-179.977,-0.078,3
99.8320,0.02519,0.99959,-0.00209,0.02550,1.00000,-179.977,-0.078,3
99.8840,0.01739,0.99957,-0.00209,0.01770,1.00000,-179.977,-0.078,3
99.9360,0.00959,0.99957,-0.00209,0.00990,1.00000,-179.977,-0.078,3
99.9880,0.00179,0.99956,-0.00209,0.00210,1.00000,-179.977,-0.078,3
100.0400,-0.00602,0.99954,-0.00209,0.00000,0.99430,-179.977,-0.078,3
100.0920,-0.01338,0.99922,-0.00209,0.00000,0.98650,-179.345,-0.070,3
100.1440,-0.01956,0.99796,-0.00209,0.00000,0.97870,-176.823,-0.054,3
100.1960,-0.02465,0.99569,-0.00209,0.00000,0.97090,-173.139,-0.059,3
100.2480,-0.02874,0.99249,-0.00209,0.00000,0.96310,-169.291,-0.066,3
100.3000,-0.03192,0.98851,-0.00209,0.00000,0.95530,-165.457,-0.068,3
100.3520,-0.03431,0.98381,-0.00208,0.00000,0.94750,-161.715,-0.068,3
100.4040,-0.03603,0.97849,-0.00208,0.00000,0.93970,-158.074,-0.068,3
100.4560,-0.03719,0.97258,-0.00208,0.00000,0.93190,-154.523,-0.069,3
100.5080,-0.03789,0.96613,-0.00208,0.00000,0.92410,-151.050,-0.069,3
100.5600,-0.03822,0.95919,-0.00208,0.00000,0.91630,-147.640,-0.070,3
100.6120,-0.03824,0.95178,-0.00208,0.00000,0.90850,-144.282,-0.071,3
100.6640,-0.03801,0.94393,-0.00208,0.00000,0.90070,-140.967,-0.073,3
100.7160,-0.03757,0.93568,-0.00208,0.00000,0.89290,-137.685,-0.076,3
100.7680,-0.03696,0.92705,-0.00208,0.00000,0.88510,-134.431,-0.078,3
100.8200,-0.03618,0.91807,-0.00208,0.00000,0.87730,-131.198,-0.081,3
100.8720,-0.03527,0.90879,-0.00208,0.00000,0.86950,-127.981,-0.085,3
100.9240,-0.03422,0.89924,-0.00208,0.00000,0.86170,-124.777,-0.089,3
100.9760,-0.03304,0.88944,-0.00208,0.00000,0.85390,-121.582,-0.093,3
101.0280,-0.03174,0.87944,-0.00208,0.00000,0.84610,-118.392,-0.097,3
101.0800,-0.03033,0.86927,-0.00208,0.00000,0.83830,-115.204,-0.101,3
101.1320,-0.02880,0.85897,-0.00208,0.00000,0.83050,-112.016,-0.105,3
101.1840,-0.02715,0.84859,-0.00208,0.00000,0.82270,-108.823,-0.109,3
101.2360,-0.02540,0.83817,-0.00207,0.00000,0.81490,-105.624,-0.112,3
101.2880,-0.02355,0.82775,-0.00207,0.00000,0.80710,-102.415,-0.115,3
101.3400,-0.02161,0.81735,-0.00207,0.00000,0.79930,-99.195,-0.117,3
101.3920,-0.01960,0.80703,-0.00207,0.00000,0.79150,-95.974,-0.118,3
101.4440,-0.01752,0.79681,-0.00207,0.00000,0.78370,-92.925,-0.119,3
101.4960,-0.01541,0.78673,-0.00206,0.00000,0.77590,-90.986,-0.120,3
101.5480,-0.01338,0.77680,-0.00206,0.00000,0.76810,-90.542,-0.121,3
101.6000,-0.01146,0.76708,-0.00206,0.00000,0.76030,-90.415,-0.119,3
101.6520,-0.00968,0.75756,-0.00206,0.00000,0.75250,-90.318,-0.117,3
101.7040,-0.00805,0.74824,-0.00206,0.00000,0.74470,-90.251,-0.115,3
101.7560,-0.00655,0.73910,-0.00206,0.00000,0.73690,-90.202,-0.112,3
101.8080,-0.00520,0.73013,-0.00206,0.00000,0.72910,-90.162,-0.110,3
101.8600,-0.00396,0.72133,-0.00206,0.00000,0.72130,-90.131,-0.108,3
101.9120,-0.00284,0.71268,-0.00206,0.00000,0.71350,-90.106,-0.106,3
101.9640,-0.00185,0.70415,-0.00206,0.00000,0.70570,-90.086,-0.104,3
102.0160,-0.00096,0.69575,-0.00206,0.00000,0.69790,-90.070,-0.102,3
102.0680,-0.00017,0.68746,-0.00206,0.00000,0.69010,-90.057,-0.100,3
102.1200,0.00051,0.67927,-0.00207,0.00000,0.68230,-90.048,-0.099,3
102.1720,0.00111,0.67117,-0.00207,0.00000,0.67450,-90.040,-0.098,3
102.2240,0.00162,0.66315,-0.00207,0.00000,0.66670,-90.034,-0.096,3
102.2760,0.00204,0.65519,-0.00207,0.00000,0.65890,-90.030,-0.095,3
102.3280,0.00239,0.64729,-0.00207,0.00000,0.65110,-90.027,-0.094,3
102.3800,0.00268,0.63945,-0.00207,0.00000,0.64330,-90.025,-0.093,3
102.4320,0.00290,0.63165,-0.00207,0.00000,0.63550,-90.023,-0.092,3
102.4840,0.00307,0.62388,-0.00208,0.00000,0.62770,-90.022,-0.091,3
102.5360,0.00320,0.61616,-0.00208,0.00000,0.61990,-90.021,-0.090,3
102.5880,0.00328,0.60846,-0.00208,0.00000,0.61210,-90.021,-0.089,3
102.6400,0.00332,0.60078,-0.00208,0.00000,0.60430,-90.021,-0.088,3
102.6920,0.00332,0.59311,-0.00208,0.00000,0.59650,-90.021,-0.088,3
102.7440,0.00330,0.58547,-0.00208,0.00000,0.58870,-90.021,-0.087,3
102.7960,0.00325,0.57782,-0.00208,0.00000,0.58090,-90.022,-0.086,3
102.8480,0.00318,0.57019,-0.00208,0.00000,0.57310,-90.022,-0.086,3
102.9000,0.00308,0.56256,-0.00208,0.00000,0.56530,-90.022,-0.086,3
102.9520,0.00297,0.55492,-0.00209,0.00000,0.55750,-90.023,-0.085,3
103.0040,0.00284,0.54729,-0.00209,0.00000,0.54970,-90.023,-0.085,3
103.0560,0.00270,0.53965,-0.00209,0.00000,0.54190,-90.023,-0.084,3
103.1080,0.00256,0.53201,-0.00209,0.00000,0.53410,-90.024,-0.084,3
103.1600,0.00241,0.52436,-0.00209,0.00000,0.52630,-90.024,-0.084,3
103.2120,0.00226,0.51671,-0.00209,0.00000,0.51850,-90.024,-0.083,3
103.2640,0.00211,0.50906,-0.00209,0.00000,0.51070,-90.024,-0.083,3
103.3160,0.00196,0.50140,-0.00209,0.00000,0.50290,-90.024,-0.083,3
103.3680,0.00181,0.49373,-0.00209,0.00000,0.49510,-90.024,-0.083,3
103.4200,0.00166,0.48605,-0.00209,0.00000,0.48730,-90.025,-0.083,3
103.4720,0.00150,0.47836,-0.00209,0.00000,0.47950,-90.025,-0.083,3
103.5240,0.00136,0.47066,-0.00209,0.00000,0.47170,-90.024,-0.083,3
103.5760,0.00121,0.46296,-0.00209,0.00000,0.46390,-90.025,-0.083,3
103.6280,0.00108,0.45525,-0.00209,0.00000,0.45610,-90.024,-0.082,3
103.6800,0.00094,0.44753,-0.00209,0.00000,0.44830,-90.024,-0.082,3
103.7320,0.00081,0.43980,-0.00209,0.00000,0.44050,-90.024,-0.082,3
103.7840,0.00069,0.43206,-0.00209,0.00000,0.43270,-90.024,-0.082,3
103.8360,0.00058,0.42432,-0.00209,0.00000,0.42490,-90.024,-0.082,3
103.8880,0.00047,0.41657,-0.00209,0.00000,0.41710,-90.024,-0.082,3
103.9400,0.00037,0.40882,-0.00209,0.00000,0.40930,-90.023,-0.082,3
103.9920,0.00028,0.40107,-0.00209,0.00000,0.40150,-90.023,-0.082,3
104.0440,0.00019,0.39330,-0.00209,0.00000,0.39370,-90.023,-0.083,3
104.0960,0.00011,0.38554,-0.00209,0.00000,0.38590,-90.023,-0.083,3
104.1480,0.00004,0.37777,-0.00209,0.00000,0.37810,-90.023,-0.083,3
104.2000,-0.00003,0.36999,-0.00209,0.00000,0.37030,-90.023,-0.083,3
104.2520,-0.00009,0.36221,-0.00209,0.00000,0.36250,-90.022,-0.083,3
104.3040,-0.00016,0.35443,-0.00209,0.00000,0.35470,-90.022,-0.083,3
104.3560,-0.00022,0.34663,-0.00209,0.00000,0.34690,-90.022,-0.083,3
104.4080,-0.00026,0.33885,-0.00209,0.00000,0.33910,-90.022,-0.083,3
104.4600,-0.00031,0.33105,-0.00209,0.00000,0.33130,-90.022,-0.083,3
104.5120,-0.00035,0.32326,-0.00209,0.00000,0.32350,-90.022,-0.083,3
104.5640,-0.00039,0.31546,-0.00209,0.00000,0.31570,-90.021,-0.083,3
104.6160,-0.00042,0.30766,-0.00209,0.00000,0.30790,-90.021,-0.083,3
104.6680,-0.00045,0.29986,-0.00209,0.00000,0.30010,-90.021,-0.083,3
104.7200,-0.00047,0.29207,-0.00209,0.00000,0.29230,-90.021,-0.083,3
104.7720,-0.00049,0.28426,-0.00209,0.00000,0.28450,-90.021,-0.083,3
104.8240,-0.00051,0.27646,-0.00209,0.00000,0.27670,-90.021,-0.083,3
104.8760,-0.00052,0.26866,-0.00209,0.00000,0.26890,-90.021,-0.084,3
104.9280,-0.00054,0.26085,-0.00209,0.00000,0.26110,-90.021,-0.084,3
104.9800,-0.00055,0.25305,-0.00209,0.00000,0.25330,-90.021,-0.084,3
105.0320,-0.00056,0.24524,-0.00209,0.00000,0.24550,-90.020,-0.083,3
105.0840,-0.00056,0.23744,-0.00209,0.00000,0.23770,-90.020,-0.084,3
105.1360,-0.00055,0.22964,-0.00209,0.00000,0.22990,-90.020,-0.084,3
105.1880,-0.00056,0.22184,-0.00209,0.00000,0.22210,-90.020,-0.084,3
105.2400,-0.00056,0.21403,-0.00209,0.00000,0.21430,-90.020,-0.084,3
105.2920,-0.00057,0.20622,-0.00209,0.00000,0.20650,-90.020,-0.084,3
105.3440,-0.00056,0.19842,-0.00209,0.00000,0.19870,-90.020,-0.084,3
105.3960,-0.00056,0.19062,-0.00209,0.00000,0.19090,-90.020,-0.084,3
105.4480,-0.00056,0.18281,-0.00209,0.00000,0.18310,-90.020,-0.084,3
105.5000,-0.00055,0.17500,-0.00209,0.00000,0.17530,-90.020,-0.084,3
105.5520,-0.00055,0.16720,-0.00209,0.00000,0.16750,-90.020,-0.084,3
105.6040,-0.00055,0.15940,-0.00209,0.00000,0.15970,-90.020,-0.084,3
105.6560,-0.00055,0.15159,-0.00209,0.00000,0.15190,-90.020,-0.084,3
105.7080,-0.00054,0.14379,-0.00209,0.00000,0.14410,-90.020,-0.084,3
105.7600,-0.00053,0.13598,-0.00209,0.00000,0.13630,-90.020,-0.084,3
105.8120,-0.00052,0.12819,-0.00209,0.00000,0.12850,-90.020,-0.084,3
105.8640,-0.00051,0.12039,-0.00209,0.00000,0.12070,-90.020,-0.084,3
105.9160,-0.00051,0.11258,-0.00209,0.00000,0.11290,-90.020,-0.084,3
105.9680,-0.00048,0.10479,-0.00209,0.00000,0.10510,-90.020,-0.084,3
106.0200,-0.00047,0.09700,-0.00209,0.00000,0.09730,-90.020,-0.085,3
106.0720,-0.00047,0.08920,-0.00209,0.00000,0.08950,-90.020,-0.085,3
106.1240,-0.00047,0.08139,-0.00209,0.00000,0.08170,-90.020,-0.085,3
106.1760,-0.00047,0.07359,-0.00209,0.00000,0.07390,-90.020,-0.085,3
106.2280,-0.00046,0.06579,-0.00209,0.00000,0.06610,-90.020,-0.085,3
106.2800,-0.00047,0.05798,-0.00209,0.00000,0.05830,-90.020,-0.085,3
106.3320,-0.00047,0.05018,-0.00209,0.00000,0.05050,-90.020,-0.085,3
106.3840,-0.00047,0.04237,-0.00209,0.00000,0.04270,-90.020,-0.085,3
106.4360,-0.00047,0.03457,-0.00209,0.00000,0.03490,-90.020,-0.085,3
106.4880,-0.00046,0.02677,-0.00209,0.00000,0.02710,-90.020,-0.085,3
106.5400,-0.00047,0.01896,-0.00209,0.00000,0.01930,-90.020,-0.085,3
106.5920,-0.00047,0.01115,-0.00209,0.00000,0.01150,-90.020,-0.084,3
106.6440,-0.00047,0.00336,-0.00209,0.00000,0.00370,-90.020,-0.084,3
106.6960,-0.00046,-0.00444,-0.00209,0.00410,0.00000,-90.020,-0.084,4
106.7480,-0.00005,-0.01165,-0.00209,0.01190,0.00000,-89.143,-0.074,4
106.8000,0.00132,-0.01758,-0.00209,0.01970,0.00000,-86.348,-0.065,4
106.8520,0.00371,-0.02242,-0.00209,0.02750,0.00000,-82.716,-0.075,4
106.9040,0.00707,-0.02637,-0.00209,0.03530,0.00000,-79.048,-0.086,4
106.9560,0.01126,-0.02956,-0.00208,0.04310,0.00000,-75.396,-0.094,4
107.0080,0.01622,-0.03212,-0.00208,0.05090,0.00000,-71.817,-0.100,4
107.0600,0.02184,-0.03413,-0.00208,0.05870,0.00000,-68.308,-0.104,4
107.1120,0.02807,-0.03566,-0.00208,0.06650,0.00000,-64.864,-0.105,4
107.1640,0.03487,-0.03678,-0.00208,0.07430,0.00000,-61.474,-0.106,4
107.2160,0.04215,-0.03756,-0.00208,0.08210,0.00000,-58.129,-0.105,4
107.2680,0.04989,-0.03804,-0.00208,0.08990,0.00000,-54.822,-0.104,4
107.3200,0.05804,-0.03826,-0.00208,0.09770,0.00000,-51.546,-0.102,4
107.3720,0.06656,-0.03827,-0.00208,0.10550,0.00000,-48.296,-0.099,4
107.4240,0.07541,-0.03809,-0.00208,0.11330,0.00000,-45.069,-0.096,4
107.4760,0.08455,-0.03775,-0.00208,0.12110,0.00000,-41.860,-0.093,4
107.5280,0.09394,-0.03725,-0.00208,0.12890,0.00000,-38.667,-0.090,4
107.5800,0.10356,-0.03661,-0.00208,0.13670,0.00000,-35.487,-0.086,4
107.6320,0.11335,-0.03584,-0.00208,0.14450,0.00000,-32.319,-0.082,4
107.6840,0.12330,-0.03494,-0.00208,0.15230,0.00000,-29.162,-0.078,4
107.7360,0.13335,-0.03392,-0.00208,0.16010,0.00000,-26.013,-0.074,4
107.7880,0.14346,-0.03279,-0.00208,0.16790,0.00000,-22.873,-0.070,4
107.8400,0.15363,-0.03154,-0.00208,0.17570,0.00000,-19.740,-0.065,4
107.8920,0.16379,-0.03019,-0.00208,0.18350,0.00000,-16.615,-0.060,4
107.9440,0.17393,-0.02872,-0.00208,0.19130,0.00000,-13.497,-0.055,4
107.9960,0.18402,-0.02715,-0.00208,0.19910,0.00000,-10.387,-0.050,4
108.0480,0.19402,-0.02549,-0.00208,0.20690,0.00000,-7.287,-0.045,4
108.1000,0.20392,-0.02374,-0.00208,0.21470,0.00000,-4.216,-0.040,4
108.1520,0.21370,-0.02192,-0.00208,0.22250,0.00000,-1.407,-0.035,4
108.2040,0.22336,-0.02002,-0.00208,0.23030,0.00000,0.010,-0.031,4
108.2560,0.23287,-0.01805,-0.00208,0.23810,0.00000,0.182,-0.026,4
108.3080,0.24220,-0.01610,-0.00208,0.24590,0.00000,0.161,-0.019,4
108.3600,0.25133,-0.01426,-0.00208,0.25370,0.00000,0.143,-0.013,4
108.4120,0.26030,-0.01254,-0.00208,0.26150,0.00000,0.117,-0.008,4
108.4640,0.26911,-0.01092,-0.00209,0.26930,0.00000,0.091,-0.003,4
108.5160,0.27777,-0.00942,-0.00209,0.27710,0.00000,0.069,0.001,4
108.5680,0.28629,-0.00803,-0.00209,0.28490,0.00000,0.050,0.005,4
108.6200,0.29469,-0.00677,-0.00209,0.29270,0.00000,0.035,0.008,4
108.6720,0.30297,-0.00561,-0.00209,0.30050,0.00000,0.022,0.011,4
108.7240,0.31116,-0.00454,-0.00209,0.30830,0.00000,0.012,0.013,4
108.7760,0.31926,-0.00359,-0.00209,0.31610,0.00000,0.003,0.015,4
108.8280,0.32728,-0.00274,-0.00209,0.32390,0.00000,-0.005,0.017,4
108.8800,0.33523,-0.00196,-0.00209,0.33170,0.00000,-0.010,0.018,4
108.9320,0.34312,-0.00127,-0.00209,0.33950,0.00000,-0.015,0.019,4
108.9840,0.35096,-0.00065,-0.00210,0.34730,0.00000,-0.020,0.021,4
109.0360,0.35876,-0.00011,-0.00210,0.35510,0.00000,-0.023,0.021,4
109.0880,0.36653,0.00037,-0.00210,0.36290,0.00000,-0.026,0.022,4
109.1400,0.37426,0.00078,-0.00210,0.37070,0.00000,-0.029,0.023,4
109.1920,0.38196,0.00112,-0.00210,0.37850,0.00000,-0.031,0.024,4
109.2440,0.38964,0.00141,-0.00210,0.38630,0.00000,-0.032,0.025,4
109.2960,0.39730,0.00165,-0.00210,0.39410,0.00000,-0.033,0.025,4
109.3480,0.40495,0.00184,-0.00210,0.40190,0.00000,-0.034,0.025,4
109.4000,0.41259,0.00198,-0.00210,0.40970,0.00000,-0.034,0.026,4
109.4520,0.42023,0.00209,-0.00210,0.41750,0.00000,-0.035,0.026,4
109.5040,0.42787,0.00217,-0.00210,0.42530,0.00000,-0.035,0.026,4
109.5560,0.43551,0.00223,-0.00210,0.43310,0.00000,-0.035,0.027,4
109.6080,0.44314,0.00224,-0.00210,0.44090,0.00000,-0.035,0.027,4
109.6600,0.45078,0.00224,-0.00210,0.44870,0.00000,-0.035,0.027,4
109.7120,0.45843,0.00222,-0.00210,0.45650,0.00000,-0.035,0.027,4
109.7640,0.46608,0.00218,-0.00210,0.46430,0.00000,-0.035,0.027,4
109.8160,0.47373,0.00211,-0.00210,0.47210,0.00000,-0.034,0.028,4
109.8680,0.48139,0.00203,-0.00210,0.47990,0.00000,-0.034,0.028,4
109.9200,0.48906,0.00194,-0.00210,0.48770,0.00000,-0.033,0.028,4
109.9720,0.49672,0.00183,-0.00210,0.49550,0.00000,-0.032,0.028,4
110.0240,0.50440,0.00172,-0.00210,0.50330,0.00000,-0.031,0.027,4
110.0760,0.51210,0.00161,-0.00210,0.51110,0.00000,-0.030,0.027,4
110.1280,0.51980,0.00151,-0.00210,0.51890,0.00000,-0.030,0.027,4
110.1800,0.52752,0.00140,-0.00210,0.52670,0.00000,-0.030,0.027,4
110.2320,0.53524,0.00130,-0.00210,0.53450,0.00000,-0.029,0.027,4
110.2840,0.54297,0.00119,-0.00210,0.54230,0.00000,-0.029,0.028,4
110.3360,0.55070,0.00109,-0.00209,0.55010,0.00000,-0.029,0.028,4
110.3880,0.55844,0.00098,-0.00209,0.55790,0.00000,-0.029,0.028,4
110.4400,0.56620,0.00089,-0.00209,0.56570,0.00000,-0.028,0.028,4
110.4920,0.57395,0.00078,-0.00209,0.57350,0.00000,-0.028,0.028,4
110.5440,0.58171,0.00068,-0.00209,0.58130,0.00000,-0.028,0.028,4
110.5960,0.58947,0.00058,-0.00209,0.58910,0.00000,-0.027,0.028,4
110.6480,0.59723,0.00047,-0.00209,0.59690,0.00000,-0.027,0.028,4
110.7000,0.60501,0.00039,-0.00209,0.60470,0.00000,-0.026,0.028,4
110.7520,0.61278,0.00030,-0.00209,0.61250,0.00000,-0.026,0.028,4
110.8040,0.62056,0.00022,-0.00209,0.62030,0.00000,-0.025,0.028,4
110.8560,0.62835,0.00014,-0.00209,0.62810,0.00000,-0.025,0.028,4
110.9080,0.63614,0.00008,-0.00209,0.63590,0.00000,-0.025,0.028,4
110.9600,0.64393,0.00001,-0.00209,0.64370,0.00000,-0.025,0.028,4
111.0120,0.65172,-0.00005,-0.00209,0.65150,0.00000,-0.025,0.028,4
111.0640,0.65952,-0.00010,-0.00209,0.65930,0.00000,-0.025,0.029,4
111.1160,0.66731,-0.00016,-0.00209,0.66710,0.00000,-0.025,0.029,4
111.1680,0.67511,-0.00022,-0.00209,0.67490,0.00000,-0.025,0.029,4
111.2200,0.68291,-0.00026,-0.00209,0.68270,0.00000,-0.024,0.028,4
111.2720,0.69071,-0.00031,-0.00209,0.69050,0.00000,-0.024,0.028,4
111.3240,0.69851,-0.00035,-0.00209,0.69830,0.00000,-0.024,0.028,4
111.3760,0.70630,-0.00039,-0.00209,0.70610,0.00000,-0.024,0.028,4
111.4280,0.71410,-0.00043,-0.00209,0.71390,0.00000,-0.023,0.028,4
111.4800,0.72191,-0.00046,-0.00209,0.72170,0.00000,-0.023,0.028,4
111.5320,0.72971,-0.00048,-0.00209,0.72950,0.00000,-0.023,0.028,4
111.5840,0.73751,-0.00051,-0.00209,0.73730,0.00000,-0.023,0.028,4
111.6360,0.74532,-0.00052,-0.00209,0.74510,0.00000,-0.023,0.028,4
111.6880,0.75312,-0.00055,-0.00209,0.75290,0.00000,-0.023,0.028,4
111.7400,0.76092,-0.00056,-0.00209,0.76070,0.00000,-0.022,0.028,4
111.7920,0.76872,-0.00059,-0.00209,0.76850,0.00000,-0.022,0.028,4
111.8440,0.77652,-0.00061,-0.00209,0.77630,0.00000,-0.022,0.028,4
111.8960,0.78433,-0.00062,-0.00209,0.78410,0.00000,-0.021,0.027,4
111.9480,0.79213,-0.00062,-0.00209,0.79190,0.00000,-0.022,0.027,4
112.0000,0.79994,-0.00062,-0.00209,0.79970,0.00000,-0.022,0.027,4
112.0520,0.80775,-0.00061,-0.00209,0.80750,0.00000,-0.022,0.028,4
112.1040,0.81556,-0.00060,-0.00209,0.81530,0.00000,-0.022,0.028,4
112.1560,0.82337,-0.00060,-0.00209,0.82310,0.00000,-0.023,0.028,4
112.2080,0.83117,-0.00060,-0.00209,0.83090,0.00000,-0.023,0.028,4
112.2600,0.83897,-0.00060,-0.00209,0.83870,0.00000,-0.023,0.028,4
112.3120,0.84677,-0.00060,-0.00209,0.84650,0.00000,-0.022,0.028,4
112.3640,0.85457,-0.00061,-0.00209,0.85430,0.00000,-0.022,0.028,4
112.4160,0.86238,-0.00060,-0.00209,0.86210,0.00000,-0.022,0.028,4
112.4680,0.87019,-0.00059,-0.00209,0.86990,0.00000,-0.022,0.028,4
112.5200,0.87799,-0.00058,-0.00209,0.87770,0.00000,-0.023,0.028,4
112.5720,0.88580,-0.00057,-0.00209,0.88550,0.00000,-0.023,0.028,4
112.6240,0.89360,-0.00056,-0.00209,0.89330,0.00000,-0.023,0.028,4
112.6760,0.90140,-0.00056,-0.00209,0.90110,0.00000,-0.023,0.028,4
112.7280,0.90920,-0.00056,-0.00209,0.90890,0.00000,-0.023,0.028,4
112.7800,0.91700,-0.00056,-0.00209,0.91670,0.00000,-0.023,0.028,4
112.8320,0.92479,-0.00056,-0.00209,0.92450,0.00000,-0.023,0.028,4
112.8840,0.93260,-0.00055,-0.00209,0.93230,0.00000,-0.023,0.028,4
112.9360,0.94039,-0.00056,-0.00209,0.94010,0.00000,-0.023,0.028,4
112.9880,0.94819,-0.00055,-0.00209,0.94790,0.00000,-0.023,0.028,4
113.0400,0.95600,-0.00054,-0.00209,0.95570,0.00000,-0.023,0.028,4
113.0920,0.96380,-0.00054,-0.00209,0.96350,0.00000,-0.023,0.028,4
113.1440,0.97160,-0.00053,-0.00209,0.97130,0.00000,-0.023,0.028,4
113.1960,0.97940,-0.00052,-0.00209,0.97910,0.00000,-0.023,0.028,4
113.2480,0.98721,-0.00051,-0.00209,0.98690,0.00000,-0.023,0.028,4
113.3000,0.99501,-0.00050,-0.00209,0.99470,0.00000,-0.024,0.028,4
113.3520,1.00281,-0.00050,-0.00209,1.00000,0.00250,-0.024,0.028,4
113.4040,1.00987,-0.00002,-0.00209,1.00000,0.01030,1.060,0.041,4
113.4560,1.01565,0.00129,-0.00209,1.00000,0.01810,3.952,0.046,4
113.5080,1.02034,0.00340,-0.00208,1.00000,0.02590,7.493,0.035,4
113.5600,1.02409,0.00631,-0.00208,1.00000,0.03370,11.085,0.024,4
113.6120,1.02705,0.00996,-0.00208,1.00000,0.04150,14.657,0.017,4
113.6640,1.02934,0.01431,-0.00208,1.00000,0.04930,18.168,0.012,4
113.7160,1.03109,0.01929,-0.00208,1.00000,0.05710,21.621,0.008,4
113.7680,1.03239,0.02484,-0.00208,1.00000,0.06490,25.021,0.006,4
113.8200,1.03330,0.03090,-0.00207,1.00000,0.07270,28.376,0.006,4
113.8720,1.03390,0.03743,-0.00207,1.00000,0.08050,31.692,0.006,4
113.9240,1.03425,0.04438,-0.00207,1.00000,0.08830,34.975,0.007,4
113.9760,1.03441,0.05174,-0.00207,1.00000,0.09610,38.230,0.009,4
114.0280,1.03441,0.05946,-0.00207,1.00000,0.10390,41.463,0.011,4
114.0800,1.03428,0.06751,-0.00207,1.00000,0.11170,44.676,0.014,4
114.1320,1.03403,0.07585,-0.00207,1.00000,0.11950,47.872,0.017,4
114.1840,1.03370,0.08447,-0.00207,1.00000,0.12730,51.055,0.020,4
114.2360,1.03328,0.09333,-0.00207,1.00000,0.13510,54.225,0.023,4
114.2880,1.03277,0.10241,-0.00207,1.00000,0.14290,57.387,0.026,4
114.3400,1.03219,0.11168,-0.00207,1.00000,0.15070,60.540,0.029,4
114.3920,1.03153,0.12111,-0.00207,1.00000,0.15850,63.688,0.032,4
114.4440,1.03078,0.13067,-0.00207,1.00000,0.16630,66.831,0.034,4
114.4960,1.02993,0.14032,-0.00207,1.00000,0.17410,69.972,0.037,4
114.5480,1.02898,0.15005,-0.00207,1.00000,0.18190,73.111,0.039,4
114.6000,1.02793,0.15984,-0.00207,1.00000,0.18970,76.249,0.041,4
114.6520,1.02678,0.16967,-0.00207,1.00000,0.19750,79.389,0.043,4
114.7040,1.02551,0.17950,-0.00207,1.00000,0.20530,82.530,0.044,4
114.7560,1.02411,0.18931,-0.00207,1.00000,0.21310,85.649,0.045,4
114.8080,1.02260,0.19909,-0.00207,1.00000,0.22090,88.466,0.046,4
114.8600,1.02096,0.20877,-0.00207,1.00000,0.22870,89.719,0.048,4
114.9120,1.01919,0.21828,-0.00207,1.00000,0.23650,89.911,0.050,4
114.9640,1.01740,0.22768,-0.00207,1.00000,0.24430,89.955,0.050,4
115.0160,1.01569,0.23703,-0.00207,1.00000,0.25210,89.983,0.048,4
115.0680,1.01407,0.24632,-0.00207,1.00000,0.25990,89.993,0.046,4
115.1200,1.01253,0.25554,-0.00207,1.00000,0.26770,89.998,0.044,4
115.1720,1.01107,0.26467,-0.00207,1.00000,0.27550,90.002,0.042,4
115.2240,1.00972,0.27373,-0.00207,1.00000,0.28330,90.004,0.041,4
115.2760,1.00845,0.28271,-0.00207,1.00000,0.29110,90.005,0.040,4
115.3280,1.00726,0.29161,-0.00207,1.00000,0.29890,90.006,0.039,4
115.3800,1.00617,0.30043,-0.00207,1.00000,0.30670,90.006,0.038,4
115.4320,1.00516,0.30917,-0.00208,1.00000,0.31450,90.006,0.037,4
115.4840,1.00423,0.31782,-0.00208,1.00000,0.32230,90.006,0.036,4
115.5360,1.00339,0.32641,-0.00208,1.00000,0.33010,90.005,0.036,4
115.5880,1.00261,0.33491,-0.00208,1.00000,0.33790,90.005,0.035,4
115.6400,1.00192,0.34335,-0.00208,1.00000,0.34570,90.005,0.034,4
115.6920,1.00129,0.35172,-0.00208,1.00000,0.35350,90.005,0.034,4
115.7440,1.00073,0.36003,-0.00208,1.00000,0.36130,90.004,0.034,4
115.7960,1.00023,0.36828,-0.00208,1.00000,0.36910,90.005,0.034,4
115.8480,0.99979,0.37647,-0.00208,1.00000,0.37690,90.005,0.033,4
115.9000,0.99939,0.38461,-0.00208,1.00000,0.38470,90.005,0.033,4
115.9520,0.99905,0.39270,-0.00208,1.00000,0.39250,90.005,0.033,4
116.0040,0.99875,0.40075,-0.00208,1.00000,0.40030,90.005,0.033,4
116.0560,0.99850,0.40876,-0.00208,1.00000,0.40810,90.006,0.032,4
116.1080,0.99828,0.41673,-0.00208,1.00000,0.41590,90.006,0.032,4
116.1600,0.99810,0.42466,-0.00208,1.00000,0.42370,90.007,0.032,4
116.2120,0.99795,0.43257,-0.00208,1.00000,0.43150,90.007,0.032,4
116.2640,0.99784,0.44045,-0.00208,1.00000,0.43930,90.007,0.031,4
116.3160,0.99775,0.44831,-0.00208,1.00000,0.44710,90.008,0.031,4
116.3680,0.99769,0.45615,-0.00208,1.00000,0.45490,90.008,0.031,4
116.4200,0.99765,0.46398,-0.00208,1.00000,0.46270,90.009,0.031,4
116.4720,0.99763,0.47179,-0.00209,1.00000,0.47050,90.009,0.031,4
116.5240,0.99764,0.47959,-0.00209,1.00000,0.47830,90.010,0.031,4
116.5760,0.99766,0.48738,-0.00209,1.00000,0.48610,90.011,0.031,4
116.6280,0.99768,0.49516,-0.00209,1.00000,0.49390,90.012,0.031,4
116.6800,0.99772,0.50292,-0.00209,1.00000,0.50170,90.012,0.031,4
116.7320,0.99777,0.51068,-0.00209,1.00000,0.50950,90.013,0.031,4
116.7840,0.99782,0.51844,-0.00209,1.00000,0.51730,90.013,0.031,4
116.8360,0.99788,0.52620,-0.00209,1.00000,0.52510,90.014,0.030,4
116.8880,0.99795,0.53395,-0.00209,1.00000,0.53290,90.014,0.030,4
116.9400,0.99804,0.54171,-0.00209,1.00000,0.54070,90.015,0.030,4
116.9920,0.99812,0.54947,-0.00209,1.00000,0.54850,90.016,0.031,4
117.0440,0.99820,0.55722,-0.00209,1.00000,0.55630,90.017,0.031,4
117.0960,0.99828,0.56497,-0.00209,1.00000,0.56410,90.017,0.031,4
117.1480,0.99836,0.57272,-0.00209,1.00000,0.57190,90.017,0.031,4
117.2000,0.99845,0.58048,-0.00209,1.00000,0.57970,90.018,0.031,4
117.2520,0.99853,0.58824,-0.00209,1.00000,0.58750,90.019,0.031,4
117.3040,0.99861,0.59600,-0.00209,1.00000,0.59530,90.019,0.031,4
117.3560,0.99869,0.60376,-0.00209,1.00000,0.60310,90.020,0.031,4
117.4080,0.99876,0.61152,-0.00209,1.00000,0.61090,90.020,0.031,4
117.4600,0.99883,0.61928,-0.00209,1.00000,0.61870,90.021,0.031,4
117.5120,0.99890,0.62705,-0.00209,1.00000,0.62650,90.021,0.031,4
117.5640,0.99895,0.63481,-0.00209,1.00000,0.63430,90.021,0.031,4
117.6160,0.99900,0.64258,-0.00209,1.00000,0.64210,90.021,0.031,4
117.6680,0.99906,0.65035,-0.00209,1.00000,0.64990,90.021,0.031,4
117.7200,0.99911,0.65812,-0.00209,1.00000,0.65770,90.021,0.031,4
117.7720,0.99916,0.66590,-0.00209,1.00000,0.66550,90.021,0.031,4
117.8240,0.99919,0.67367,-0.00209,1.00000,0.67330,90.021,0.031,4
117.8760,0.99924,0.68145,-0.00209,1.00000,0.68110,90.021,0.030,4
117.9280,0.99928,0.68924,-0.00209,1.00000,0.68890,90.021,0.030,4
117.9800,0.99932,0.69703,-0.00209,1.00000,0.69670,90.021,0.030,4
118.0320,0.99936,0.70481,-0.00209,1.00000,0.70450,90.021,0.030,4
118.0840,0.99940,0.71261,-0.00209,1.00000,0.71230,90.021,0.030,4
118.1360,0.99942,0.72039,-0.00209,1.00000,0.72010,90.021,0.030,4
118.1880,0.99945,0.72818,-0.00209,1.00000,0.72790,90.021,0.030,4
118.2400,0.99947,0.73598,-0.00209,1.00000,0.73570,90.021,0.030,4
118.2920,0.99949,0.74377,-0.00209,1.00000,0.74350,90.021,0.030,4
118.3440,0.99951,0.75157,-0.00209,1.00000,0.75130,90.021,0.030,4
118.3960,0.99953,0.75936,-0.00209,1.00000,0.75910,90.021,0.030,4
118.4480,0.99955,0.76716,-0.00209,1.00000,0.76690,90.021,0.030,4
118.5000,0.99956,0.77496,-0.00209,1.00000,0.77470,90.021,0.030,4
118.5520,0.99957,0.78276,-0.00209,1.00000,0.78250,90.021,0.030,4
118.6040,0.99959,0.79057,-0.00209,1.00000,0.79030,90.021,0.030,4
118.6560,0.99960,0.79837,-0.00209,1.00000,0.79810,90.021,0.030,4
118.7080,0.99961,0.80617,-0.00209,1.00000,0.80590,90.022,0.030,4
118.7600,0.99961,0.81396,-0.00209,1.00000,0.81370,90.022,0.030,4
118.8120,0.99961,0.82176,-0.00209,1.00000,0.82150,90.021,0.030,4
118.8640,0.99961,0.82956,-0.00209,1.00000,0.82930,90.021,0.030,4
118.9160,0.99961,0.83736,-0.00209,1.00000,0.83710,90.021,0.030,4
118.9680,0.99961,0.84516,-0.00209,1.00000,0.84490,90.021,0.030,4
119.0200,0.99962,0.85297,-0.00209,1.00000,0.85270,90.021,0.030,4
119.0720,0.99962,0.86077,-0.00209,1.00000,0.86050,90.021,0.030,4
119.1240,0.99963,0.86858,-0.00209,1.00000,0.86830,90.021,0.030,4
119.1760,0.99964,0.87639,-0.00209,1.00000,0.87610,90.021,0.030,4
119.2280,0.99965,0.88419,-0.00209,1.00000,0.88390,90.021,0.030,4
119.2800,0.99965,0.89200,-0.00209,1.00000,0.89170,90.022,0.031,4
119.3320,0.99964,0.89980,-0.00209,1.00000,0.89950,90.022,0.031,4
119.3840,0.99963,0.90759,-0.00209,1.00000,0.90730,90.022,0.031,4
119.4360,0.99962,0.91538,-0.00209,1.00000,0.91510,90.021,0.030,4
119.4880,0.99961,0.92318,-0.00209,1.00000,0.92290,90.021,0.030,4
119.5400,0.99961,0.93098,-0.00209,1.00000,0.93070,90.020,0.030,4
119.5920,0.99961,0.93879,-0.00209,1.00000,0.93850,90.020,0.030,4
119.6440,0.99960,0.94659,-0.00209,1.00000,0.94630,90.021,0.030,4
119.6960,0.99961,0.95439,-0.00209,1.00000,0.95410,90.021,0.030,4
119.7480,0.99961,0.96220,-0.00209,1.00000,0.96190,90.021,0.030,4
119.8000,0.99962,0.97000,-0.00209,1.00000,0.96970,90.021,0.030,4
119.8520,0.99962,0.97781,-0.00209,1.00000,0.97750,90.021,0.031,4
119.9040,0.99961,0.98561,-0.00209,1.00000,0.98530,90.022,0.031,4
119.9560,0.99961,0.99341,-0.00209,1.00000,0.99310,90.022,0.031,4
120.0080,0.99961,1.00121,-0.00209,0.99910,1.00000,90.021,0.031,4
120.0600,0.99959,1.00899,-0.00209,0.99130,1.00000,90.050,0.031,4
120.1120,0.99895,1.01592,-0.00209,0.98350,1.00000,91.453,0.048,4
120.1640,0.99749,1.02173,-0.00209,0.97570,1.00000,94.697,0.052,4
120.2160,0.99527,1.02648,-0.00208,0.96790,1.00000,98.516,0.045,4
120.2680,0.99231,1.03018,-0.00208,0.96010,1.00000,102.388,0.043,4
120.3200,0.98868,1.03295,-0.00208,0.95230,1.00000,106.197,0.044,4
120.3720,0.98444,1.03492,-0.00208,0.94450,1.00000,109.905,0.045,4
120.4240,0.97967,1.03623,-0.00207,0.93670,1.00000,113.518,0.047,4
120.4760,0.97438,1.03700,-0.00207,0.92890,1.00000,117.045,0.049,4
120.5280,0.96862,1.03735,-0.00207,0.92110,1.00000,120.502,0.051,4
120.5800,0.96243,1.03738,-0.00207,0.91330,1.00000,123.900,0.053,4
120.6320,0.95581,1.03717,-0.00206,0.90550,1.00000,127.249,0.054,4
120.6840,0.94880,1.03678,-0.00206,0.89770,1.00000,130.559,0.055,4
120.7360,0.94140,1.03622,-0.00206,0.88990,1.00000,133.835,0.056,4
120.7880,0.93363,1.03556,-0.00206,0.88210,1.00000,137.083,0.055,4
120.8400,0.92553,1.03483,-0.00206,0.87430,1.00000,140.309,0.055,4
120.8920,0.91712,1.03401,-0.00206,0.86650,1.00000,143.517,0.054,4
120.9440,0.90840,1.03312,-0.00206,0.85870,1.00000,146.711,0.052,4
120.9960,0.89941,1.03216,-0.00206,0.85090,1.00000,149.894,0.049,4
121.0480,0.89018,1.03112,-0.00206,0.84310,1.00000,153.070,0.046,4
121.1000,0.88073,1.03001,-0.00206,0.83530,1.00000,156.242,0.042,4
121.1520,0.87110,1.02881,-0.00206,0.82750,1.00000,159.414,0.037,4
121.2040,0.86130,1.02750,-0.00206,0.81970,1.00000,162.589,0.031,4
121.2560,0.85138,1.02608,-0.00206,0.81190,1.00000,165.769,0.025,4
121.3080,0.84135,1.02454,-0.00206,0.80410,1.00000,168.960,0.018,4
121.3600,0.83125,1.02289,-0.00206,0.79630,1.00000,172.162,0.011,4
121.4120,0.82111,1.02112,-0.00206,0.78850,1.00000,175.348,0.003,4
121.4640,0.81099,1.01925,-0.00206,0.78070,1.00000,178.193,-0.004,4
121.5160,0.80097,1.01734,-0.00206,0.77290,1.00000,179.307,-0.009,4
121.5680,0.79111,1.01544,-0.00206,0.76510,1.00000,179.532,-0.015,4
121.6200,0.78132,1.01362,-0.00206,0.75730,1.00000,179.650,-0.024,4
121.6720,0.77156,1.01191,-0.00206,0.74950,1.00000,179.737,-0.032,4
121.7240,0.76186,1.01031,-0.00206,0.74170,1.00000,179.797,-0.040,4
121.7760,0.75221,1.00881,-0.00206,0.73390,1.00000,179.843,-0.047,4
121.8280,0.74264,1.00743,-0.00206,0.72610,1.00000,179.880,-0.053,4
121.8800,0.73316,1.00616,-0.00206,0.71830,1.00000,179.910,-0.058,4
121.9320,0.72376,1.00499,-0.00206,0.71050,1.00000,179.933,-0.062,4
121.9840,0.71446,1.00393,-0.00206,0.70270,1.00000,179.952,-0.066,4
122.0360,0.70525,1.00297,-0.00206,0.69490,1.00000,179.967,-0.069,4
122.0880,0.69614,1.00209,-0.00205,0.68710,1.00000,179.978,-0.072,4
122.1400,0.68713,1.00131,-0.00205,0.67930,1.00000,179.987,-0.074,4
122.1920,0.67821,1.00062,-0.00205,0.67150,1.00000,179.994,-0.076,4
122.2440,0.66938,1.00000,-0.00205,0.66370,1.00000,180.000,-0.077,4
122.2960,0.66075,0.99807,-0.00206,0.65590,1.00000,-179.708,-0.078,4
122.3480,0.65232,0.99544,-0.00203,0.64810,1.00000,-179.414,-0.077,4
122.4000,0.64397,0.99386,-0.00198,0.64030,1.00000,-179.600,-0.071,4
122.4520,0.63568,0.99243,-0.00194,0.63250,1.00000,-179.652,-0.068,4
122.5040,0.62742,0.99126,-0.00190,0.62470,1.00000,-179.700,-0.070,4
122.5560,0.61920,0.99031,-0.00187,0.61690,1.00000,-179.752,-0.072,4
122.6080,0.61101,0.98953,-0.00185,0.60910,1.00000,-179.793,-0.073,4
122.6600,0.60285,0.98894,-0.00182,0.60130,1.00000,-179.827,-0.074,4
122.7120,0.59473,0.98852,-0.00181,0.59350,1.00000,-179.855,-0.075,4
122.7640,0.58664,0.98823,-0.00179,0.58570,1.00000,-179.879,-0.076,4
122.8160,0.57858,0.98807,-0.00178,0.57790,1.00000,-179.898,-0.077,4
122.8680,0.57054,0.98802,-0.00178,0.57010,1.00000,-179.915,-0.078,4
122.9200,0.56254,0.98807,-0.00177,0.56230,1.00000,-179.928,-0.078,4
122.9720,0.55455,0.98820,-0.00177,0.55450,1.00000,-179.939,-0.078,4
123.0240,0.54659,0.98840,-0.00177,0.54670,1.00000,-179.949,-0.078,4
123.0760,0.53864,0.98866,-0.00177,0.53890,1.00000,-179.956,-0.078,4
123.1280,0.53073,0.98899,-0.00177,0.53110,1.00000,-179.962,-0.079,4
123.1800,0.52282,0.98935,-0.00178,0.52330,1.00000,-179.968,-0.079,4
123.2320,0.51494,0.98975,-0.00178,0.51550,1.00000,-179.972,-0.079,4
123.2840,0.50706,0.99018,-0.00179,0.50770,1.00000,-179.975,-0.079,4
123.3360,0.49920,0.99062,-0.00180,0.49990,1.00000,-179.978,-0.078,4
123.3880,0.49136,0.99109,-0.00180,0.49210,1.00000,-179.980,-0.078,4
123.4400,0.48353,0.99156,-0.00181,0.48430,1.00000,-179.982,-0.078,4
123.4920,0.47570,0.99204,-0.00182,0.47650,1.00000,-179.983,-0.078,4
123.5440,0.46789,0.99252,-0.00183,0.46870,1.00000,-179.985,-0.078,4
123.5960,0.46008,0.99300,-0.00184,0.46090,1.00000,-179.985,-0.078,4
123.6480,0.45228,0.99347,-0.00185,0.45310,1.00000,-179.986,-0.078,4
123.7000,0.44448,0.99393,-0.00187,0.44530,1.00000,-179.986,-0.078,4
123.7520,0.43669,0.99438,-0.00188,0.43750,1.00000,-179.986,-0.078,4
123.8040,0.42891,0.99482,-0.00189,0.42970,1.00000,-179.986,-0.078,4
123.8560,0.42113,0.99524,-0.00190,0.42190,1.00000,-179.986,-0.078,4
123.9080,0.41335,0.99565,-0.00191,0.41410,1.00000,-179.986,-0.078,4
123.9600,0.40557,0.99603,-0.00192,0.40630,1.00000,-179.986,-0.078,4
124.0120,0.39780,0.99639,-0.00193,0.39850,1.00000,-179.985,-0.078,4
124.0640,0.39002,0.99674,-0.00194,0.39070,1.00000,-179.985,-0.078,4
124.1160,0.38224,0.99706,-0.00195,0.38290,1.00000,-179.985,-0.078,4
124.1680,0.37447,0.99736,-0.00196,0.37510,1.00000,-179.984,-0.078,4
124.2200,0.36669,0.99764,-0.00197,0.36730,1.00000,-179.984,-0.078,4
124.2720,0.35890,0.99789,-0.00198,0.35950,1.00000,-179.983,-0.078,4
124.3240,0.35113,0.99814,-0.00199,0.35170,1.00000,-179.983,-0.078,4
124.3760,0.34335,0.99836,-0.00199,0.34390,1.00000,-179.982,-0.078,4
124.4280,0.33557,0.99857,-0.00200,0.33610,1.00000,-179.982,-0.078,4
124.4800,0.32779,0.99874,-0.00201,0.32830,1.00000,-179.982,-0.078,4
124.5320,0.32000,0.99891,-0.00202,0.32050,1.00000,-179.981,-0.078,4
124.5840,0.31222,0.99906,-0.00202,0.31270,1.00000,-179.981,-0.078,4
124.6360,0.30444,0.99920,-0.00203,0.30490,1.00000,-179.981,-0.078,4
124.6880,0.29665,0.99932,-0.00203,0.29710,1.00000,-179.980,-0.078,4
124.7400,0.28886,0.99942,-0.00204,0.28930,1.00000,-179.980,-0.078,4
124.7920,0.28108,0.99952,-0.00205,0.28150,1.00000,-179.980,-0.078,4
124.8440,0.27329,0.99962,-0.00205,0.27370,1.00000,-179.979,-0.078,4
124.8960,0.26550,0.99968,-0.00206,0.26590,1.00000,-179.979,-0.078,4
124.9480,0.25771,0.99974,-0.00206,0.25810,1.00000,-179.979,-0.078,4
125.0000,0.24992,0.99979,-0.00206,0.25030,1.00000,-179.978,-0.078,4
125.0520,0.24213,0.99984,-0.00207,0.24250,1.00000,-179.978,-0.078,4
125.1040,0.23434,0.99988,-0.00207,0.23470,1.00000,-179.978,-0.078,4
125.1560,0.22654,0.99991,-0.00207,0.22690,1.00000,-179.978,-0.078,4
125.2080,0.21874,0.99992,-0.00208,0.21910,1.00000,-179.978,-0.078,4
125.2600,0.21095,0.99994,-0.00208,0.21130,1.00000,-179.978,-0.078,4
125.3120,0.20316,0.99995,-0.00208,0.20350,1.00000,-179.977,-0.078,4
125.3640,0.19536,0.99996,-0.00208,0.19570,1.00000,-179.977,-0.078,4
125.4160,0.18756,0.99995,-0.00209,0.18790,1.00000,-179.977,-0.078,4
125.4680,0.17977,0.99995,-0.00209,0.18010,1.00000,-179.977,-0.078,4
125.5200,0.17197,0.99995,-0.00209,0.17230,1.00000,-179.977,-0.078,4
125.5720,0.16417,0.99994,-0.00209,0.16450,1.00000,-179.977,-0.078,4
125.6240,0.15636,0.99991,-0.00209,0.15670,1.00000,-179.977,-0.078,4
125.6760,0.14856,0.99989,-0.00209,0.14890,1.00000,-179.977,-0.078,4
125.7280,0.14076,0.99987,-0.00209,0.14110,1.00000,-179.977,-0.078,4
125.7800,0.13296,0.99986,-0.00209,0.13330,1.00000,-179.977,-0.078,4
125.8320,0.12516,0.99985,-0.00210,0.12550,1.00000,-179.977,-0.078,4
125.8840,0.11736,0.99983,-0.00210,0.11770,1.00000,-179.977,-0.078,4
125.9360,0.10955,0.99980,-0.00210,0.10990,1.00000,-179.977,-0.078,4
125.9880,0.10176,0.99979,-0.00210,0.10210,1.00000,-179.977,-0.078,4
126.0400,0.09396,0.99978,-0.00210,0.09430,1.00000,-179.977,-0.078,4
126.0920,0.08617,0.99977,-0.00210,0.08650,1.00000,-179.977,-0.078,4
126.1440,0.07837,0.99976,-0.00210,0.07870,1.00000,-179.977,-0.078,4
126.1960,0.07057,0.99974,-0.00210,0.07090,1.00000,-179.977,-0.078,4
126.2480,0.06276,0.99971,-0.00210,0.06310,1.00000,-179.977,-0.078,4
126.3000,0.05496,0.99970,-0.00210,0.05530,1.00000,-179.977,-0.078,4
126.3520,0.04717,0.99968,-0.00210,0.04750,1.00000,-179.977,-0.078,4
126.4040,0.03937,0.99967,-0.00210,0.03970,1.00000,-179.977,-0.078,4
126.4560,0.03157,0.99967,-0.00210,0.03190,1.00000,-179.977,-0.078,4
126.5080,0.02377,0.99965,-0.00210,0.02410,1.00000,-179.977,-0.078,4
126.5600,0.01597,0.99964,-0.00210,0.01630,1.00000,-179.977,-0.078,4
126.6120,0.00818,0.99964,-0.00210,0.00850,1.00000,-179.977,-0.078,4
126.6640,0.00039,0.99964,-0.00210,0.00070,1.00000,-179.977,-0.078,4
126.7160,-0.00735,0.99958,-0.00210,0.00000,0.99290,-179.894,-0.077,4
126.7680,-0.01414,0.99882,-0.00210,0.00000,0.98510,-178.309,-0.059,4
126.8200,-0.01980,0.99706,-0.00209,0.00000,0.97730,-175.028,-0.056,4
126.8720,-0.02444,0.99436,-0.00209,0.00000,0.96950,-171.363,-0.063,4
126.9240,-0.02812,0.99082,-0.00209,0.00000,0.96170,-167.646,-0.067,4
126.9760,-0.03095,0.98654,-0.00209,0.00000,0.95390,-163.982,-0.068,4
127.0280,-0.03306,0.98159,-0.00209,0.00000,0.94610,-160.400,-0.068,4
127.0800,-0.03456,0.97604,-0.00209,0.00000,0.93830,-156.895,-0.069,4
127.1320,-0.03556,0.96993,-0.00209,0.00000,0.93050,-153.460,-0.069,4
127.1840,-0.03615,0.96330,-0.00209,0.00000,0.92270,-150.082,-0.070,4
127.2360,-0.03640,0.95621,-0.00209,0.00000,0.91490,-146.752,-0.071,4
127.2880,-0.03637,0.94868,-0.00209,0.00000,0.90710,-143.461,-0.073,4
127.3400,-0.03611,0.94072,-0.00209,0.00000,0.89930,-140.202,-0.075,4
127.3920,-0.03566,0.93238,-0.00209,0.00000,0.89150,-136.970,-0.078,4
127.4440,-0.03504,0.92369,-0.00209,0.00000,0.88370,-133.760,-0.081,4
127.4960,-0.03428,0.91466,-0.00209,0.00000,0.87590,-130.567,-0.084,4
127.5480,-0.03338,0.90535,-0.00209,0.00000,0.86810,-127.390,-0.088,4
127.6000,-0.03235,0.89578,-0.00208,0.00000,0.86030,-124.225,-0.092,4
127.6520,-0.03120,0.88599,-0.00208,0.00000,0.85250,-121.070,-0.096,4
127.7040,-0.02993,0.87601,-0.00208,0.00000,0.84470,-117.923,-0.101,4
127.7560,-0.02854,0.86588,-0.00208,0.00000,0.83690,-114.783,-0.106,4
127.8080,-0.02705,0.85563,-0.00208,0.00000,0.82910,-111.650,-0.110,4
127.8600,-0.02546,0.84530,-0.00208,0.00000,0.82130,-108.522,-0.114,4
127.9120,-0.02376,0.83495,-0.00207,0.00000,0.81350,-105.399,-0.117,4
127.9640,-0.02197,0.82462,-0.00207,0.00000,0.80570,-102.282,-0.119,4
128.0160,-0.02008,0.81433,-0.00207,0.00000,0.79790,-99.170,-0.121,4
128.0660,-0.01821,0.80450,-0.00207,0.00000,0.79040,-96.190,-0.123,4
128.1160,-0.01628,0.79477,-0.00207,0.00000,0.78290,-93.267,-0.123,4
128.1660,-0.01433,0.78516,-0.00206,0.00000,0.77540,-90.774,-0.124,4
128.2160,-0.01242,0.77567,-0.00206,0.00000,0.76790,-89.852,-0.125,4
128.2660,-0.01059,0.76636,-0.00206,0.00000,0.76040,-89.762,-0.124,4
128.3160,-0.00889,0.75724,-0.00206,0.00000,0.75290,-89.785,-0.122,4
128.3660,-0.00732,0.74830,-0.00206,0.00000,0.74540,-89.807,-0.119,4
128.4160,-0.00590,0.73955,-0.00206,0.00000,0.73790,-89.835,-0.117,4
128.4660,-0.00461,0.73095,-0.00206,0.00000,0.73040,-89.862,-0.115,4
128.5160,-0.00345,0.72250,-0.00206,0.00000,0.72290,-89.885,-0.112,4
128.5660,-0.00240,0.71419,-0.00206,0.00000,0.71540,-89.904,-0.110,4
128.6160,-0.00147,0.70601,-0.00206,0.00000,0.70790,-89.920,-0.108,4
128.6660,-0.00064,0.69795,-0.00206,0.00000,0.70040,-89.935,-0.106,4
128.7160,0.00010,0.68999,-0.00206,0.00000,0.69290,-89.946,-0.105,4
128.7660,0.00074,0.68212,-0.00206,0.00000,0.68540,-89.957,-0.103,4
128.8160,0.00129,0.67433,-0.00207,0.00000,0.67790,-89.966,-0.102,4
128.8660,0.00176,0.66662,-0.00207,0.00000,0.67040,-89.973,-0.100,4
128.9160,0.00215,0.65896,-0.00207,0.00000,0.66290,-89.980,-0.099,4
128.9660,0.00249,0.65138,-0.00207,0.00000,0.65540,-89.986,-0.097,4
129.0160,0.00276,0.64384,-0.00207,0.00000,0.64790,-89.991,-0.096,4
129.0660,0.00298,0.63635,-0.00207,0.00000,0.64040,-89.996,-0.095,4
129.1160,0.00314,0.62889,-0.00207,0.00000,0.63290,-89.999,-0.094,4
129.1660,0.00327,0.62147,-0.00208,0.00000,0.62540,-90.003,-0.093,4
129.2160,0.00334,0.61406,-0.00208,0.00000,0.61790,-90.006,-0.092,4
129.2660,0.00338,0.60668,-0.00208,0.00000,0.61040,-90.009,-0.092,4
129.3160,0.00339,0.59932,-0.00208,0.00000,0.60290,-90.011,-0.091,4
129.3660,0.00337,0.59197,-0.00208,0.00000,0.59540,-90.013,-0.090,4
129.4160,0.00333,0.58464,-0.00208,0.00000,0.58790,-90.015,-0.090,4
129.4660,0.00327,0.57732,-0.00208,0.00000,0.58040,-90.017,-0.089,4
129.5160,0.00319,0.56999,-0.00208,0.00000,0.57290,-90.018,-0.089,4
129.5660,0.00308,0.56266,-0.00208,0.00000,0.56540,-90.020,-0.089,4
129.6160,0.00296,0.55534,-0.00209,0.00000,0.55790,-90.021,-0.089,4
129.6660,0.00283,0.54801,-0.00209,0.00000,0.55040,-90.022,-0.088,4
129.7160,0.00270,0.54067,-0.00209,0.00000,0.54290,-90.022,-0.088,4
129.7660,0.00255,0.53333,-0.00209,0.00000,0.53540,-90.023,-0.088,4
129.8160,0.00241,0.52599,-0.00209,0.00000,0.52790,-90.024,-0.088,4
129.8660,0.00225,0.51864,-0.00209,0.00000,0.52040,-90.024,-0.088,4
129.9160,0.00211,0.51129,-0.00209,0.00000,0.51290,-90.025,-0.088,4
129.9660,0.00195,0.50392,-0.00209,0.00000,0.50540,-90.025,-0.088,4
130.0160,0.00180,0.49655,-0.00209,0.00000,0.49790,-90.025,-0.088,4
130.0660,0.00165,0.48917,-0.00209,0.00000,0.49040,-90.026,-0.088,4
130.1160,0.00150,0.48178,-0.00209,0.00000,0.48290,-90.026,-0.088,4
130.1660,0.00136,0.47439,-0.00209,0.00000,0.47540,-90.026,-0.088,4
130.2160,0.00121,0.46698,-0.00209,0.00000,0.46790,-90.026,-0.088,4
130.2660,0.00108,0.45957,-0.00209,0.00000,0.46040,-90.026,-0.088,4
130.3160,0.00094,0.45215,-0.00209,0.00000,0.45290,-90.026,-0.088,4
130.3660,0.00082,0.44472,-0.00209,0.00000,0.44540,-90.026,-0.088,4
130.4160,0.00070,0.43729,-0.00209,0.00000,0.43790,-90.026,-0.088,4
130.4660,0.00059,0.42985,-0.00209,0.00000,0.43040,-90.026,-0.088,4
130.5160,0.00049,0.42241,-0.00209,0.00000,0.42290,-90.026,-0.088,4
130.5660,0.00039,0.41496,-0.00209,0.00000,0.41540,-90.026,-0.089,4
130.6160,0.00030,0.40750,-0.00209,0.00000,0.40790,-90.025,-0.089,4
130.6660,0.00021,0.40004,-0.00209,0.00000,0.40040,-90.025,-0.089,4
130.7160,0.00012,0.39256,-0.00209,0.00000,0.39290,-90.025,-0.089,4
130.7660,0.00003,0.38509,-0.00209,0.00000,0.38540,-90.025,-0.089,4
130.8160,-0.00005,0.37760,-0.00209,0.00000,0.37790,-90.025,-0.089,4
130.8660,-0.00011,0.37012,-0.00209,0.00000,0.37040,-90.025,-0.089,4
130.9160,-0.00018,0.36264,-0.00209,0.00000,0.36290,-90.024,-0.089,4
130.9660,-0.00024,0.35515,-0.00209,0.00000,0.35540,-90.024,-0.089,4
131.0160,-0.00029,0.34766,-0.00209,0.00000,0.34790,-90.024,-0.089,4
131.0660,-0.00034,0.34016,-0.00209,0.00000,0.34040,-90.024,-0.089,4
131.1160,-0.00039,0.33266,-0.00209,0.00000,0.33290,-90.024,-0.089,4
131.1660,-0.00044,0.32516,-0.00209,0.00000,0.32540,-90.024,-0.089,4
131.2160,-0.00048,0.31765,-0.00209,0.00000,0.31790,-90.023,-0.089,4
131.2660,-0.00051,0.31015,-0.00209,0.00000,0.31040,-90.023,-0.089,4
131.3160,-0.00054,0.30265,-0.00209,0.00000,0.30290,-90.023,-0.089,4
131.3660,-0.00057,0.29514,-0.00209,0.00000,0.29540,-90.023,-0.089,4
131.4160,-0.00058,0.28764,-0.00209,0.00000,0.28790,-90.022,-0.088,4
131.4660,-0.00060,0.28013,-0.00209,0.00000,0.28040,-90.022,-0.088,4
131.5160,-0.00060,0.27263,-0.00209,0.00000,0.27290,-90.022,-0.088,4
131.5660,-0.00061,0.26513,-0.00209,0.00000,0.26540,-90.022,-0.088,4
131.6160,-0.00061,0.25764,-0.00209,0.00000,0.25790,-90.022,-0.089,4
131.6660,-0.00061,0.25013,-0.00209,0.00000,0.25040,-90.022,-0.089,4
131.7160,-0.00062,0.24262,-0.00209,0.00000,0.24290,-90.022,-0.089,4
131.7660,-0.00062,0.23512,-0.00209,0.00000,0.23540,-90.022,-0.089,4
131.8160,-0.00062,0.22762,-0.00209,0.00000,0.22790,-90.022,-0.089,4
131.8660,-0.00063,0.22011,-0.00209,0.00000,0.22040,-90.022,-0.089,4
131.9160,-0.00063,0.21260,-0.00209,0.00000,0.21290,-90.022,-0.089,4
131.9660,-0.00063,0.20509,-0.00209,0.00000,0.20540,-90.021,-0.088,4
132.0160,-0.00062,0.19759,-0.00209,0.00000,0.19790,-90.021,-0.088,4
132.0660,-0.00061,0.19009,-0.00209,0.00000,0.19040,-90.021,-0.088,4
132.1160,-0.00061,0.18258,-0.00209,0.00000,0.18290,-90.021,-0.089,4
132.1660,-0.00061,0.17508,-0.00209,0.00000,0.17540,-90.021,-0.089,4
132.2160,-0.00060,0.16758,-0.00209,0.00000,0.16790,-90.021,-0.088,4
132.2660,-0.00058,0.16008,-0.00209,0.00000,0.16040,-90.021,-0.089,4
132.3160,-0.00058,0.15258,-0.00209,0.00000,0.15290,-90.021,-0.089,4
132.3660,-0.00057,0.14508,-0.00209,0.00000,0.14540,-90.021,-0.089,4
132.4160,-0.00055,0.13758,-0.00209,0.00000,0.13790,-90.021,-0.089,4
132.4660,-0.00055,0.13008,-0.00209,0.00000,0.13040,-90.021,-0.089,4
132.5160,-0.00054,0.12258,-0.00209,0.00000,0.12290,-90.021,-0.089,4
132.5660,-0.00054,0.11507,-0.00209,0.00000,0.11540,-90.021,-0.089,4
132.6160,-0.00055,0.10756,-0.00209,0.00000,0.10790,-90.021,-0.089,4
132.6660,-0.00054,0.10006,-0.00209,0.00000,0.10040,-90.021,-0.089,4
132.7160,-0.00054,0.09256,-0.00209,0.00000,0.09290,-90.021,-0.089,4
132.7660,-0.00053,0.08506,-0.00209,0.00000,0.08540,-90.021,-0.089,4
132.8160,-0.00051,0.07756,-0.00209,0.00000,0.07790,-90.021,-0.089,4
132.8660,-0.00051,0.07006,-0.00209,0.00000,0.07040,-90.021,-0.089,4
132.9160,-0.00051,0.06256,-0.00209,0.00000,0.06290,-90.021,-0.089,4
132.9660,-0.00050,0.05506,-0.00209,0.00000,0.05540,-90.021,-0.089,4
133.0160,-0.00050,0.04756,-0.00209,0.00000,0.04790,-90.021,-0.089,4
133.0660,-0.00050,0.04005,-0.00209,0.00000,0.04040,-90.021,-0.089,4
133.1160,-0.00051,0.03255,-0.00209,0.00000,0.03290,-90.021,-0.088,4
133.1660,-0.00050,0.02505,-0.00209,0.00000,0.02540,-90.021,-0.088,4
133.2160,-0.00050,0.01755,-0.00209,0.00000,0.01790,-90.021,-0.088,4
133.2660,-0.00048,0.01005,-0.00209,0.00000,0.01040,-90.021,-0.088,4
133.3160,-0.00048,0.00255,-0.00209,0.00000,0.00290,-90.021,-0.088,4
133.3660,-0.00043,-0.00488,-0.00209,0.00460,0.00000,-89.934,-0.088,5
133.4160,0.00027,-0.01136,-0.00209,0.01210,0.00000,-88.371,-0.072,5
133.4660,0.00190,-0.01674,-0.00209,0.01960,0.00000,-85.347,-0.071,5
133.5160,0.00445,-0.02118,-0.00209,0.02710,0.00000,-81.980,-0.082,5
133.5660,0.00784,-0.02488,-0.00209,0.03460,0.00000,-78.566,-0.092,5
133.6160,0.01199,-0.02790,-0.00208,0.04210,0.00000,-75.174,-0.099,5
133.6660,0.01681,-0.03036,-0.00208,0.04960,0.00000,-71.832,-0.105,5
133.7160,0.02225,-0.03233,-0.00208,0.05710,0.00000,-68.540,-0.108,5
133.7660,0.02825,-0.03386,-0.00208,0.06460,0.00000,-65.293,-0.109,5
133.8160,0.03474,-0.03502,-0.00208,0.07210,0.00000,-62.084,-0.110,5
133.8660,0.04169,-0.03587,-0.00208,0.07960,0.00000,-58.908,-0.109,5
133.9160,0.04906,-0.03644,-0.00208,0.08710,0.00000,-55.759,-0.108,5
133.9660,0.05679,-0.03678,-0.00208,0.09460,0.00000,-52.632,-0.106,5
134.0160,0.06488,-0.03691,-0.00208,0.10210,0.00000,-49.524,-0.104,5
134.0660,0.07327,-0.03686,-0.00208,0.10960,0.00000,-46.432,-0.101,5
134.1160,0.08193,-0.03665,-0.00208,0.11710,0.00000,-43.354,-0.098,5
134.1660,0.09084,-0.03629,-0.00208,0.12460,0.00000,-40.286,-0.095,5
134.2160,0.09995,-0.03581,-0.00208,0.13210,0.00000,-37.227,-0.092,5
134.2660,0.10924,-0.03520,-0.00208,0.13960,0.00000,-34.176,-0.088,5
134.3160,0.11867,-0.03447,-0.00208,0.14710,0.00000,-31.131,-0.084,5
134.3660,0.12822,-0.03362,-0.00208,0.15460,0.00000,-28.091,-0.080,5
134.4160,0.13786,-0.03265,-0.00208,0.16210,0.00000,-25.054,-0.075,5
134.4660,0.14754,-0.03159,-0.00208,0.16960,0.00000,-22.021,-0.071,5
134.5160,0.15724,-0.03042,-0.00208,0.17710,0.00000,-18.990,-0.066,5
134.5660,0.16694,-0.02914,-0.00208,0.18460,0.00000,-15.958,-0.061,5
134.6160,0.17660,-0.02777,-0.00208,0.19210,0.00000,-12.927,-0.057,5
134.6660,0.18621,-0.02629,-0.00208,0.19960,0.00000,-9.895,-0.052,5
134.7160,0.19574,-0.02473,-0.00208,0.20710,0.00000,-6.865,-0.047,5
134.7660,0.20516,-0.02310,-0.00208,0.21460,0.00000,-3.880,-0.042,5
134.8160,0.21447,-0.02137,-0.00208,0.22210,0.00000,-1.302,-0.037,5
134.8660,0.22369,-0.01958,-0.00208,0.22960,0.00000,-0.325,-0.033,5
134.9160,0.23277,-0.01771,-0.00208,0.23710,0.00000,-0.166,-0.028,5
134.9660,0.24167,-0.01588,-0.00208,0.24460,0.00000,-0.120,-0.021,5
135.0160,0.25040,-0.01415,-0.00208,0.25210,0.00000,-0.088,-0.014,5
135.0660,0.25897,-0.01251,-0.00209,0.25960,0.00000,-0.074,-0.009,5
135.1160,0.26740,-0.01098,-0.00209,0.26710,0.00000,-0.066,-0.004,5
135.1660,0.27569,-0.00955,-0.00209,0.27460,0.00000,-0.059,0.001,5
135.2160,0.28386,-0.00822,-0.00209,0.28210,0.00000,-0.055,0.004,5
135.2660,0.29191,-0.00700,-0.00209,0.28960,0.00000,-0.051,0.008,5
135.3160,0.29986,-0.00588,-0.00209,0.29710,0.00000,-0.048,0.010,5
135.3660,0.30772,-0.00485,-0.00209,0.30460,0.00000,-0.046,0.013,5
135.4160,0.31549,-0.00391,-0.00209,0.31210,0.00000,-0.045,0.015,5
135.4660,0.32320,-0.00305,-0.00209,0.31960,0.00000,-0.044,0.017,5
135.5160,0.33084,-0.00228,-0.00209,0.32710,0.00000,-0.043,0.018,5
135.5660,0.33842,-0.00159,-0.00209,0.33460,0.00000,-0.042,0.020,5
135.6160,0.34594,-0.00099,-0.00210,0.34210,0.00000,-0.042,0.021,5
135.6660,0.35343,-0.00045,-0.00210,0.34960,0.00000,-0.041,0.022,5
135.7160,0.36088,0.00002,-0.00210,0.35710,0.00000,-0.041,0.022,5
135.7660,0.36830,0.00044,-0.00210,0.36460,0.00000,-0.040,0.023,5
135.8160,0.37570,0.00081,-0.00210,0.37210,0.00000,-0.040,0.024,5
135.8660,0.38309,0.00112,-0.00210,0.37960,0.00000,-0.039,0.024,5
135.9160,0.39046,0.00139,-0.00210,0.38710,0.00000,-0.039,0.025,5
135.9660,0.39781,0.00161,-0.00210,0.39460,0.00000,-0.040,0.025,5
136.0160,0.40515,0.00178,-0.00210,0.40210,0.00000,-0.039,0.026,5
136.0660,0.41249,0.00192,-0.00210,0.40960,0.00000,-0.039,0.026,5
136.1160,0.41982,0.00202,-0.00210,0.41710,0.00000,-0.038,0.026,5
136.1660,0.42715,0.00208,-0.00210,0.42460,0.00000,-0.038,0.027,5
136.2160,0.43447,0.00211,-0.00210,0.43210,0.00000,-0.037,0.027,5
136.2660,0.44181,0.00214,-0.00210,0.43960,0.00000,-0.036,0.026,5
136.3160,0.44916,0.00214,-0.00210,0.44710,0.00000,-0.036,0.027,5
136.3660,0.45651,0.00213,-0.00210,0.45460,0.00000,-0.035,0.027,5
136.4160,0.46386,0.00209,-0.00210,0.46210,0.00000,-0.035,0.027,5
136.4660,0.47122,0.00205,-0.00210,0.46960,0.00000,-0.035,0.027,5
136.5160,0.47859,0.00199,-0.00210,0.47710,0.00000,-0.034,0.028,5
136.5660,0.48596,0.00191,-0.00210,0.48460,0.00000,-0.034,0.028,5
136.6160,0.49334,0.00182,-0.00210,0.49210,0.00000,-0.034,0.028,5
136.6660,0.50073,0.00174,-0.00210,0.49960,0.00000,-0.033,0.028,5
136.7160,0.50813,0.00165,-0.00210,0.50710,0.00000,-0.033,0.028,5
136.7660,0.51553,0.00154,-0.00210,0.51460,0.00000,-0.032,0.028,5
136.8160,0.52294,0.00144,-0.00210,0.52210,0.00000,-0.032,0.028,5
136.8660,0.53036,0.00134,-0.00210,0.52960,0.00000,-0.031,0.028,5
136.9160,0.53779,0.00124,-0.00210,0.53710,0.00000,-0.031,0.028,5
136.9660,0.54523,0.00114,-0.00210,0.54460,0.00000,-0.030,0.029,5
137.0160,0.55267,0.00104,-0.00209,0.55210,0.00000,-0.030,0.029,5
137.0660,0.56011,0.00093,-0.00209,0.55960,0.00000,-0.030,0.029,5
137.1160,0.56756,0.00082,-0.00209,0.56710,0.00000,-0.029,0.029,5
137.1660,0.57501,0.00072,-0.00209,0.57460,0.00000,-0.028,0.029,5
137.2160,0.58247,0.00062,-0.00209,0.58210,0.00000,-0.028,0.028,5
137.2660,0.58994,0.00053,-0.00209,0.58960,0.00000,-0.027,0.028,5
137.3160,0.59741,0.00044,-0.00209,0.59710,0.00000,-0.027,0.029,5
137.3660,0.60489,0.00035,-0.00209,0.60460,0.00000,-0.027,0.029,5
137.4160,0.61237,0.00027,-0.00209,0.61210,0.00000,-0.026,0.029,5
137.4660,0.61985,0.00019,-0.00209,0.61960,0.00000,-0.026,0.029,5
137.5160,0.62733,0.00011,-0.00209,0.62710,0.00000,-0.026,0.028,5
137.5660,0.63482,0.00004,-0.00209,0.63460,0.00000,-0.025,0.028,5
137.6160,0.64231,-0.00002,-0.00209,0.64210,0.00000,-0.025,0.028,5
137.6660,0.64980,-0.00009,-0.00209,0.64960,0.00000,-0.025,0.028,5
137.7160,0.65730,-0.00014,-0.00209,0.65710,0.00000,-0.024,0.028,5
137.7660,0.66479,-0.00020,-0.00209,0.66460,0.00000,-0.024,0.028,5
137.8160,0.67229,-0.00024,-0.00209,0.67210,0.00000,-0.024,0.028,5
137.8660,0.67980,-0.00028,-0.00209,0.67960,0.00000,-0.024,0.028,5
137.9160,0.68730,-0.00032,-0.00209,0.68710,0.00000,-0.024,0.029,5
137.9660,0.69480,-0.00036,-0.00209,0.69460,0.00000,-0.024,0.029,5
138.0160,0.70230,-0.00040,-0.00209,0.70210,0.00000,-0.024,0.028,5
138.0660,0.70980,-0.00043,-0.00209,0.70960,0.00000,-0.023,0.028,5
138.1160,0.71731,-0.00046,-0.00209,0.71710,0.00000,-0.023,0.028,5
138.1660,0.72481,-0.00048,-0.00209,0.72460,0.00000,-0.023,0.028,5
138.2160,0.73231,-0.00050,-0.00209,0.73210,0.00000,-0.023,0.028,5
138.2660,0.73981,-0.00054,-0.00209,0.73960,0.00000,-0.023,0.028,5
138.3160,0.74731,-0.00056,-0.00209,0.74710,0.00000,-0.023,0.028,5
138.3660,0.75482,-0.00057,-0.00209,0.75460,0.00000,-0.023,0.028,5
138.4160,0.76232,-0.00058,-0.00209,0.76210,0.00000,-0.023,0.028,5
138.4660,0.76983,-0.00059,-0.00209,0.76960,0.00000,-0.023,0.028,5
138.5160,0.77734,-0.00059,-0.00209,0.77710,0.00000,-0.023,0.028,5
138.5660,0.78484,-0.00060,-0.00209,0.78460,0.00000,-0.023,0.028,5
138.6160,0.79235,-0.00061,-0.00209,0.79210,0.00000,-0.023,0.028,5
138.6660,0.79985,-0.00061,-0.00209,0.79960,0.00000,-0.023,0.028,5
138.7160,0.80735,-0.00063,-0.00209,0.80710,0.00000,-0.023,0.028,5
138.7660,0.81485,-0.00063,-0.00209,0.81460,0.00000,-0.022,0.028,5
138.8160,0.82235,-0.00063,-0.00209,0.82210,0.00000,-0.022,0.028,5
138.8660,0.82986,-0.00063,-0.00209,0.82960,0.00000,-0.022,0.028,5
138.9160,0.83736,-0.00063,-0.00209,0.83710,0.00000,-0.022,0.028,5
138.9660,0.84486,-0.00063,-0.00209,0.84460,0.00000,-0.022,0.028,5
139.0160,0.85237,-0.00063,-0.00209,0.85210,0.00000,-0.022,0.028,5
139.0660,0.85987,-0.00063,-0.00209,0.85960,0.00000,-0.022,0.028,5
139.1160,0.86736,-0.00063,-0.00209,0.86710,0.00000,-0.022,0.028,5
139.1660,0.87487,-0.00063,-0.00209,0.87460,0.00000,-0.022,0.027,5
139.2160,0.88237,-0.00062,-0.00209,0.88210,0.00000,-0.021,0.027,5
139.2660,0.88988,-0.00061,-0.00209,0.88960,0.00000,-0.022,0.027,5
139.3160,0.89739,-0.00059,-0.00209,0.89710,0.00000,-0.022,0.028,5
139.3660,0.90490,-0.00057,-0.00209,0.90460,0.00000,-0.023,0.028,5
139.4160,0.91240,-0.00056,-0.00209,0.91210,0.00000,-0.023,0.028,5
139.4660,0.91990,-0.00055,-0.00209,0.91960,0.00000,-0.023,0.028,5
139.5160,0.92741,-0.00054,-0.00209,0.92710,0.00000,-0.023,0.028,5
139.5660,0.93491,-0.00053,-0.00209,0.93460,0.00000,-0.023,0.028,5
139.6160,0.94241,-0.00053,-0.00209,0.94210,0.00000,-0.023,0.028,5
139.6660,0.94991,-0.00053,-0.00209,0.94960,0.00000,-0.023,0.028,5
139.7160,0.95740,-0.00053,-0.00209,0.95710,0.00000,-0.023,0.028,5
139.7660,0.96490,-0.00053,-0.00209,0.96460,0.00000,-0.023,0.028,5
139.8160,0.97241,-0.00052,-0.00209,0.97210,0.00000,-0.023,0.028,5
139.8660,0.97991,-0.00051,-0.00209,0.97960,0.00000,-0.023,0.028,5
139.9160,0.98741,-0.00050,-0.00209,0.98710,0.00000,-0.023,0.028,5
139.9660,0.99491,-0.00051,-0.00209,0.99460,0.00000,-0.023,0.028,5
140.0160,1.00241,-0.00050,-0.00209,1.00000,0.00210,-0.023,0.028,5
140.0660,1.00984,-0.00045,-0.00209,1.00000,0.00960,0.062,0.029,5
140.1160,1.01630,0.00024,-0.00209,1.00000,0.01710,1.598,0.045,5
140.1660,1.02156,0.00170,-0.00209,1.00000,0.02460,4.788,0.044,5
140.2160,1.02579,0.00392,-0.00208,1.00000,0.03210,8.448,0.032,5
140.2660,1.02915,0.00690,-0.00208,1.00000,0.03960,12.154,0.022,5
140.3160,1.03177,0.01059,-0.00208,1.00000,0.04710,15.803,0.015,5
140.3660,1.03377,0.01492,-0.00208,1.00000,0.05460,19.365,0.010,5
140.4160,1.03525,0.01986,-0.00208,1.00000,0.06210,22.842,0.006,5
140.4660,1.03631,0.02534,-0.00207,1.00000,0.06960,26.244,0.004,5
140.5160,1.03703,0.03133,-0.00207,1.00000,0.07710,29.581,0.004,5
140.5660,1.03746,0.03775,-0.00207,1.00000,0.08460,32.865,0.004,5
140.6160,1.03767,0.04459,-0.00207,1.00000,0.09210,36.102,0.006,5
140.6660,1.03768,0.05180,-0.00207,1.00000,0.09960,39.300,0.008,5
140.7160,1.03754,0.05935,-0.00207,1.00000,0.10710,42.467,0.010,5
140.7660,1.03728,0.06721,-0.00207,1.00000,0.11460,45.606,0.013,5
140.8160,1.03691,0.07537,-0.00207,1.00000,0.12210,48.724,0.015,5
140.8660,1.03646,0.08380,-0.00207,1.00000,0.12960,51.823,0.018,5
140.9160,1.03592,0.09247,-0.00206,1.00000,0.13710,54.908,0.022,5
140.9660,1.03531,0.10134,-0.00206,1.00000,0.14460,57.982,0.025,5
141.0160,1.03462,0.11039,-0.00206,1.00000,0.15210,61.048,0.028,5
141.0660,1.03385,0.11960,-0.00206,1.00000,0.15960,64.109,0.031,5
141.1160,1.03300,0.12894,-0.00206,1.00000,0.16710,67.167,0.034,5
141.1660,1.03207,0.13838,-0.00206,1.00000,0.17460,70.225,0.036,5
141.2160,1.03103,0.14790,-0.00207,1.00000,0.18210,73.287,0.039,5
141.2660,1.02990,0.15746,-0.00207,1.00000,0.18960,76.354,0.041,5
141.3160,1.02867,0.16706,-0.00207,1.00000,0.19710,79.430,0.042,5
141.3660,1.02732,0.17668,-0.00207,1.00000,0.20460,82.515,0.044,5
141.4160,1.02587,0.18628,-0.00207,1.00000,0.21210,85.569,0.044,5
141.4660,1.02430,0.19586,-0.00207,1.00000,0.21960,88.237,0.045,5
141.5160,1.02261,0.20532,-0.00207,1.00000,0.22710,89.291,0.048,5
141.5660,1.02080,0.21462,-0.00207,1.00000,0.23460,89.527,0.051,5
141.6160,1.01899,0.22383,-0.00207,1.00000,0.24210,89.641,0.050,5
141.6660,1.01723,0.23297,-0.00207,1.00000,0.24960,89.725,0.048,5
141.7160,1.01555,0.24204,-0.00207,1.00000,0.25710,89.781,0.047,5
141.7660,1.01395,0.25104,-0.00207,1.00000,0.26460,89.824,0.045,5
141.8160,1.01244,0.25997,-0.00207,1.00000,0.27210,89.858,0.043,5
141.8660,1.01102,0.26881,-0.00207,1.00000,0.27960,89.886,0.042,5
141.9160,1.00969,0.27758,-0.00207,1.00000,0.28710,89.908,0.040,5
141.9660,1.00843,0.28626,-0.00207,1.00000,0.29460,89.926,0.039,5
142.0160,1.00726,0.29485,-0.00207,1.00000,0.30210,89.940,0.038,5
142.0660,1.00618,0.30337,-0.00207,1.00000,0.30960,89.951,0.037,5
142.1160,1.00518,0.31180,-0.00207,1.00000,0.31710,89.960,0.037,5
142.1660,1.00426,0.32016,-0.00207,1.00000,0.32460,89.968,0.036,5
142.2160,1.00340,0.32843,-0.00208,1.00000,0.33210,89.974,0.035,5
142.2660,1.00263,0.33664,-0.00208,1.00000,0.33960,89.979,0.034,5
142.3160,1.00193,0.34478,-0.00208,1.00000,0.34710,89.983,0.034,5
142.3660,1.00130,0.35285,-0.00208,1.00000,0.35460,89.986,0.034,5
142.4160,1.00073,0.36085,-0.00208,1.00000,0.36210,89.989,0.033,5
142.4660,1.00022,0.36880,-0.00208,1.00000,0.36960,89.991,0.033,5
142.5160,0.99977,0.37670,-0.00208,1.00000,0.37710,89.993,0.032,5
142.5660,0.99936,0.38454,-0.00208,1.00000,0.38460,89.995,0.032,5
142.6160,0.99900,0.39233,-0.00208,1.00000,0.39210,89.996,0.032,5
142.6660,0.99871,0.40009,-0.00208,1.00000,0.39960,89.998,0.031,5
142.7160,0.99845,0.40780,-0.00208,1.00000,0.40710,89.999,0.031,5
142.7660,0.99822,0.41548,-0.00208,1.00000,0.41460,90.000,0.031,5
142.8160,0.99802,0.42312,-0.00208,1.00000,0.42210,90.001,0.031,5
142.8660,0.99787,0.43073,-0.00208,1.00000,0.42960,90.002,0.031,5
142.9160,0.99775,0.43832,-0.00208,1.00000,0.43710,90.003,0.030,5
142.9660,0.99766,0.44589,-0.00208,1.00000,0.44460,90.004,0.030,5
143.0160,0.99759,0.45344,-0.00208,1.00000,0.45210,90.005,0.030,5
143.0660,0.99755,0.46097,-0.00208,1.00000,0.45960,90.006,0.030,5
143.1160,0.99752,0.46848,-0.00208,1.00000,0.46710,90.007,0.030,5
143.1660,0.99752,0.47598,-0.00209,1.00000,0.47460,90.008,0.030,5
143.2160,0.99753,0.48347,-0.00209,1.00000,0.48210,90.008,0.030,5
143.2660,0.99756,0.49095,-0.00209,1.00000,0.48960,90.009,0.030,5
143.3160,0.99758,0.49842,-0.00209,1.00000,0.49710,90.010,0.030,5
143.3660,0.99762,0.50588,-0.00209,1.00000,0.50460,90.010,0.030,5
143.4160,0.99768,0.51334,-0.00209,1.00000,0.51210,90.011,0.030,5
143.4660,0.99774,0.52080,-0.00209,1.00000,0.51960,90.012,0.029,5
143.5160,0.99782,0.52825,-0.00209,1.00000,0.52710,90.012,0.029,5
143.5660,0.99789,0.53570,-0.00209,1.00000,0.53460,90.013,0.030,5
143.6160,0.99797,0.54315,-0.00209,1.00000,0.54210,90.014,0.030,5
143.6660,0.99806,0.55061,-0.00209,1.00000,0.54960,90.014,0.030,5
143.7160,0.99814,0.55806,-0.00209,1.00000,0.55710,90.015,0.030,5
143.7660,0.99822,0.56550,-0.00209,1.00000,0.56460,90.016,0.030,5
143.8160,0.99829,0.57295,-0.00209,1.00000,0.57210,90.016,0.030,5
143.8660,0.99837,0.58040,-0.00209,1.00000,0.57960,90.016,0.029,5
143.9160,0.99845,0.58785,-0.00209,1.00000,0.58710,90.017,0.029,5
143.9660,0.99852,0.59530,-0.00209,1.00000,0.59460,90.017,0.029,5
144.0160,0.99860,0.60276,-0.00209,1.00000,0.60210,90.017,0.029,5
144.0660,0.99868,0.61022,-0.00209,1.00000,0.60960,90.017,0.029,5
144.1160,0.99875,0.61769,-0.00209,1.00000,0.61710,90.018,0.029,5
144.1660,0.99883,0.62516,-0.00209,1.00000,0.62460,90.018,0.029,5
144.2160,0.99891,0.63263,-0.00209,1.00000,0.63210,90.019,0.029,5
144.2660,0.99899,0.64011,-0.00209,1.00000,0.63960,90.019,0.030,5
144.3160,0.99904,0.64758,-0.00209,1.00000,0.64710,90.020,0.030,5
144.3660,0.99911,0.65506,-0.00209,1.00000,0.65460,90.020,0.030,5
144.4160,0.99916,0.66254,-0.00209,1.00000,0.66210,90.020,0.030,5
144.4660,0.99922,0.67001,-0.00209,1.00000,0.66960,90.020,0.030,5
144.5160,0.99926,0.67749,-0.00209,1.00000,0.67710,90.021,0.030,5
144.5660,0.99929,0.68497,-0.00209,1.00000,0.68460,90.020,0.030,5
144.6160,0.99934,0.69246,-0.00209,1.00000,0.69210,90.020,0.030,5
144.6660,0.99938,0.69994,-0.00209,1.00000,0.69960,90.020,0.030,5
144.7160,0.99941,0.70743,-0.00209,1.00000,0.70710,90.020,0.030,5
144.7660,0.99945,0.71492,-0.00209,1.00000,0.71460,90.020,0.030,5
144.8160,0.99948,0.72241,-0.00209,1.00000,0.72210,90.021,0.030,5
144.8660,0.99950,0.72990,-0.00209,1.00000,0.72960,90.021,0.030,5
144.9160,0.99952,0.73739,-0.00209,1.00000,0.73710,90.021,0.030,5
144.9660,0.99955,0.74489,-0.00209,1.00000,0.74460,90.021,0.030,5
145.0160,0.99957,0.75238,-0.00209,1.00000,0.75210,90.021,0.030,5
145.0660,0.99958,0.75988,-0.00209,1.00000,0.75960,90.021,0.030,5
145.1160,0.99960,0.76738,-0.00209,1.00000,0.76710,90.021,0.030,5
145.1660,0.99961,0.77488,-0.00209,1.00000,0.77460,90.021,0.030,5
145.2160,0.99962,0.78237,-0.00209,1.00000,0.78210,90.021,0.030,5
145.2660,0.99963,0.78987,-0.00209,1.00000,0.78960,90.021,0.030,5
145.3160,0.99965,0.79738,-0.00209,1.00000,0.79710,90.021,0.030,5
145.3660,0.99967,0.80489,-0.00209,1.00000,0.80460,90.021,0.030,5
145.4160,0.99968,0.81239,-0.00209,1.00000,0.81210,90.022,0.030,5
145.4660,0.99969,0.81990,-0.00209,1.00000,0.81960,90.022,0.031,5
145.5160,0.99969,0.82739,-0.00209,1.00000,0.82710,90.022,0.031,5
145.5660,0.99969,0.83489,-0.00209,1.00000,0.83460,90.022,0.031,5
145.6160,0.99969,0.84239,-0.00209,1.00000,0.84210,90.022,0.031,5
145.6660,0.99968,0.84989,-0.00209,1.00000,0.84960,90.022,0.031,5
145.7160,0.99968,0.85739,-0.00209,1.00000,0.85710,90.022,0.031,5
145.7660,0.99968,0.86489,-0.00209,1.00000,0.86460,90.022,0.030,5
145.8160,0.99967,0.87239,-0.00209,1.00000,0.87210,90.021,0.030,5
145.8660,0.99967,0.87989,-0.00209,1.00000,0.87960,90.021,0.030,5
145.9160,0.99966,0.88739,-0.00209,1.00000,0.88710,90.021,0.030,5
145.9660,0.99965,0.89488,-0.00209,1.00000,0.89460,90.021,0.030,5
146.0160,0.99964,0.90238,-0.00209,1.00000,0.90210,90.021,0.030,5
146.0660,0.99964,0.90988,-0.00209,1.00000,0.90960,90.021,0.030,5
146.1160,0.99964,0.91738,-0.00209,1.00000,0.91710,90.021,0.030,5
146.1660,0.99963,0.92489,-0.00209,1.00000,0.92460,90.021,0.030,5
146.2160,0.99963,0.93239,-0.00209,1.00000,0.93210,90.021,0.030,5
146.2660,0.99963,0.93989,-0.00209,1.00000,0.93960,90.021,0.030,5
146.3160,0.99963,0.94739,-0.00209,1.00000,0.94710,90.021,0.030,5
146.3660,0.99963,0.95490,-0.00209,1.00000,0.95460,90.021,0.030,5
146.4160,0.99962,0.96239,-0.00209,1.00000,0.96210,90.021,0.030,5
146.4660,0.99961,0.96989,-0.00209,1.00000,0.96960,90.021,0.030,5
146.5160,0.99959,0.97738,-0.00209,1.00000,0.97710,90.021,0.030,5
146.5660,0.99958,0.98488,-0.00209,1.00000,0.98460,90.020,0.030,5
146.6160,0.99957,0.99237,-0.00209,1.00000,0.99210,90.020,0.030,5
146.6660,0.99958,0.99988,-0.00209,1.00000,0.99960,90.020,0.030,5
146.7160,0.99954,1.00733,-0.00209,0.99290,1.00000,90.105,0.031,5
146.7660,0.99887,1.01389,-0.00209,0.98540,1.00000,91.638,0.049,5
146.8160,0.99745,1.01942,-0.00209,0.97790,1.00000,94.777,0.051,5
146.8660,0.99533,1.02397,-0.00208,0.97040,1.00000,98.326,0.045,5
146.9160,0.99255,1.02756,-0.00208,0.96290,1.00000,101.922,0.042,5
146.9660,0.98914,1.03030,-0.00208,0.95540,1.00000,105.474,0.043,5
147.0160,0.98517,1.03231,-0.00208,0.94790,1.00000,108.950,0.045,5
147.0660,0.98069,1.03370,-0.00207,0.94040,1.00000,112.351,0.047,5
147.1160,0.97573,1.03458,-0.00207,0.93290,1.00000,115.685,0.048,5
147.1660,0.97033,1.03507,-0.00207,0.92540,1.00000,118.963,0.050,5
147.2160,0.96453,1.03525,-0.00207,0.91790,1.00000,122.192,0.051,5
147.2660,0.95834,1.03519,-0.00207,0.91040,1.00000,125.382,0.052,5
147.3160,0.95178,1.03495,-0.00206,0.90290,1.00000,128.538,0.053,5
147.3660,0.94487,1.03455,-0.00206,0.89540,1.00000,131.666,0.054,5
147.4160,0.93762,1.03405,-0.00206,0.88790,1.00000,134.769,0.054,5
147.4660,0.93006,1.03347,-0.00206,0.88040,1.00000,137.850,0.054,5
147.5160,0.92220,1.03282,-0.00206,0.87290,1.00000,140.914,0.054,5
147.5660,0.91406,1.03208,-0.00206,0.86540,1.00000,143.962,0.053,5
147.6160,0.90565,1.03129,-0.00206,0.85790,1.00000,146.996,0.051,5
147.6660,0.89701,1.03043,-0.00206,0.85040,1.00000,150.018,0.048,5
147.7160,0.88816,1.02951,-0.00206,0.84290,1.00000,153.030,0.045,5
147.7660,0.87911,1.02852,-0.00206,0.83540,1.00000,156.033,0.041,5
147.8160,0.86990,1.02744,-0.00206,0.82790,1.00000,159.028,0.037,5
147.8660,0.86055,1.02626,-0.00206,0.82040,1.00000,162.017,0.031,5
147.9160,0.85108,1.02501,-0.00206,0.81290,1.00000,164.998,0.026,5
147.9660,0.84154,1.02366,-0.00206,0.80540,1.00000,167.974,0.020,5
148.0160,0.83193,1.02221,-0.00206,0.79790,1.00000,170.944,0.013,5
148.0660,0.82229,1.02065,-0.00206,0.79040,1.00000,173.904,0.006,5
148.1160,0.81264,1.01898,-0.00206,0.78290,1.00000,176.814,-0.002,5
148.1660,0.80301,1.01723,-0.00206,0.77540,1.00000,179.328,-0.009,5
148.2160,0.79358,1.01528,-0.00206,0.76790,1.00000,-179.759,-0.013,5
148.2660,0.78515,1.01131,-0.00206,0.76040,1.00000,-178.903,-0.013,5
148.3160,0.77683,1.00829,-0.00202,0.75290,1.00000,-178.808,-0.017,5
148.3660,0.76845,1.00570,-0.00198,0.74540,1.00000,-178.980,-0.014,5
148.4160,0.75998,1.00336,-0.00194,0.73790,1.00000,-179.125,-0.018,5
148.4660,0.75142,1.00128,-0.00191,0.73040,1.00000,-179.262,-0.027,5
148.5160,0.74280,0.99946,-0.00188,0.72290,1.00000,-179.383,-0.034,5
148.5660,0.73413,0.99785,-0.00185,0.71540,1.00000,-179.483,-0.041,5
148.6160,0.72544,0.99645,-0.00183,0.70790,1.00000,-179.567,-0.047,5
148.6660,0.71674,0.99526,-0.00182,0.70040,1.00000,-179.637,-0.052,5
148.7160,0.70804,0.99423,-0.00180,0.69290,1.00000,-179.696,-0.057,5
148.7660,0.69935,0.99336,-0.00179,0.68540,1.00000,-179.745,-0.061,5
148.8160,0.69069,0.99265,-0.00178,0.67790,1.00000,-179.786,-0.064,5
148.8660,0.68207,0.99209,-0.00178,0.67040,1.00000,-179.821,-0.067,5
148.9160,0.67348,0.99164,-0.00178,0.66290,1.00000,-179.850,-0.069,5
148.9660,0.66495,0.99130,-0.00177,0.65540,1.00000,-179.874,-0.071,5
149.0160,0.65646,0.99107,-0.00177,0.64790,1.00000,-179.894,-0.073,5
149.0660,0.64802,0.99093,-0.00178,0.64040,1.00000,-179.911,-0.074,5
149.1160,0.63964,0.99087,-0.00178,0.63290,1.00000,-179.925,-0.076,5
149.1660,0.63132,0.99088,-0.00178,0.62540,1.00000,-179.937,-0.077,5
149.2160,0.62305,0.99096,-0.00179,0.61790,1.00000,-179.946,-0.078,5
149.2660,0.61484,0.99108,-0.00180,0.61040,1.00000,-179.954,-0.078,5
149.3160,0.60668,0.99125,-0.00180,0.60290,1.00000,-179.961,-0.079,5
149.3660,0.59857,0.99146,-0.00181,0.59540,1.00000,-179.966,-0.079,5
149.4160,0.59051,0.99170,-0.00182,0.58790,1.00000,-179.971,-0.079,5
149.4660,0.58250,0.99198,-0.00183,0.58040,1.00000,-179.975,-0.079,5
149.5160,0.57454,0.99227,-0.00184,0.57290,1.00000,-179.978,-0.079,5
149.5660,0.56663,0.99259,-0.00185,0.56540,1.00000,-179.980,-0.079,5
149.6160,0.55877,0.99292,-0.00186,0.55790,1.00000,-179.982,-0.079,5
149.6660,0.55095,0.99327,-0.00187,0.55040,1.00000,-179.984,-0.079,5
149.7160,0.54316,0.99362,-0.00188,0.54290,1.00000,-179.985,-0.079,5
149.7660,0.53541,0.99397,-0.00189,0.53540,1.00000,-179.986,-0.079,5
149.8160,0.52769,0.99431,-0.00190,0.52790,1.00000,-179.986,-0.079,5
149.8660,0.52000,0.99465,-0.00191,0.52040,1.00000,-179.987,-0.079,5
149.9160,0.51234,0.99499,-0.00192,0.51290,1.00000,-179.987,-0.079,5
149.9660,0.50470,0.99533,-0.00193,0.50540,1.00000,-179.987,-0.078,5
150.0160,0.49709,0.99565,-0.00194,0.49790,1.00000,-179.987,-0.078,5
150.0660,0.48950,0.99596,-0.00195,0.49040,1.00000,-179.987,-0.078,5
150.1160,0.48193,0.99626,-0.00196,0.48290,1.00000,-179.987,-0.078,5
150.1660,0.47438,0.99656,-0.00197,0.47540,1.00000,-179.986,-0.078,5
150.2160,0.46683,0.99684,-0.00198,0.46790,1.00000,-179.986,-0.078,5
150.2660,0.45931,0.99710,-0.00199,0.46040,1.00000,-179.986,-0.077,5
150.3160,0.45179,0.99735,-0.00199,0.45290,1.00000,-179.985,-0.077,5
150.3660,0.44429,0.99759,-0.00200,0.44540,1.00000,-179.985,-0.077,5
150.4160,0.43679,0.99781,-0.00201,0.43790,1.00000,-179.984,-0.077,5
150.4660,0.42930,0.99802,-0.00201,0.43040,1.00000,-179.984,-0.077,5
150.5160,0.42182,0.99822,-0.00202,0.42290,1.00000,-179.984,-0.077,5
150.5660,0.41434,0.99841,-0.00203,0.41540,1.00000,-179.983,-0.077,5
150.6160,0.40687,0.99858,-0.00203,0.40790,1.00000,-179.983,-0.077,5
150.6660,0.39940,0.99873,-0.00204,0.40040,1.00000,-179.982,-0.077,5
150.7160,0.39194,0.99888,-0.00204,0.39290,1.00000,-179.982,-0.076,5
150.7660,0.38448,0.99902,-0.00205,0.38540,1.00000,-179.982,-0.077,5
150.8160,0.37702,0.99915,-0.00205,0.37790,1.00000,-179.981,-0.077,5
150.8660,0.36955,0.99925,-0.00206,0.37040,1.00000,-179.981,-0.077,5
150.9160,0.36209,0.99934,-0.00206,0.36290,1.00000,-179.980,-0.077,5
150.9660,0.35462,0.99943,-0.00207,0.35540,1.00000,-179.980,-0.077,5
151.0160,0.34715,0.99949,-0.00207,0.34790,1.00000,-179.980,-0.077,5
151.0660,0.33967,0.99954,-0.00207,0.34040,1.00000,-179.980,-0.076,5
151.1160,0.33220,0.99959,-0.00208,0.33290,1.00000,-179.980,-0.076,5
151.1660,0.32473,0.99964,-0.00208,0.32540,1.00000,-179.979,-0.076,5
151.2160,0.31726,0.99969,-0.00208,0.31790,1.00000,-179.979,-0.075,5
151.2660,0.30979,0.99973,-0.00208,0.31040,1.00000,-179.979,-0.075,5
151.3160,0.30231,0.99976,-0.00209,0.30290,1.00000,-179.979,-0.075,5
151.3660,0.29484,0.99978,-0.00209,0.29540,1.00000,-179.979,-0.075,5
151.4160,0.28736,0.99981,-0.00209,0.28790,1.00000,-179.979,-0.075,5
151.4660,0.27989,0.99983,-0.00209,0.28040,1.00000,-179.978,-0.075,5
151.5160,0.27241,0.99985,-0.00209,0.27290,1.00000,-179.978,-0.075,5
151.5660,0.26493,0.99986,-0.00209,0.26540,1.00000,-179.978,-0.075,5
151.6160,0.25746,0.99987,-0.00209,0.25790,1.00000,-179.978,-0.075,5
151.6660,0.24998,0.99988,-0.00209,0.25040,1.00000,-179.978,-0.076,5
151.7160,0.24249,0.99987,-0.00210,0.24290,1.00000,-179.978,-0.076,5
151.7660,0.23500,0.99987,-0.00210,0.23540,1.00000,-179.978,-0.076,5
151.8160,0.22751,0.99986,-0.00210,0.22790,1.00000,-179.978,-0.076,5
151.8660,0.22002,0.99985,-0.00210,0.22040,1.00000,-179.978,-0.076,5
151.9160,0.21254,0.99985,-0.00210,0.21290,1.00000,-179.978,-0.076,5
151.9660,0.20505,0.99984,-0.00210,0.20540,1.00000,-179.978,-0.076,5
152.0160,0.19756,0.99983,-0.00210,0.19790,1.00000,-179.977,-0.076,5
152.0660,0.19007,0.99983,-0.00210,0.19040,1.00000,-179.977,-0.076,5
152.1160,0.18257,0.99981,-0.00210,0.18290,1.00000,-179.977,-0.076,5
152.1660,0.17507,0.99979,-0.00210,0.17540,1.00000,-179.977,-0.076,5
152.2160,0.16758,0.99978,-0.00210,0.16790,1.00000,-179.977,-0.076,5
152.2660,0.16009,0.99977,-0.00210,0.16040,1.00000,-179.977,-0.076,5
152.3160,0.15259,0.99977,-0.00210,0.15290,1.00000,-179.977,-0.076,5
152.3660,0.14510,0.99976,-0.00210,0.14540,1.00000,-179.977,-0.076,5
152.4160,0.13760,0.99974,-0.00210,0.13790,1.00000,-179.977,-0.076,5
152.4660,0.13010,0.99972,-0.00210,0.13040,1.00000,-179.977,-0.076,5
152.5160,0.12260,0.99970,-0.00210,0.12290,1.00000,-179.977,-0.076,5
152.5660,0.11509,0.99968,-0.00210,0.11540,1.00000,-179.977,-0.076,5
152.6160,0.10759,0.99967,-0.00210,0.10790,1.00000,-179.977,-0.076,5
152.6660,0.10009,0.99966,-0.00210,0.10040,1.00000,-179.977,-0.076,5
152.7160,0.09259,0.99963,-0.00210,0.09290,1.00000,-179.977,-0.076,5
152.7660,0.08508,0.99962,-0.00209,0.08540,1.00000,-179.977,-0.076,5
152.8160,0.07758,0.99961,-0.00209,0.07790,1.00000,-179.978,-0.076,5
152.8660,0.07007,0.99959,-0.00209,0.07040,1.00000,-179.977,-0.076,5
152.9160,0.06257,0.99958,-0.00209,0.06290,1.00000,-179.978,-0.076,5
152.9660,0.05507,0.99956,-0.00209,0.05540,1.00000,-179.978,-0.076,5
153.0160,0.04757,0.99956,-0.00209,0.04790,1.00000,-179.978,-0.075,5
153.0660,0.04007,0.99956,-0.00209,0.04040,1.00000,-179.978,-0.075,5
153.1160,0.03257,0.99955,-0.00209,0.03290,1.00000,-179.978,-0.075,5
153.1660,0.02507,0.99955,-0.00209,0.02540,1.00000,-179.978,-0.075,5
153.2160,0.01757,0.99955,-0.00209,0.01790,1.00000,-179.978,-0.076,5
153.2660,0.01006,0.99954,-0.00209,0.01040,1.00000,-179.978,-0.076,5
153.3160,0.00256,0.99953,-0.00209,0.00290,1.00000,-179.978,-0.075,5
153.3660,-0.00487,0.99949,-0.00209,0.00000,0.99540,-179.896,-0.074,5
153.4160,-0.01143,0.99880,-0.00209,0.00000,0.98790,-178.410,-0.057,5
153.4660,-0.01698,0.99721,-0.00209,0.00000,0.98040,-175.412,-0.054,5
153.5160,-0.02158,0.99476,-0.00209,0.00000,0.97290,-172.021,-0.060,5
153.5660,-0.02531,0.99152,-0.00209,0.00000,0.96540,-168.567,-0.064,5
153.6160,-0.02825,0.98759,-0.00209,0.00000,0.95790,-165.135,-0.065,5
153.6660,-0.03052,0.98304,-0.00208,0.00000,0.95040,-161.761,-0.065,5
153.7160,-0.03221,0.97794,-0.00208,0.00000,0.94290,-158.446,-0.065,5
153.7660,-0.03341,0.97231,-0.00208,0.00000,0.93540,-155.184,-0.066,5
153.8160,-0.03420,0.96621,-0.00208,0.00000,0.92790,-151.967,-0.066,5
153.8660,-0.03467,0.95966,-0.00208,0.00000,0.92040,-148.788,-0.067,5
153.9160,-0.03485,0.95271,-0.00208,0.00000,0.91290,-145.640,-0.068,5
153.9660,-0.03480,0.94537,-0.00208,0.00000,0.90540,-142.517,-0.069,5
154.0160,-0.03456,0.93767,-0.00208,0.00000,0.89790,-139.417,-0.071,5
154.0660,-0.03415,0.92962,-0.00208,0.00000,0.89040,-136.334,-0.074,5
154.1160,-0.03360,0.92126,-0.00208,0.00000,0.88290,-133.265,-0.076,5
154.1660,-0.03292,0.91261,-0.00208,0.00000,0.87540,-130.207,-0.080,5
154.2160,-0.03212,0.90370,-0.00208,0.00000,0.86790,-127.159,-0.083,5
154.2660,-0.03121,0.89455,-0.00208,0.00000,0.86040,-124.118,-0.087,5
154.3160,-0.03019,0.88521,-0.00208,0.00000,0.85290,-121.082,-0.090,5
154.3660,-0.02906,0.87570,-0.00208,0.00000,0.84540,-118.050,-0.094,5
154.4160,-0.02782,0.86606,-0.00208,0.00000,0.83790,-115.020,-0.098,5
154.4660,-0.02648,0.85631,-0.00208,0.00000,0.83040,-111.991,-0.102,5
154.5160,-0.02505,0.84649,-0.00208,0.00000,0.82290,-108.963,-0.105,5
154.5660,-0.02352,0.83663,-0.00208,0.00000,0.81540,-105.933,-0.108,5
154.6160,-0.02191,0.82677,-0.00207,0.00000,0.80790,-102.902,-0.110,5
154.6660,-0.02021,0.81694,-0.00207,0.00000,0.80040,-99.868,-0.112,5
154.7160,-0.01843,0.80718,-0.00207,0.00000,0.79290,-96.835,-0.113,5
154.7660,-0.01659,0.79751,-0.00207,0.00000,0.78540,-93.846,-0.114,5
154.8160,-0.01471,0.78794,-0.00207,0.00000,0.77790,-91.270,-0.114,5
154.8660,-0.01285,0.77850,-0.00207,0.00000,0.77040,-90.272,-0.116,5
154.9160,-0.01106,0.76922,-0.00206,0.00000,0.76290,-90.107,-0.115,5
154.9660,-0.00939,0.76012,-0.00206,0.00000,0.75540,-90.067,-0.113,5
155.0160,-0.00785,0.75121,-0.00206,0.00000,0.74790,-90.039,-0.111,5
155.0660,-0.00644,0.74246,-0.00206,0.00000,0.74040,-90.027,-0.109,5
155.1160,-0.00514,0.73387,-0.00206,0.00000,0.73290,-90.020,-0.107,5
155.1660,-0.00397,0.72543,-0.00206,0.00000,0.72540,-90.015,-0.105,5
155.2160,-0.00292,0.71711,-0.00206,0.00000,0.71790,-90.011,-0.104,5
155.2660,-0.00198,0.70891,-0.00206,0.00000,0.71040,-90.009,-0.102,5
155.3160,-0.00114,0.70083,-0.00207,0.00000,0.70290,-90.007,-0.100,5
155.3660,-0.00039,0.69285,-0.00207,0.00000,0.69540,-90.006,-0.098,5
155.4160,0.00028,0.68497,-0.00207,0.00000,0.68790,-90.006,-0.097,5
155.4660,0.00086,0.67717,-0.00207,0.00000,0.68040,-90.006,-0.095,5
155.5160,0.00136,0.66944,-0.00207,0.00000,0.67290,-90.006,-0.094,5
155.5660,0.00179,0.66178,-0.00207,0.00000,0.66540,-90.007,-0.093,5
155.6160,0.00214,0.65417,-0.00207,0.00000,0.65790,-90.008,-0.092,5
155.6660,0.00243,0.64661,-0.00207,0.00000,0.65040,-90.009,-0.091,5
155.7160,0.00268,0.63910,-0.00207,0.00000,0.64290,-90.010,-0.090,5
155.7660,0.00286,0.63162,-0.00208,0.00000,0.63540,-90.011,-0.089,5
155.8160,0.00301,0.62418,-0.00208,0.00000,0.62790,-90.012,-0.088,5
155.8660,0.00310,0.61676,-0.00208,0.00000,0.62040,-90.014,-0.087,5
155.9160,0.00316,0.60936,-0.00208,0.00000,0.61290,-90.015,-0.087,5
155.9660,0.00319,0.60198,-0.00208,0.00000,0.60540,-90.016,-0.086,5
156.0160,0.00319,0.59462,-0.00208,0.00000,0.59790,-90.017,-0.086,5
156.0660,0.00317,0.58727,-0.00208,0.00000,0.59040,-90.018,-0.085,5
156.1160,0.00312,0.57992,-0.00208,0.00000,0.58290,-90.019,-0.085,5
156.1660,0.00303,0.57257,-0.00208,0.00000,0.57540,-90.020,-0.084,5
156.2160,0.00295,0.56523,-0.00209,0.00000,0.56790,-90.020,-0.084,5
156.2660,0.00285,0.55789,-0.00209,0.00000,0.56040,-90.021,-0.083,5
156.3160,0.00274,0.55056,-0.00209,0.00000,0.55290,-90.021,-0.083,5
156.3660,0.00262,0.54322,-0.00209,0.00000,0.54540,-90.022,-0.083,5
156.4160,0.00249,0.53587,-0.00209,0.00000,0.53790,-90.023,-0.083,5
156.4660,0.00235,0.52852,-0.00209,0.00000,0.53040,-90.023,-0.083,5
156.5160,0.00220,0.52116,-0.00209,0.00000,0.52290,-90.023,-0.083,5
156.5660,0.00205,0.51379,-0.00209,0.00000,0.51540,-90.024,-0.083,5
156.6160,0.00191,0.50642,-0.00209,0.00000,0.50790,-90.024,-0.082,5
156.6660,0.00177,0.49904,-0.00209,0.00000,0.50040,-90.024,-0.082,5
156.7160,0.00162,0.49165,-0.00209,0.00000,0.49290,-90.024,-0.082,5
156.7660,0.00148,0.48426,-0.00209,0.00000,0.48540,-90.024,-0.082,5
156.8160,0.00133,0.47685,-0.00209,0.00000,0.47790,-90.024,-0.082,5
156.8660,0.00120,0.46945,-0.00209,0.00000,0.47040,-90.024,-0.082,5
156.9160,0.00108,0.46203,-0.00209,0.00000,0.46290,-90.024,-0.082,5
156.9660,0.00095,0.45462,-0.00209,0.00000,0.45540,-90.024,-0.082,5
157.0160,0.00084,0.44719,-0.00209,0.00000,0.44790,-90.024,-0.082,5
157.0660,0.00073,0.43976,-0.00209,0.00000,0.44040,-90.024,-0.082,5
157.1160,0.00062,0.43232,-0.00209,0.00000,0.43290,-90.024,-0.082,5
157.1660,0.00051,0.42487,-0.00209,0.00000,0.42540,-90.024,-0.082,5
157.2160,0.00041,0.41741,-0.00209,0.00000,0.41790,-90.023,-0.082,5
157.2660,0.00031,0.40995,-0.00209,0.00000,0.41040,-90.023,-0.082,5
157.3160,0.00022,0.40249,-0.00209,0.00000,0.40290,-90.023,-0.082,5
157.3660,0.00014,0.39502,-0.00209,0.00000,0.39540,-90.023,-0.082,5
157.4160,0.00006,0.38754,-0.00209,0.00000,0.38790,-90.023,-0.082,5
157.4660,-0.00001,0.38007,-0.00209,0.00000,0.38040,-90.022,-0.082,5
157.5160,-0.00007,0.37259,-0.00209,0.00000,0.37290,-90.022,-0.082,5
157.5660,-0.00012,0.36511,-0.00209,0.00000,0.36540,-90.022,-0.082,5
157.6160,-0.00018,0.35762,-0.00209,0.00000,0.35790,-90.022,-0.082,5
157.6660,-0.00023,0.35013,-0.00209,0.00000,0.35040,-90.022,-0.082,5
157.7160,-0.00027,0.34265,-0.00209,0.00000,0.34290,-90.022,-0.082,5
157.7660,-0.00031,0.33515,-0.00209,0.00000,0.33540,-90.021,-0.082,5
157.8160,-0.00035,0.32766,-0.00209,0.00000,0.32790,-90.021,-0.082,5
157.8660,-0.00038,0.32016,-0.00209,0.00000,0.32040,-90.021,-0.082,5
157.9160,-0.00041,0.31266,-0.00209,0.00000,0.31290,-90.021,-0.082,5
157.9660,-0.00044,0.30516,-0.00209,0.00000,0.30540,-90.021,-0.082,5
158.0160,-0.00045,0.29767,-0.00209,0.00000,0.29790,-90.021,-0.082,5
158.0660,-0.00047,0.29017,-0.00209,0.00000,0.29040,-90.021,-0.083,5
158.1160,-0.00049,0.28266,-0.00209,0.00000,0.28290,-90.021,-0.083,5
158.1660,-0.00050,0.27516,-0.00209,0.00000,0.27540,-90.020,-0.083,5
158.2160,-0.00051,0.26766,-0.00209,0.00000,0.26790,-90.020,-0.083,5
158.2660,-0.00052,0.26016,-0.00209,0.00000,0.26040,-90.020,-0.083,5
158.3160,-0.00053,0.25265,-0.00209,0.00000,0.25290,-90.020,-0.083,5
158.3660,-0.00054,0.24515,-0.00209,0.00000,0.24540,-90.020,-0.083,5
158.4160,-0.00054,0.23764,-0.00209,0.00000,0.23790,-90.020,-0.083,5
158.4660,-0.00055,0.23013,-0.00209,0.00000,0.23040,-90.020,-0.083,5
158.5160,-0.00055,0.22263,-0.00209,0.00000,0.22290,-90.020,-0.083,5
158.5660,-0.00056,0.21512,-0.00209,0.00000,0.21540,-90.020,-0.083,5
158.6160,-0.00054,0.20763,-0.00209,0.00000,0.20790,-90.020,-0.083,5
158.6660,-0.00054,0.20012,-0.00209,0.00000,0.20040,-90.020,-0.083,5
158.7160,-0.00055,0.19261,-0.00209,0.00000,0.19290,-90.020,-0.083,5
158.7660,-0.00054,0.18511,-0.00209,0.00000,0.18540,-90.020,-0.083,5
158.8160,-0.00054,0.17760,-0.00209,0.00000,0.17790,-90.020,-0.083,5
158.8660,-0.00053,0.17010,-0.00209,0.00000,0.17040,-90.020,-0.083,5
158.9160,-0.00053,0.16260,-0.00209,0.00000,0.16290,-90.020,-0.083,5
158.9660,-0.00052,0.15509,-0.00209,0.00000,0.15540,-90.020,-0.083,5
159.0160,-0.00050,0.14760,-0.00209,0.00000,0.14790,-90.020,-0.083,5
159.0660,-0.00050,0.14010,-0.00209,0.00000,0.14040,-90.020,-0.083,5
159.1160,-0.00049,0.13260,-0.00209,0.00000,0.13290,-90.020,-0.083,5
159.1660,-0.00049,0.12509,-0.00209,0.00000,0.12540,-90.020,-0.084,5
159.2160,-0.00049,0.11759,-0.00209,0.00000,0.11790,-90.020,-0.084,5
159.2660,-0.00049,0.11008,-0.00209,0.00000,0.11040,-90.020,-0.083,5
159.3160,-0.00049,0.10258,-0.00209,0.00000,0.10290,-90.020,-0.083,5
159.3660,-0.00049,0.09507,-0.00209,0.00000,0.09540,-90.020,-0.083,5
159.4160,-0.00049,0.08757,-0.00209,0.00000,0.08790,-90.020,-0.083,5
159.4660,-0.00048,0.08007,-0.00209,0.00000,0.08040,-90.020,-0.083,5
159.5160,-0.00049,0.07256,-0.00209,0.00000,0.07290,-90.020,-0.083,5
159.5660,-0.00050,0.06505,-0.00209,0.00000,0.06540,-90.020,-0.083,5
159.6160,-0.00049,0.05755,-0.00209,0.00000,0.05790,-90.020,-0.083,5
159.6660,-0.00048,0.05005,-0.00209,0.00000,0.05040,-90.020,-0.082,5
159.7160,-0.00046,0.04256,-0.00209,0.00000,0.04290,-90.020,-0.083,5
159.7660,-0.00045,0.03506,-0.00209,0.00000,0.03540,-90.020,-0.083,5
159.8160,-0.00044,0.02756,-0.00209,0.00000,0.02790,-90.020,-0.083,5
159.8660,-0.00044,0.02007,-0.00209,0.00000,0.02040,-90.020,-0.083,5
159.9160,-0.00044,0.01256,-0.00209,0.00000,0.01290,-90.020,-0.083,5
159.9660,-0.00044,0.00506,-0.00209,0.00000,0.00540,-90.020,-0.083,5
160.0160,-0.00039,-0.00238,-0.00209,0.00210,0.00000,-89.932,-0.082,6
160.0660,0.00029,-0.00888,-0.00209,0.00960,0.00000,-88.380,-0.067,6
160.1160,0.00188,-0.01431,-0.00209,0.01710,0.00000,-85.466,-0.066,6
160.1660,0.00436,-0.01883,-0.00209,0.02460,0.00000,-82.225,-0.076,6
160.2160,0.00766,-0.02259,-0.00209,0.03210,0.00000,-78.925,-0.086,6
160.2660,0.01170,-0.02569,-0.00208,0.03960,0.00000,-75.632,-0.092,6
160.3160,0.01641,-0.02823,-0.00208,0.04710,0.00000,-72.374,-0.097,6
160.3660,0.02171,-0.03026,-0.00208,0.05460,0.00000,-69.151,-0.100,6
160.4160,0.02756,-0.03187,-0.00208,0.06210,0.00000,-65.961,-0.102,6
160.4660,0.03391,-0.03310,-0.00208,0.06960,0.00000,-62.799,-0.102,6
160.5160,0.04071,-0.03401,-0.00208,0.07710,0.00000,-59.661,-0.102,6
160.5660,0.04791,-0.03467,-0.00208,0.08460,0.00000,-56.543,-0.101,6
160.6160,0.05548,-0.03508,-0.00208,0.09210,0.00000,-53.440,-0.099,6
160.6660,0.06339,-0.03529,-0.00208,0.09960,0.00000,-50.351,-0.096,6
160.7160,0.07162,-0.03530,-0.00208,0.10710,0.00000,-47.273,-0.094,6
160.7660,0.08014,-0.03515,-0.00208,0.11460,0.00000,-44.205,-0.092,6
160.8160,0.08890,-0.03487,-0.00208,0.12210,0.00000,-41.144,-0.089,6
160.8660,0.09787,-0.03446,-0.00208,0.12960,0.00000,-38.089,-0.086,6
160.9160,0.10702,-0.03394,-0.00208,0.13710,0.00000,-35.037,-0.083,6
160.9660,0.11633,-0.03330,-0.00208,0.14460,0.00000,-31.988,-0.079,6
161.0160,0.12576,-0.03254,-0.00208,0.15210,0.00000,-28.940,-0.076,6
161.0660,0.13528,-0.03167,-0.00208,0.15960,0.00000,-25.892,-0.072,6
161.1160,0.14487,-0.03069,-0.00208,0.16710,0.00000,-22.842,-0.068,6
161.1660,0.15449,-0.02960,-0.00208,0.17460,0.00000,-19.788,-0.063,6
161.2160,0.16412,-0.02841,-0.00208,0.18210,0.00000,-16.729,-0.059,6
161.2660,0.17373,-0.02713,-0.00208,0.18960,0.00000,-13.663,-0.055,6
161.3160,0.18328,-0.02575,-0.00208,0.19710,0.00000,-10.588,-0.050,6
161.3660,0.19277,-0.02427,-0.00208,0.20460,0.00000,-7.504,-0.045,6
161.4160,0.20217,-0.02270,-0.00208,0.21210,0.00000,-4.452,-0.041,6
161.4660,0.21147,-0.02105,-0.00208,0.21960,0.00000,-1.793,-0.036,6
161.5160,0.22069,-0.01931,-0.00208,0.22710,0.00000,-0.737,-0.033,6
161.5660,0.22976,-0.01751,-0.00208,0.23460,0.00000,-0.503,-0.027,6
161.6160,0.23866,-0.01574,-0.00208,0.24210,0.00000,-0.394,-0.021,6
161.6660,0.24740,-0.01405,-0.00209,0.24960,0.00000,-0.314,-0.015,6
161.7160,0.25598,-0.01247,-0.00209,0.25710,0.00000,-0.259,-0.009,6
161.7660,0.26442,-0.01097,-0.00209,0.26460,0.00000,-0.217,-0.005,6
161.8160,0.27273,-0.00959,-0.00209,0.27210,0.00000,-0.183,-0.001,6
161.8660,0.28091,-0.00830,-0.00209,0.27960,0.00000,-0.156,0.003,6
161.9160,0.28900,-0.00709,-0.00209,0.28710,0.00000,-0.134,0.006,6
161.9660,0.29698,-0.00597,-0.00209,0.29460,0.00000,-0.116,0.009,6
162.0160,0.30486,-0.00496,-0.00209,0.30210,0.00000,-0.101,0.011,6
162.0660,0.31266,-0.00403,-0.00209,0.30960,0.00000,-0.089,0.013,6
162.1160,0.32039,-0.00319,-0.00209,0.31710,0.00000,-0.080,0.015,6
162.1660,0.32806,-0.00242,-0.00209,0.32460,0.00000,-0.072,0.017,6
162.2160,0.33566,-0.00173,-0.00209,0.33210,0.00000,-0.066,0.018,6
162.2660,0.34322,-0.00112,-0.00210,0.33960,0.00000,-0.061,0.019,6
162.3160,0.35074,-0.00057,-0.00210,0.34710,0.00000,-0.057,0.020,6
162.3660,0.35822,-0.00008,-0.00210,0.35460,0.00000,-0.053,0.021,6
162.4160,0.36566,0.00034,-0.00210,0.36210,0.00000,-0.051,0.022,6
162.4660,0.37308,0.00071,-0.00210,0.36960,0.00000,-0.048,0.023,6
162.5160,0.38048,0.00102,-0.00210,0.37710,0.00000,-0.047,0.024,6
162.5660,0.38786,0.00128,-0.00210,0.38460,0.00000,-0.045,0.024,6
162.6160,0.39522,0.00149,-0.00210,0.39210,0.00000,-0.043,0.024,6
162.6660,0.40257,0.00167,-0.00210,0.39960,0.00000,-0.042,0.025,6
162.7160,0.40992,0.00181,-0.00210,0.40710,0.00000,-0.040,0.025,6
162.7660,0.41727,0.00192,-0.00210,0.41460,0.00000,-0.039,0.025,6
162.8160,0.42462,0.00201,-0.00210,0.42210,0.00000,-0.038,0.025,6
162.8660,0.43196,0.00205,-0.00210,0.42960,0.00000,-0.038,0.026,6
162.9160,0.43930,0.00207,-0.00210,0.43710,0.00000,-0.037,0.026,6
162.9660,0.44665,0.00207,-0.00210,0.44460,0.00000,-0.036,0.026,6
163.0160,0.45400,0.00206,-0.00210,0.45210,0.00000,-0.035,0.026,6
163.0660,0.46135,0.00202,-0.00210,0.45960,0.00000,-0.034,0.026,6
163.1160,0.46871,0.00197,-0.00210,0.46710,0.00000,-0.034,0.026,6
163.1660,0.47608,0.00191,-0.00210,0.47460,0.00000,-0.033,0.026,6
163.2160,0.48346,0.00185,-0.00210,0.48210,0.00000,-0.032,0.026,6
163.2660,0.49084,0.00177,-0.00210,0.48960,0.00000,-0.032,0.027,6
163.3160,0.49824,0.00169,-0.00210,0.49710,0.00000,-0.032,0.027,6
163.3660,0.50564,0.00160,-0.00210,0.50460,0.00000,-0.031,0.027,6
163.4160,0.51304,0.00150,-0.00210,0.51210,0.00000,-0.031,0.027,6
163.4660,0.52045,0.00140,-0.00210,0.51960,0.00000,-0.030,0.027,6
163.5160,0.52787,0.00131,-0.00210,0.52710,0.00000,-0.030,0.027,6
163.5660,0.53530,0.00121,-0.00210,0.53460,0.00000,-0.029,0.027,6
163.6160,0.54273,0.00111,-0.00210,0.54210,0.00000,-0.029,0.027,6
163.6660,0.55017,0.00100,-0.00209,0.54960,0.00000,-0.028,0.027,6
163.7160,0.55761,0.00089,-0.00209,0.55710,0.00000,-0.028,0.027,6
163.7660,0.56506,0.00080,-0.00209,0.56460,0.00000,-0.027,0.027,6
163.8160,0.57252,0.00070,-0.00209,0.57210,0.00000,-0.027,0.027,6
163.8660,0.57998,0.00060,-0.00209,0.57960,0.00000,-0.026,0.027,6
163.9160,0.58744,0.00051,-0.00209,0.58710,0.00000,-0.026,0.027,6
163.9660,0.59491,0.00043,-0.00209,0.59460,0.00000,-0.025,0.027,6
164.0160,0.60239,0.00035,-0.00209,0.60210,0.00000,-0.025,0.027,6
164.0660,0.60987,0.00027,-0.00209,0.60960,0.00000,-0.025,0.027,6
164.1160,0.61735,0.00020,-0.00209,0.61710,0.00000,-0.024,0.027,6
164.1660,0.62484,0.00013,-0.00209,0.62460,0.00000,-0.024,0.027,6
164.2160,0.63233,0.00006,-0.00209,0.63210,0.00000,-0.024,0.027,6
164.2660,0.63982,-0.00000,-0.00209,0.63960,0.00000,-0.024,0.027,6
164.3160,0.64730,-0.00007,-0.00209,0.64710,0.00000,-0.023,0.027,6
164.3660,0.65480,-0.00013,-0.00209,0.65460,0.00000,-0.023,0.027,6
164.4160,0.66229,-0.00018,-0.00209,0.66210,0.00000,-0.022,0.027,6
164.4660,0.66979,-0.00023,-0.00209,0.66960,0.00000,-0.022,0.027,6
164.5160,0.67729,-0.00026,-0.00209,0.67710,0.00000,-0.022,0.027,6
164.5660,0.68479,-0.00030,-0.00209,0.68460,0.00000,-0.022,0.027,6
164.6160,0.69230,-0.00033,-0.00209,0.69210,0.00000,-0.022,0.027,6
164.6660,0.69981,-0.00036,-0.00209,0.69960,0.00000,-0.022,0.027,6
164.7160,0.70731,-0.00039,-0.00209,0.70710,0.00000,-0.022,0.027,6
164.7660,0.71481,-0.00042,-0.00209,0.71460,0.00000,-0.022,0.027,6
164.8160,0.72231,-0.00045,-0.00209,0.72210,0.00000,-0.022,0.027,6
164.8660,0.72981,-0.00048,-0.00209,0.72960,0.00000,-0.022,0.027,6
164.9160,0.73731,-0.00049,-0.00209,0.73710,0.00000,-0.021,0.027,6
164.9660,0.74482,-0.00050,-0.00209,0.74460,0.00000,-0.021,0.027,6
165.0160,0.75233,-0.00051,-0.00209,0.75210,0.00000,-0.022,0.027,6
165.0660,0.75983,-0.00053,-0.00209,0.75960,0.00000,-0.022,0.027,6
165.1160,0.76734,-0.00053,-0.00209,0.76710,0.00000,-0.022,0.027,6
165.1660,0.77484,-0.00054,-0.00209,0.77460,0.00000,-0.022,0.027,6
165.2160,0.78234,-0.00056,-0.00209,0.78210,0.00000,-0.022,0.027,6
165.2660,0.78985,-0.00056,-0.00209,0.78960,0.00000,-0.021,0.027,6
165.3160,0.79736,-0.00056,-0.00209,0.79710,0.00000,-0.021,0.027,6
165.3660,0.80486,-0.00056,-0.00209,0.80460,0.00000,-0.021,0.027,6
165.4160,0.81236,-0.00057,-0.00209,0.81210,0.00000,-0.021,0.027,6
165.4660,0.81987,-0.00056,-0.00209,0.81960,0.00000,-0.021,0.027,6
165.5160,0.82738,-0.00056,-0.00209,0.82710,0.00000,-0.021,0.027,6
165.5660,0.83488,-0.00055,-0.00209,0.83460,0.00000,-0.022,0.027,6
165.6160,0.84239,-0.00055,-0.00209,0.84210,0.00000,-0.022,0.027,6
165.6660,0.84989,-0.00055,-0.00209,0.84960,0.00000,-0.022,0.027,6
165.7160,0.85739,-0.00055,-0.00209,0.85710,0.00000,-0.022,0.027,6
165.7660,0.86490,-0.00053,-0.00209,0.86460,0.00000,-0.022,0.027,6
165.8160,0.87240,-0.00053,-0.00209,0.87210,0.00000,-0.022,0.027,6
165.8660,0.87989,-0.00054,-0.00209,0.87960,0.00000,-0.022,0.027,6
165.9160,0.88739,-0.00054,-0.00209,0.88710,0.00000,-0.022,0.027,6
165.9660,0.89490,-0.00053,-0.00209,0.89460,0.00000,-0.022,0.027,6
166.0160,0.90240,-0.00052,-0.00209,0.90210,0.00000,-0.022,0.027,6
166.0660,0.90991,-0.00051,-0.00209,0.90960,0.00000,-0.022,0.027,6
166.1160,0.91741,-0.00051,-0.00209,0.91710,0.00000,-0.022,0.027,6
166.1660,0.92491,-0.00050,-0.00209,0.92460,0.00000,-0.022,0.027,6
166.2160,0.93241,-0.00050,-0.00209,0.93210,0.00000,-0.022,0.027,6
166.2660,0.93991,-0.00049,-0.00209,0.93960,0.00000,-0.022,0.027,6
166.3160,0.94742,-0.00048,-0.00209,0.94710,0.00000,-0.022,0.027,6
166.3660,0.95492,-0.00047,-0.00209,0.95460,0.00000,-0.023,0.028,6
166.4160,0.96242,-0.00047,-0.00209,0.96210,0.00000,-0.023,0.028,6
166.4660,0.96993,-0.00046,-0.00209,0.96960,0.00000,-0.023,0.028,6
166.5160,0.97742,-0.00046,-0.00209,0.97710,0.00000,-0.023,0.028,6
166.5660,0.98492,-0.00046,-0.00209,0.98460,0.00000,-0.023,0.028,6
166.6160,0.99242,-0.00046,-0.00209,0.99210,0.00000,-0.024,0.028,6
166.6660,0.99992,-0.00046,-0.00209,0.99960,0.00000,-0.023,0.028,6
166.7160,1.00734,-0.00043,-0.00209,1.00000,0.00710,0.062,0.029,6
166.7660,1.01379,0.00024,-0.00209,1.00000,0.01460,1.596,0.044,6
166.8160,1.01907,0.00168,-0.00209,1.00000,0.02210,4.747,0.043,6
166.8660,1.02334,0.00387,-0.00208,1.00000,0.02960,8.286,0.031,6
166.9160,1.02675,0.00681,-0.00208,1.00000,0.03710,11.861,0.022,6
166.9660,1.02944,0.01046,-0.00208,1.00000,0.04460,15.393,0.015,6
167.0160,1.03152,0.01475,-0.00208,1.00000,0.05210,18.853,0.010,6
167.0660,1.03309,0.01963,-0.00208,1.00000,0.05960,22.244,0.006,6
167.1160,1.03424,0.02504,-0.00208,1.00000,0.06710,25.573,0.004,6
167.1660,1.03503,0.03094,-0.00207,1.00000,0.07460,28.848,0.004,6
167.2160,1.03553,0.03727,-0.00207,1.00000,0.08210,32.078,0.004,6
167.2660,1.03581,0.04402,-0.00207,1.00000,0.08960,35.270,0.005,6
167.3160,1.03590,0.05114,-0.00207,1.00000,0.09710,38.429,0.006,6
167.3660,1.03583,0.05861,-0.00207,1.00000,0.10460,41.560,0.008,6
167.4160,1.03565,0.06639,-0.00207,1.00000,0.11210,44.667,0.011,6
167.4660,1.03536,0.07446,-0.00207,1.00000,0.11960,47.755,0.014,6
167.5160,1.03498,0.08279,-0.00207,1.00000,0.12710,50.824,0.017,6
167.5660,1.03453,0.09136,-0.00207,1.00000,0.13460,53.878,0.019,6
167.6160,1.03399,0.10013,-0.00207,1.00000,0.14210,56.920,0.022,6
167.6660,1.03338,0.10909,-0.00207,1.00000,0.14960,59.949,0.025,6
167.7160,1.03269,0.11820,-0.00207,1.00000,0.15710,62.969,0.028,6
167.7660,1.03193,0.12745,-0.00207,1.00000,0.16460,65.980,0.031,6
167.8160,1.03108,0.13680,-0.00207,1.00000,0.17210,68.983,0.034,6
167.8660,1.03014,0.14622,-0.00207,1.00000,0.17960,71.979,0.036,6
167.9160,1.02912,0.15571,-0.00207,1.00000,0.18710,74.969,0.038,6
167.9660,1.02799,0.16522,-0.00207,1.00000,0.19460,77.951,0.040,6
168.0160,1.02677,0.17475,-0.00207,1.00000,0.20210,80.927,0.042,6
168.0660,1.02545,0.18428,-0.00207,1.00000,0.20960,83.891,0.043,6
168.1160,1.02402,0.19378,-0.00207,1.00000,0.21710,86.800,0.044,6
168.1660,1.02248,0.20322,-0.00207,1.00000,0.22460,89.291,0.045,6
168.2160,1.02082,0.21254,-0.00207,1.00000,0.23210,90.176,0.047,6
168.2660,1.01906,0.22171,-0.00207,1.00000,0.23960,90.249,0.049,6
168.3160,1.01732,0.23078,-0.00207,1.00000,0.24710,90.229,0.049,6
168.3660,1.01564,0.23979,-0.00207,1.00000,0.25460,90.207,0.047,6
168.4160,1.01404,0.24874,-0.00207,1.00000,0.26210,90.177,0.045,6
168.4660,1.01253,0.25761,-0.00207,1.00000,0.26960,90.149,0.043,6
168.5160,1.01111,0.26641,-0.00207,1.00000,0.27710,90.126,0.041,6
168.5660,1.00978,0.27514,-0.00207,1.00000,0.28460,90.106,0.040,6
168.6160,1.00853,0.28379,-0.00207,1.00000,0.29210,90.089,0.039,6
168.6660,1.00737,0.29236,-0.00207,1.00000,0.29960,90.074,0.038,6
168.7160,1.00628,0.30085,-0.00207,1.00000,0.30710,90.062,0.037,6
168.7660,1.00529,0.30927,-0.00208,1.00000,0.31460,90.052,0.036,6
168.8160,1.00437,0.31761,-0.00208,1.00000,0.32210,90.043,0.035,6
168.8660,1.00352,0.32587,-0.00208,1.00000,0.32960,90.036,0.035,6
168.9160,1.00276,0.33407,-0.00208,1.00000,0.33710,90.030,0.034,6
168.9660,1.00205,0.34220,-0.00208,1.00000,0.34460,90.025,0.034,6
169.0160,1.00142,0.35026,-0.00208,1.00000,0.35210,90.021,0.033,6
169.0660,1.00086,0.35827,-0.00208,1.00000,0.35960,90.018,0.033,6
169.1160,1.00035,0.36622,-0.00208,1.00000,0.36710,90.015,0.033,6
169.1660,0.99989,0.37411,-0.00208,1.00000,0.37460,90.013,0.032,6
169.2160,0.99949,0.38196,-0.00208,1.00000,0.38210,90.011,0.032,6
169.2660,0.99915,0.38976,-0.00208,1.00000,0.38960,90.010,0.032,6
169.3160,0.99883,0.39751,-0.00208,1.00000,0.39710,90.010,0.032,6
169.3660,0.99856,0.40523,-0.00208,1.00000,0.40460,90.009,0.032,6
169.4160,0.99834,0.41291,-0.00208,1.00000,0.41210,90.008,0.031,6
169.4660,0.99815,0.42056,-0.00208,1.00000,0.41960,90.008,0.031,6
169.5160,0.99800,0.42818,-0.00208,1.00000,0.42710,90.008,0.031,6
169.5660,0.99788,0.43578,-0.00208,1.00000,0.43460,90.008,0.031,6
169.6160,0.99777,0.44334,-0.00208,1.00000,0.44210,90.009,0.031,6
169.6660,0.99769,0.45089,-0.00208,1.00000,0.44960,90.009,0.031,6
169.7160,0.99765,0.45843,-0.00208,1.00000,0.45710,90.009,0.031,6
169.7660,0.99762,0.46595,-0.00208,1.00000,0.46460,90.009,0.031,6
169.8160,0.99761,0.47345,-0.00209,1.00000,0.47210,90.010,0.030,6
169.8660,0.99761,0.48094,-0.00209,1.00000,0.47960,90.010,0.030,6
169.9160,0.99762,0.48842,-0.00209,1.00000,0.48710,90.011,0.030,6
169.9660,0.99765,0.49589,-0.00209,1.00000,0.49460,90.011,0.030,6
170.0160,0.99770,0.50336,-0.00209,1.00000,0.50210,90.012,0.030,6
170.0660,0.99774,0.51082,-0.00209,1.00000,0.50960,90.012,0.030,6
170.1160,0.99780,0.51828,-0.00209,1.00000,0.51710,90.013,0.030,6
170.1660,0.99787,0.52574,-0.00209,1.00000,0.52460,90.013,0.030,6
170.2160,0.99795,0.53320,-0.00209,1.00000,0.53210,90.014,0.030,6
170.2660,0.99802,0.54065,-0.00209,1.00000,0.53960,90.015,0.030,6
170.3160,0.99809,0.54810,-0.00209,1.00000,0.54710,90.015,0.030,6
170.3660,0.99817,0.55555,-0.00209,1.00000,0.55460,90.016,0.030,6
170.4160,0.99825,0.56300,-0.00209,1.00000,0.56210,90.017,0.030,6
170.4660,0.99831,0.57044,-0.00209,1.00000,0.56960,90.017,0.030,6
170.5160,0.99839,0.57790,-0.00209,1.00000,0.57710,90.017,0.030,6
170.5660,0.99847,0.58535,-0.00209,1.00000,0.58460,90.017,0.030,6
170.6160,0.99855,0.59281,-0.00209,1.00000,0.59210,90.018,0.030,6
170.6660,0.99862,0.60027,-0.00209,1.00000,0.59960,90.018,0.030,6
170.7160,0.99870,0.60773,-0.00209,1.00000,0.60710,90.019,0.030,6
170.7660,0.99876,0.61519,-0.00209,1.00000,0.61460,90.019,0.030,6
170.8160,0.99883,0.62266,-0.00209,1.00000,0.62210,90.019,0.030,6
170.8660,0.99889,0.63012,-0.00209,1.00000,0.62960,90.019,0.030,6
170.9160,0.99895,0.63759,-0.00209,1.00000,0.63710,90.019,0.030,6
170.9660,0.99901,0.64506,-0.00209,1.00000,0.64460,90.020,0.030,6
171.0160,0.99906,0.65253,-0.00209,1.00000,0.65210,90.020,0.030,6
171.0660,0.99911,0.66001,-0.00209,1.00000,0.65960,90.020,0.030,6
171.1160,0.99916,0.66749,-0.00209,1.00000,0.66710,90.020,0.030,6
171.1660,0.99921,0.67497,-0.00209,1.00000,0.67460,90.020,0.030,6
171.2160,0.99926,0.68246,-0.00209,1.00000,0.68210,90.020,0.030,6
171.2660,0.99930,0.68994,-0.00209,1.00000,0.68960,90.020,0.030,6
171.3160,0.99934,0.69743,-0.00209,1.00000,0.69710,90.021,0.030,6
171.3660,0.99937,0.70491,-0.00209,1.00000,0.70460,90.020,0.030,6
171.4160,0.99941,0.71241,-0.00209,1.00000,0.71210,90.020,0.030,6
171.4660,0.99945,0.71991,-0.00209,1.00000,0.71960,90.021,0.030,6
171.5160,0.99948,0.72740,-0.00209,1.00000,0.72710,90.021,0.030,6
171.5660,0.99950,0.73490,-0.00209,1.00000,0.73460,90.021,0.030,6
171.6160,0.99953,0.74239,-0.00209,1.00000,0.74210,90.021,0.030,6
171.6660,0.99955,0.74988,-0.00209,1.00000,0.74960,90.021,0.030,6
171.7160,0.99956,0.75738,-0.00209,1.00000,0.75710,90.021,0.030,6
171.7660,0.99957,0.76487,-0.00209,1.00000,0.76460,90.021,0.030,6
171.8160,0.99958,0.77237,-0.00209,1.00000,0.77210,90.021,0.030,6
171.8660,0.99960,0.77987,-0.00209,1.00000,0.77960,90.021,0.030,6
171.9160,0.99961,0.78737,-0.00209,1.00000,0.78710,90.021,0.030,6
171.9660,0.99961,0.79487,-0.00209,1.00000,0.79460,90.021,0.030,6
172.0160,0.99961,0.80236,-0.00209,1.00000,0.80210,90.021,0.030,6
172.0660,0.99962,0.80986,-0.00209,1.00000,0.80960,90.021,0.030,6
172.1160,0.99962,0.81736,-0.00209,1.00000,0.81710,90.020,0.030,6
172.1660,0.99963,0.82486,-0.00209,1.00000,0.82460,90.020,0.029,6
172.2160,0.99963,0.83236,-0.00209,1.00000,0.83210,90.020,0.030,6
172.2660,0.99964,0.83987,-0.00209,1.00000,0.83960,90.020,0.030,6
172.3160,0.99965,0.84737,-0.00209,1.00000,0.84710,90.021,0.030,6
172.3660,0.99966,0.85488,-0.00209,1.00000,0.85460,90.021,0.030,6
172.4160,0.99965,0.86238,-0.00209,1.00000,0.86210,90.021,0.030,6
172.4660,0.99965,0.86988,-0.00209,1.00000,0.86960,90.021,0.030,6
172.5160,0.99965,0.87738,-0.00209,1.00000,0.87710,90.021,0.030,6
172.5660,0.99965,0.88488,-0.00209,1.00000,0.88460,90.021,0.030,6
172.6160,0.99964,0.89238,-0.00209,1.00000,0.89210,90.021,0.030,6
172.6660,0.99964,0.89988,-0.00209,1.00000,0.89960,90.020,0.030,6
172.7160,0.99963,0.90738,-0.00209,1.00000,0.90710,90.020,0.030,6
172.7660,0.99962,0.91488,-0.00209,1.00000,0.91460,90.020,0.030,6
172.8160,0.99962,0.92238,-0.00209,1.00000,0.92210,90.020,0.029,6
172.8660,0.99961,0.92988,-0.00209,1.00000,0.92960,90.020,0.029,6
172.9160,0.99960,0.93737,-0.00209,1.00000,0.93710,90.020,0.029,6
172.9660,0.99960,0.94487,-0.00209,1.00000,0.94460,90.020,0.029,6
173.0160,0.99959,0.95237,-0.00209,1.00000,0.95210,90.019,0.029,6
173.0660,0.99959,0.95987,-0.00209,1.00000,0.95960,90.019,0.029,6
173.1160,0.99959,0.96738,-0.00209,1.00000,0.96710,90.019,0.029,6
173.1660,0.99959,0.97488,-0.00209,1.00000,0.97460,90.019,0.029,6
173.2160,0.99960,0.98239,-0.00209,1.00000,0.98210,90.020,0.029,6
173.2660,0.99961,0.98990,-0.00209,1.00000,0.98960,90.020,0.029,6
173.3160,0.99961,0.99740,-0.00209,1.00000,0.99710,90.020,0.029,6
173.3660,0.99956,1.00484,-0.00209,0.99540,1.00000,90.105,0.031,6
173.4160,0.99889,1.01138,-0.00209,0.98790,1.00000,91.631,0.048,6
173.4660,0.99749,1.01689,-0.00209,0.98040,1.00000,94.660,0.050,6
173.5160,0.99540,1.02142,-0.00208,0.97290,1.00000,98.080,0.043,6
173.5660,0.99263,1.02503,-0.00208,0.96540,1.00000,101.555,0.041,6
173.6160,0.98924,1.02780,-0.00208,0.95790,1.00000,105.002,0.042,6
173.6660,0.98531,1.02986,-0.00208,0.95040,1.00000,108.390,0.043,6
173.7160,0.98085,1.03133,-0.00207,0.94290,1.00000,111.719,0.044,6
173.7660,0.97593,1.03231,-0.00207,0.93540,1.00000,114.994,0.045,6
173.8160,0.97058,1.03289,-0.00207,0.92790,1.00000,118.223,0.047,6
173.8660,0.96481,1.03316,-0.00207,0.92040,1.00000,121.414,0.048,6
173.9160,0.95867,1.03320,-0.00207,0.91290,1.00000,124.572,0.049,6
173.9660,0.95218,1.03307,-0.00206,0.90540,1.00000,127.704,0.050,6
174.0160,0.94534,1.03279,-0.00206,0.89790,1.00000,130.813,0.052,6
174.0660,0.93817,1.03239,-0.00206,0.89040,1.00000,133.903,0.052,6
174.1160,0.93069,1.03190,-0.00206,0.88290,1.00000,136.975,0.052,6
174.1660,0.92292,1.03134,-0.00206,0.87540,1.00000,140.034,0.052,6
174.2160,0.91488,1.03071,-0.00206,0.86790,1.00000,143.081,0.051,6
174.2660,0.90658,1.03002,-0.00206,0.86040,1.00000,146.117,0.049,6
174.3160,0.89805,1.02927,-0.00206,0.85290,1.00000,149.145,0.047,6
174.3660,0.88930,1.02844,-0.00206,0.84540,1.00000,152.167,0.044,6
174.4160,0.88036,1.02753,-0.00206,0.83790,1.00000,155.184,0.041,6
174.4660,0.87125,1.02655,-0.00206,0.83040,1.00000,158.197,0.036,6
174.5160,0.86199,1.02548,-0.00206,0.82290,1.00000,161.209,0.032,6
174.5660,0.85262,1.02431,-0.00206,0.81540,1.00000,164.220,0.026,6
174.6160,0.84316,1.02306,-0.00206,0.80790,1.00000,167.232,0.020,6
174.6660,0.83363,1.02169,-0.00206,0.80040,1.00000,170.246,0.014,6
174.7160,0.82406,1.02022,-0.00206,0.79290,1.00000,173.260,0.007,6
174.7660,0.81447,1.01864,-0.00206,0.78540,1.00000,176.236,0.000,6
174.8160,0.80491,1.01697,-0.00206,0.77790,1.00000,178.831,-0.006,6
174.8660,0.79545,1.01526,-0.00206,0.77040,1.00000,179.775,-0.011,6
174.9160,0.78613,1.01357,-0.00206,0.76290,1.00000,179.909,-0.016,6
174.9660,0.77688,1.01196,-0.00206,0.75540,1.00000,179.952,-0.023,6
175.0160,0.76767,1.01045,-0.00206,0.74790,1.00000,179.982,-0.031,6
175.0660,0.75850,1.00905,-0.00206,0.74040,1.00000,179.996,-0.038,6
175.1160,0.74944,1.00756,-0.00206,0.73290,1.00000,-179.956,-0.044,6
175.1660,0.74092,1.00406,-0.00206,0.72540,1.00000,-179.319,-0.045,6
175.2160,0.73251,1.00155,-0.00202,0.71790,1.00000,-179.263,-0.046,6
175.2660,0.72413,0.99944,-0.00197,0.71040,1.00000,-179.387,-0.042,6
175.3160,0.71575,0.99758,-0.00193,0.70290,1.00000,-179.469,-0.044,6
175.3660,0.70735,0.99596,-0.00190,0.69540,1.00000,-179.551,-0.049,6
175.4160,0.69896,0.99457,-0.00187,0.68790,1.00000,-179.624,-0.054,6
175.4660,0.69057,0.99337,-0.00184,0.68040,1.00000,-179.685,-0.058,6
175.5160,0.68222,0.99238,-0.00182,0.67290,1.00000,-179.736,-0.061,6
175.5660,0.67388,0.99155,-0.00181,0.66540,1.00000,-179.779,-0.064,6
175.6160,0.66557,0.99088,-0.00179,0.65790,1.00000,-179.814,-0.066,6
175.6660,0.65731,0.99036,-0.00178,0.65040,1.00000,-179.844,-0.068,6
175.7160,0.64908,0.98997,-0.00178,0.64290,1.00000,-179.869,-0.070,6
175.7660,0.64088,0.98970,-0.00177,0.63540,1.00000,-179.890,-0.071,6
175.8160,0.63272,0.98952,-0.00177,0.62790,1.00000,-179.908,-0.072,6
175.8660,0.62461,0.98944,-0.00177,0.62040,1.00000,-179.923,-0.073,6
175.9160,0.61655,0.98946,-0.00177,0.61290,1.00000,-179.935,-0.074,6
175.9660,0.60853,0.98956,-0.00177,0.60540,1.00000,-179.945,-0.075,6
176.0160,0.60054,0.98971,-0.00177,0.59790,1.00000,-179.953,-0.075,6
176.0660,0.59260,0.98992,-0.00178,0.59040,1.00000,-179.960,-0.076,6
176.1160,0.58470,0.99017,-0.00178,0.58290,1.00000,-179.966,-0.076,6
176.1660,0.57683,0.99046,-0.00179,0.57540,1.00000,-179.971,-0.077,6
176.2160,0.56900,0.99078,-0.00180,0.56790,1.00000,-179.975,-0.077,6
176.2660,0.56119,0.99113,-0.00181,0.56040,1.00000,-179.978,-0.077,6
176.3160,0.55342,0.99149,-0.00182,0.55290,1.00000,-179.980,-0.077,6
176.3660,0.54568,0.99187,-0.00182,0.54540,1.00000,-179.982,-0.077,6
176.4160,0.53797,0.99227,-0.00183,0.53790,1.00000,-179.984,-0.077,6
176.4660,0.53030,0.99268,-0.00184,0.53040,1.00000,-179.985,-0.077,6
176.5160,0.52265,0.99310,-0.00185,0.52290,1.00000,-179.986,-0.077,6
176.5660,0.51501,0.99350,-0.00187,0.51540,1.00000,-179.987,-0.077,6
176.6160,0.50739,0.99390,-0.00188,0.50790,1.00000,-179.987,-0.077,6
176.6660,0.49980,0.99429,-0.00189,0.50040,1.00000,-179.987,-0.077,6
176.7160,0.49222,0.99468,-0.00190,0.49290,1.00000,-179.987,-0.077,6
176.7660,0.48465,0.99506,-0.00191,0.48540,1.00000,-179.987,-0.077,6
176.8160,0.47710,0.99542,-0.00192,0.47790,1.00000,-179.987,-0.077,6
176.8660,0.46956,0.99577,-0.00193,0.47040,1.00000,-179.987,-0.077,6
176.9160,0.46204,0.99612,-0.00194,0.46290,1.00000,-179.987,-0.077,6
176.9660,0.45452,0.99644,-0.00195,0.45540,1.00000,-179.986,-0.077,6
177.0160,0.44701,0.99674,-0.00196,0.44790,1.00000,-179.986,-0.077,6
177.0660,0.43951,0.99703,-0.00196,0.44040,1.00000,-179.986,-0.077,6
177.1160,0.43201,0.99730,-0.00197,0.43290,1.00000,-179.985,-0.077,6
177.1660,0.42452,0.99755,-0.00198,0.42540,1.00000,-179.985,-0.077,6
177.2160,0.41703,0.99780,-0.00199,0.41790,1.00000,-179.984,-0.077,6
177.2660,0.40954,0.99801,-0.00200,0.41040,1.00000,-179.984,-0.077,6
177.3160,0.40206,0.99823,-0.00201,0.40290,1.00000,-179.984,-0.076,6
177.3660,0.39458,0.99841,-0.00201,0.39540,1.00000,-179.983,-0.076,6
177.4160,0.38709,0.99858,-0.00202,0.38790,1.00000,-179.983,-0.076,6
177.4660,0.37962,0.99874,-0.00203,0.38040,1.00000,-179.983,-0.076,6
177.5160,0.37215,0.99890,-0.00203,0.37290,1.00000,-179.982,-0.076,6
177.5660,0.36467,0.99903,-0.00204,0.36540,1.00000,-179.982,-0.076,6
177.6160,0.35719,0.99915,-0.00204,0.35790,1.00000,-179.981,-0.076,6
177.6660,0.34972,0.99926,-0.00205,0.35040,1.00000,-179.981,-0.076,6
177.7160,0.34224,0.99936,-0.00205,0.34290,1.00000,-179.981,-0.075,6
177.7660,0.33477,0.99945,-0.00206,0.33540,1.00000,-179.980,-0.075,6
177.8160,0.32729,0.99953,-0.00206,0.32790,1.00000,-179.980,-0.075,6
177.8660,0.31982,0.99961,-0.00206,0.32040,1.00000,-179.980,-0.075,6
177.9160,0.31234,0.99967,-0.00207,0.31290,1.00000,-179.980,-0.075,6
177.9660,0.30487,0.99973,-0.00207,0.30540,1.00000,-179.979,-0.075,6
178.0160,0.29739,0.99978,-0.00207,0.29790,1.00000,-179.979,-0.075,6
178.0660,0.28991,0.99982,-0.00208,0.29040,1.00000,-179.979,-0.076,6
178.1160,0.28243,0.99985,-0.00208,0.28290,1.00000,-179.979,-0.076,6
178.1660,0.27494,0.99987,-0.00208,0.27540,1.00000,-179.979,-0.076,6
178.2160,0.26746,0.99989,-0.00208,0.26790,1.00000,-179.978,-0.076,6
178.2660,0.25997,0.99990,-0.00209,0.26040,1.00000,-179.978,-0.076,6
178.3160,0.25249,0.99992,-0.00209,0.25290,1.00000,-179.978,-0.075,6
178.3660,0.24500,0.99992,-0.00209,0.24540,1.00000,-179.978,-0.076,6
178.4160,0.23751,0.99993,-0.00209,0.23790,1.00000,-179.978,-0.076,6
178.4660,0.23002,0.99992,-0.00209,0.23040,1.00000,-179.978,-0.076,6
178.5160,0.22253,0.99992,-0.00209,0.22290,1.00000,-179.978,-0.076,6
178.5660,0.21503,0.99990,-0.00209,0.21540,1.00000,-179.978,-0.076,6
178.6160,0.20753,0.99988,-0.00210,0.20790,1.00000,-179.978,-0.076,6
178.6660,0.20004,0.99987,-0.00210,0.20040,1.00000,-179.978,-0.075,6
178.7160,0.19254,0.99986,-0.00210,0.19290,1.00000,-179.978,-0.075,6
178.7660,0.18505,0.99985,-0.00210,0.18540,1.00000,-179.978,-0.075,6
178.8160,0.17755,0.99983,-0.00210,0.17790,1.00000,-179.978,-0.075,6
178.8660,0.17005,0.99982,-0.00210,0.17040,1.00000,-179.978,-0.075,6
178.9160,0.16256,0.99980,-0.00210,0.16290,1.00000,-179.978,-0.075,6
178.9660,0.15506,0.99979,-0.00210,0.15540,1.00000,-179.978,-0.075,6
179.0160,0.14756,0.99977,-0.00210,0.14790,1.00000,-179.978,-0.075,6
179.0660,0.14006,0.99976,-0.00210,0.14040,1.00000,-179.978,-0.075,6
179.1160,0.13256,0.99974,-0.00210,0.13290,1.00000,-179.978,-0.075,6
179.1660,0.12506,0.99972,-0.00210,0.12540,1.00000,-179.978,-0.075,6
179.2160,0.11756,0.99971,-0.00210,0.11790,1.00000,-179.978,-0.075,6
179.2660,0.11007,0.99970,-0.00210,0.11040,1.00000,-179.978,-0.075,6
179.3160,0.10257,0.99969,-0.00210,0.10290,1.00000,-179.978,-0.075,6
179.3660,0.09507,0.99969,-0.00210,0.09540,1.00000,-179.978,-0.075,6
179.4160,0.08757,0.99967,-0.00210,0.08790,1.00000,-179.978,-0.075,6
179.4660,0.08008,0.99966,-0.00210,0.08040,1.00000,-179.978,-0.075,6
179.5160,0.07258,0.99965,-0.00210,0.07290,1.00000,-179.978,-0.075,6
179.5660,0.06508,0.99964,-0.00210,0.06540,1.00000,-179.978,-0.075,6
179.6160,0.05757,0.99962,-0.00210,0.05790,1.00000,-179.978,-0.075,6
179.6660,0.05007,0.99961,-0.00210,0.05040,1.00000,-179.978,-0.075,6
179.7160,0.04257,0.99961,-0.00209,0.04290,1.00000,-179.978,-0.075,6
179.7660,0.03508,0.99961,-0.00209,0.03540,1.00000,-179.978,-0.075,6
179.8160,0.02759,0.99961,-0.00209,0.02790,1.00000,-179.978,-0.076,6
179.8660,0.02008,0.99960,-0.00209,0.02040,1.00000,-179.978,-0.076,6
179.9160,0.01258,0.99959,-0.00209,0.01290,1.00000,-179.978,-0.076,6
179.9660,0.00508,0.99957,-0.00209,0.00540,1.00000,-179.978,-0.076,6
180.0160,-0.00237,0.99951,-0.00209,0.00000,0.99790,-179.895,-0.074,6
180.0660,-0.00895,0.99883,-0.00209,0.00000,0.99040,-178.417,-0.058,6
180.1160,-0.01453,0.99727,-0.00209,0.00000,0.98290,-175.531,-0.054,6
180.1660,-0.01919,0.99485,-0.00209,0.00000,0.97540,-172.269,-0.060,6
180.2160,-0.02298,0.99167,-0.00209,0.00000,0.96790,-168.934,-0.064,6
180.2660,-0.02600,0.98781,-0.00209,0.00000,0.96040,-165.607,-0.065,6
180.3160,-0.02834,0.98334,-0.00209,0.00000,0.95290,-162.320,-0.065,6
180.3660,-0.03011,0.97831,-0.00209,0.00000,0.94540,-159.076,-0.065,6
180.4160,-0.03139,0.97276,-0.00209,0.00000,0.93790,-155.872,-0.066,6
180.4660,-0.03228,0.96674,-0.00208,0.00000,0.93040,-152.702,-0.066,6
180.5160,-0.03283,0.96029,-0.00208,0.00000,0.92290,-149.561,-0.067,6
180.5660,-0.03310,0.95343,-0.00208,0.00000,0.91540,-146.443,-0.068,6
180.6160,-0.03314,0.94619,-0.00209,0.00000,0.90790,-143.344,-0.069,6
180.6660,-0.03299,0.93858,-0.00209,0.00000,0.90040,-140.262,-0.071,6
180.7160,-0.03267,0.93064,-0.00209,0.00000,0.89290,-137.192,-0.073,6
180.7660,-0.03221,0.92238,-0.00209,0.00000,0.88540,-134.132,-0.076,6
180.8160,-0.03162,0.91384,-0.00208,0.00000,0.87790,-131.079,-0.079,6
180.8660,-0.03090,0.90504,-0.00208,0.00000,0.87040,-128.033,-0.083,6
180.9160,-0.03008,0.89601,-0.00208,0.00000,0.86290,-124.990,-0.086,6
180.9660,-0.02915,0.88677,-0.00208,0.00000,0.85540,-121.949,-0.090,6
181.0160,-0.02811,0.87736,-0.00208,0.00000,0.84790,-118.908,-0.094,6
181.0660,-0.02697,0.86781,-0.00208,0.00000,0.84040,-115.866,-0.098,6
181.1160,-0.02572,0.85815,-0.00208,0.00000,0.83290,-112.820,-0.101,6
181.1660,-0.02437,0.84841,-0.00208,0.00000,0.82540,-109.769,-0.105,6
181.2160,-0.02293,0.83863,-0.00208,0.00000,0.81790,-106.711,-0.108,6
181.2660,-0.02139,0.82884,-0.00207,0.00000,0.81040,-103.644,-0.110,6
181.3160,-0.01977,0.81907,-0.00207,0.00000,0.80290,-100.566,-0.112,6
181.3660,-0.01807,0.80935,-0.00207,0.00000,0.79540,-97.479,-0.114,6
181.4160,-0.01629,0.79972,-0.00207,0.00000,0.78790,-94.424,-0.115,6
181.4660,-0.01447,0.79019,-0.00207,0.00000,0.78040,-91.765,-0.115,6
181.5160,-0.01266,0.78078,-0.00207,0.00000,0.77290,-90.688,-0.116,6
181.5660,-0.01091,0.77152,-0.00206,0.00000,0.76540,-90.448,-0.116,6
181.6160,-0.00928,0.76245,-0.00206,0.00000,0.75790,-90.344,-0.114,6
181.6660,-0.00777,0.75355,-0.00206,0.00000,0.75040,-90.267,-0.112,6
181.7160,-0.00640,0.74481,-0.00206,0.00000,0.74290,-90.215,-0.110,6
181.7660,-0.00513,0.73623,-0.00206,0.00000,0.73540,-90.174,-0.108,6
181.8160,-0.00398,0.72779,-0.00206,0.00000,0.72790,-90.142,-0.106,6
181.8660,-0.00294,0.71949,-0.00206,0.00000,0.72040,-90.116,-0.104,6
181.9160,-0.00200,0.71131,-0.00206,0.00000,0.71290,-90.095,-0.102,6
181.9660,-0.00117,0.70324,-0.00207,0.00000,0.70540,-90.078,-0.100,6
182.0160,-0.00044,0.69526,-0.00207,0.00000,0.69790,-90.065,-0.099,6
182.0660,0.00022,0.68738,-0.00207,0.00000,0.69040,-90.054,-0.097,6
182.1160,0.00079,0.67958,-0.00207,0.00000,0.68290,-90.046,-0.095,6
182.1660,0.00129,0.67186,-0.00207,0.00000,0.67540,-90.039,-0.094,6
182.2160,0.00171,0.66420,-0.00207,0.00000,0.66790,-90.034,-0.093,6
182.2660,0.00207,0.65660,-0.00207,0.00000,0.66040,-90.030,-0.092,6
182.3160,0.00236,0.64904,-0.00207,0.00000,0.65290,-90.027,-0.091,6
182.3660,0.00259,0.64153,-0.00207,0.00000,0.64540,-90.025,-0.089,6
182.4160,0.00278,0.63406,-0.00208,0.00000,0.63790,-90.024,-0.088,6
182.4660,0.00292,0.62661,-0.00208,0.00000,0.63040,-90.023,-0.087,6
182.5160,0.00303,0.61920,-0.00208,0.00000,0.62290,-90.022,-0.086,6
182.5660,0.00310,0.61181,-0.00208,0.00000,0.61540,-90.021,-0.086,6
182.6160,0.00313,0.60444,-0.00208,0.00000,0.60790,-90.021,-0.085,6
182.6660,0.00314,0.59708,-0.00208,0.00000,0.60040,-90.021,-0.085,6
182.7160,0.00311,0.58973,-0.00208,0.00000,0.59290,-90.021,-0.084,6
182.7660,0.00307,0.58239,-0.00208,0.00000,0.58540,-90.022,-0.084,6
182.8160,0.00300,0.57505,-0.00208,0.00000,0.57790,-90.022,-0.083,6
182.8660,0.00292,0.56771,-0.00209,0.00000,0.57040,-90.022,-0.083,6
182.9160,0.00282,0.56038,-0.00209,0.00000,0.56290,-90.022,-0.083,6
182.9660,0.00271,0.55304,-0.00209,0.00000,0.55540,-90.023,-0.082,6
183.0160,0.00260,0.54571,-0.00209,0.00000,0.54790,-90.023,-0.082,6
183.0660,0.00246,0.53836,-0.00209,0.00000,0.54040,-90.023,-0.082,6
183.1160,0.00233,0.53101,-0.00209,0.00000,0.53290,-90.023,-0.082,6
183.1660,0.00219,0.52365,-0.00209,0.00000,0.52540,-90.023,-0.081,6
183.2160,0.00205,0.51629,-0.00209,0.00000,0.51790,-90.024,-0.081,6
183.2660,0.00191,0.50892,-0.00209,0.00000,0.51040,-90.024,-0.081,6
183.3160,0.00177,0.50155,-0.00209,0.00000,0.50290,-90.024,-0.081,6
183.3660,0.00162,0.49416,-0.00209,0.00000,0.49540,-90.024,-0.081,6
183.4160,0.00148,0.48676,-0.00209,0.00000,0.48790,-90.024,-0.081,6
183.4660,0.00134,0.47936,-0.00209,0.00000,0.48040,-90.024,-0.081,6
183.5160,0.00122,0.47196,-0.00209,0.00000,0.47290,-90.024,-0.081,6
183.5660,0.00110,0.46455,-0.00209,0.00000,0.46540,-90.024,-0.081,6
183.6160,0.00098,0.45713,-0.00209,0.00000,0.45790,-90.024,-0.081,6
183.6660,0.00087,0.44971,-0.00209,0.00000,0.45040,-90.024,-0.081,6
183.7160,0.00076,0.44228,-0.00209,0.00000,0.44290,-90.023,-0.081,6
183.7660,0.00064,0.43483,-0.00209,0.00000,0.43540,-90.023,-0.081,6
183.8160,0.00053,0.42738,-0.00209,0.00000,0.42790,-90.023,-0.081,6
183.8660,0.00043,0.41992,-0.00209,0.00000,0.42040,-90.023,-0.081,6
183.9160,0.00036,0.41247,-0.00209,0.00000,0.41290,-90.023,-0.081,6
183.9660,0.00027,0.40501,-0.00209,0.00000,0.40540,-90.023,-0.081,6
184.0160,0.00018,0.39754,-0.00209,0.00000,0.39790,-90.023,-0.081,6
184.0660,0.00010,0.39007,-0.00209,0.00000,0.39040,-90.022,-0.081,6
184.1160,0.00002,0.38258,-0.00209,0.00000,0.38290,-90.022,-0.081,6
184.1660,-0.00005,0.37510,-0.00209,0.00000,0.37540,-90.022,-0.081,6
184.2160,-0.00012,0.36761,-0.00209,0.00000,0.36790,-90.022,-0.081,6
184.2660,-0.00017,0.36013,-0.00209,0.00000,0.36040,-90.022,-0.081,6
184.3160,-0.00021,0.35264,-0.00209,0.00000,0.35290,-90.021,-0.081,6
184.3660,-0.00026,0.34514,-0.00209,0.00000,0.34540,-90.021,-0.081,6
184.4160,-0.00032,0.33764,-0.00209,0.00000,0.33790,-90.021,-0.081,6
184.4660,-0.00036,0.33014,-0.00209,0.00000,0.33040,-90.021,-0.081,6
184.5160,-0.00040,0.32264,-0.00209,0.00000,0.32290,-90.021,-0.081,6
184.5660,-0.00043,0.31514,-0.00209,0.00000,0.31540,-90.021,-0.081,6
184.6160,-0.00046,0.30764,-0.00209,0.00000,0.30790,-90.020,-0.081,6
184.6660,-0.00048,0.30013,-0.00209,0.00000,0.30040,-90.020,-0.080,6
184.7160,-0.00050,0.29263,-0.00209,0.00000,0.29290,-90.020,-0.080,6
184.7660,-0.00051,0.28513,-0.00209,0.00000,0.28540,-90.020,-0.080,6
184.8160,-0.00052,0.27763,-0.00209,0.00000,0.27790,-90.020,-0.080,6
184.8660,-0.00053,0.27013,-0.00209,0.00000,0.27040,-90.020,-0.081,6
184.9160,-0.00054,0.26263,-0.00209,0.00000,0.26290,-90.020,-0.081,6
184.9660,-0.00054,0.25513,-0.00209,0.00000,0.25540,-90.020,-0.081,6
185.0160,-0.00055,0.24762,-0.00209,0.00000,0.24790,-90.019,-0.081,6
185.0660,-0.00055,0.24012,-0.00209,0.00000,0.24040,-90.019,-0.081,6
185.1160,-0.00056,0.23261,-0.00209,0.00000,0.23290,-90.019,-0.081,6
185.1660,-0.00056,0.22511,-0.00209,0.00000,0.22540,-90.019,-0.081,6
185.2160,-0.00056,0.21760,-0.00209,0.00000,0.21790,-90.019,-0.080,6
185.2660,-0.00055,0.21010,-0.00209,0.00000,0.21040,-90.019,-0.080,6
185.3160,-0.00055,0.20260,-0.00209,0.00000,0.20290,-90.019,-0.081,6
185.3660,-0.00056,0.19509,-0.00209,0.00000,0.19540,-90.019,-0.081,6
185.4160,-0.00056,0.18758,-0.00209,0.00000,0.18790,-90.019,-0.080,6
185.4660,-0.00055,0.18008,-0.00209,0.00000,0.18040,-90.019,-0.080,6
185.5160,-0.00055,0.17258,-0.00209,0.00000,0.17290,-90.019,-0.080,6
185.5660,-0.00054,0.16507,-0.00209,0.00000,0.16540,-90.019,-0.080,6
185.6160,-0.00054,0.15757,-0.00209,0.00000,0.15790,-90.019,-0.080,6
185.6660,-0.00053,0.15006,-0.00209,0.00000,0.15040,-90.019,-0.080,6
185.7160,-0.00053,0.14256,-0.00209,0.00000,0.14290,-90.019,-0.080,6
185.7660,-0.00052,0.13506,-0.00209,0.00000,0.13540,-90.019,-0.080,6
185.8160,-0.00052,0.12756,-0.00209,0.00000,0.12790,-90.019,-0.080,6
185.8660,-0.00050,0.12006,-0.00209,0.00000,0.12040,-90.019,-0.080,6
185.9160,-0.00050,0.11256,-0.00209,0.00000,0.11290,-90.019,-0.080,6
185.9660,-0.00049,0.10506,-0.00209,0.00000,0.10540,-90.019,-0.080,6
186.0160,-0.00049,0.09755,-0.00209,0.00000,0.09790,-90.019,-0.080,6
186.0660,-0.00049,0.09005,-0.00209,0.00000,0.09040,-90.019,-0.080,6
186.1160,-0.00048,0.08254,-0.00209,0.00000,0.08290,-90.019,-0.080,6
186.1660,-0.00047,0.07505,-0.00209,0.00000,0.07540,-90.019,-0.079,6
186.2160,-0.00045,0.06755,-0.00209,0.00000,0.06790,-90.019,-0.079,6
186.2660,-0.00045,0.06006,-0.00209,0.00000,0.06040,-90.019,-0.080,6
186.3160,-0.00043,0.05256,-0.00209,0.00000,0.05290,-90.019,-0.080,6
186.3660,-0.00042,0.04507,-0.00209,0.00000,0.04540,-90.019,-0.080,6
186.4160,-0.00042,0.03756,-0.00209,0.00000,0.03790,-90.019,-0.080,6
186.4660,-0.00042,0.03006,-0.00209,0.00000,0.03040,-90.019,-0.080,6
186.5160,-0.00042,0.02256,-0.00209,0.00000,0.02290,-90.019,-0.080,6
186.5660,-0.00042,0.01506,-0.00209,0.00000,0.01540,-90.019,-0.080,6
186.6160,-0.00041,0.00757,-0.00209,0.00000,0.00790,-90.019,-0.080,6
186.6660,-0.00040,0.00007,-0.00209,0.00000,0.00040,-90.019,-0.080,6
186.7160,-0.00035,-0.00736,-0.00209,0.00710,0.00000,-89.932,-0.079,7
186.7660,0.00036,-0.01382,-0.00209,0.01460,0.00000,-88.367,-0.064,7
186.8160,0.00199,-0.01916,-0.00209,0.02210,0.00000,-85.232,-0.063,7
186.8660,0.00456,-0.02355,-0.00209,0.02960,0.00000,-81.733,-0.074,7
186.9160,0.00797,-0.02715,-0.00209,0.03710,0.00000,-78.196,-0.084,7
186.9660,0.01214,-0.03008,-0.00208,0.04460,0.00000,-74.697,-0.091,7
187.0160,0.01700,-0.03242,-0.00208,0.05210,0.00000,-71.265,-0.096,7
187.0660,0.02248,-0.03426,-0.00208,0.05960,0.00000,-67.900,-0.100,7
187.1160,0.02851,-0.03567,-0.00208,0.06710,0.00000,-64.593,-0.101,7
187.1660,0.03504,-0.03672,-0.00208,0.07460,0.00000,-61.336,-0.102,7
187.2160,0.04203,-0.03745,-0.00208,0.08210,0.00000,-58.120,-0.101,7
187.2660,0.04945,-0.03791,-0.00208,0.08960,0.00000,-54.940,-0.100,7
187.3160,0.05724,-0.03813,-0.00208,0.09710,0.00000,-51.789,-0.098,7
187.3660,0.06538,-0.03815,-0.00208,0.10460,0.00000,-48.662,-0.096,7
187.4160,0.07382,-0.03801,-0.00208,0.11210,0.00000,-45.557,-0.093,7
187.4660,0.08253,-0.03770,-0.00208,0.11960,0.00000,-42.468,-0.090,7
187.5160,0.09151,-0.03724,-0.00208,0.12710,0.00000,-39.395,-0.087,7
187.5660,0.10069,-0.03665,-0.00208,0.13460,0.00000,-36.336,-0.084,7
187.6160,0.11004,-0.03596,-0.00208,0.14210,0.00000,-33.287,-0.081,7
187.6660,0.11955,-0.03514,-0.00208,0.14960,0.00000,-30.248,-0.077,7
187.7160,0.12916,-0.03421,-0.00208,0.15710,0.00000,-27.218,-0.073,7
187.7660,0.13885,-0.03318,-0.00208,0.16460,0.00000,-24.196,-0.069,7
187.8160,0.14859,-0.03204,-0.00208,0.17210,0.00000,-21.181,-0.065,7
187.8660,0.15835,-0.03079,-0.00208,0.17960,0.00000,-18.173,-0.060,7
187.9160,0.16811,-0.02944,-0.00208,0.18710,0.00000,-15.171,-0.056,7
187.9660,0.17783,-0.02800,-0.00208,0.19460,0.00000,-12.177,-0.051,7
188.0160,0.18750,-0.02646,-0.00208,0.20210,0.00000,-9.190,-0.047,7
188.0660,0.19709,-0.02482,-0.00208,0.20960,0.00000,-6.215,-0.042,7
188.1160,0.20657,-0.02311,-0.00208,0.21710,0.00000,-3.297,-0.037,7
188.1660,0.21594,-0.02134,-0.00208,0.22460,0.00000,-0.803,-0.033,7
188.2160,0.22521,-0.01950,-0.00208,0.23210,0.00000,0.095,-0.029,7
188.2660,0.23433,-0.01760,-0.00208,0.23960,0.00000,0.178,-0.024,7
188.3160,0.24328,-0.01574,-0.00208,0.24710,0.00000,0.161,-0.018,7
188.3660,0.25205,-0.01399,-0.00208,0.25460,0.00000,0.142,-0.012,7
188.4160,0.26067,-0.01235,-0.00208,0.26210,0.00000,0.116,-0.007,7
188.4660,0.26914,-0.01081,-0.00209,0.26960,0.00000,0.091,-0.002,7
188.5160,0.27747,-0.00939,-0.00209,0.27710,0.00000,0.070,0.001,7
188.5660,0.28568,-0.00806,-0.00209,0.28460,0.00000,0.053,0.004,7
188.6160,0.29378,-0.00684,-0.00209,0.29210,0.00000,0.038,0.007,7
188.6660,0.30177,-0.00572,-0.00209,0.29960,0.00000,0.025,0.010,7
188.7160,0.30968,-0.00469,-0.00209,0.30710,0.00000,0.015,0.012,7
188.7660,0.31749,-0.00376,-0.00209,0.31460,0.00000,0.006,0.014,7
188.8160,0.32524,-0.00291,-0.00209,0.32210,0.00000,-0.001,0.015,7
188.8660,0.33292,-0.00213,-0.00209,0.32960,0.00000,-0.007,0.017,7
188.9160,0.34055,-0.00145,-0.00209,0.33710,0.00000,-0.013,0.018,7
188.9660,0.34812,-0.00083,-0.00209,0.34460,0.00000,-0.017,0.019,7
189.0160,0.35565,-0.00029,-0.00210,0.35210,0.00000,-0.021,0.021,7
189.0660,0.36314,0.00019,-0.00210,0.35960,0.00000,-0.024,0.021,7
189.1160,0.37058,0.00059,-0.00210,0.36710,0.00000,-0.026,0.022,7
189.1660,0.37801,0.00094,-0.00210,0.37460,0.00000,-0.028,0.023,7
189.2160,0.38541,0.00124,-0.00210,0.38210,0.00000,-0.029,0.023,7
189.2660,0.39280,0.00149,-0.00210,0.38960,0.00000,-0.030,0.023,7
189.3160,0.40018,0.00171,-0.00210,0.39710,0.00000,-0.031,0.024,7
189.3660,0.40754,0.00188,-0.00210,0.40460,0.00000,-0.032,0.024,7
189.4160,0.41490,0.00202,-0.00210,0.41210,0.00000,-0.032,0.024,7
189.4660,0.42225,0.00211,-0.00210,0.41960,0.00000,-0.033,0.025,7
189.5160,0.42960,0.00217,-0.00210,0.42710,0.00000,-0.033,0.025,7
189.5660,0.43694,0.00221,-0.00210,0.43460,0.00000,-0.033,0.025,7
189.6160,0.44428,0.00222,-0.00210,0.44210,0.00000,-0.032,0.025,7
189.6660,0.45164,0.00221,-0.00210,0.44960,0.00000,-0.032,0.025,7
189.7160,0.45899,0.00219,-0.00210,0.45710,0.00000,-0.032,0.025,7
189.7660,0.46635,0.00215,-0.00210,0.46460,0.00000,-0.032,0.026,7
189.8160,0.47372,0.00210,-0.00210,0.47210,0.00000,-0.031,0.026,7
189.8660,0.48109,0.00204,-0.00210,0.47960,0.00000,-0.031,0.026,7
189.9160,0.48847,0.00196,-0.00210,0.48710,0.00000,-0.031,0.026,7
189.9660,0.49586,0.00188,-0.00210,0.49460,0.00000,-0.031,0.026,7
190.0160,0.50325,0.00179,-0.00210,0.50210,0.00000,-0.030,0.026,7
190.0660,0.51065,0.00170,-0.00210,0.50960,0.00000,-0.030,0.027,7
190.1160,0.51806,0.00159,-0.00210,0.51710,0.00000,-0.030,0.027,7
190.1660,0.52547,0.00148,-0.00210,0.52460,0.00000,-0.030,0.027,7
190.2160,0.53288,0.00137,-0.00210,0.53210,0.00000,-0.029,0.027,7
190.2660,0.54031,0.00127,-0.00210,0.53960,0.00000,-0.029,0.027,7
190.3160,0.54774,0.00115,-0.00209,0.54710,0.00000,-0.028,0.027,7
190.3660,0.55518,0.00105,-0.00209,0.55460,0.00000,-0.028,0.027,7
190.4160,0.56262,0.00093,-0.00209,0.56210,0.00000,-0.027,0.027,7
190.4660,0.57007,0.00083,-0.00209,0.56960,0.00000,-0.027,0.027,7
190.5160,0.57752,0.00072,-0.00209,0.57710,0.00000,-0.026,0.027,7
190.5660,0.58498,0.00062,-0.00209,0.58460,0.00000,-0.026,0.027,7
190.6160,0.59244,0.00052,-0.00209,0.59210,0.00000,-0.025,0.027,7
190.6660,0.59991,0.00043,-0.00209,0.59960,0.00000,-0.024,0.027,7
190.7160,0.60738,0.00034,-0.00209,0.60710,0.00000,-0.024,0.027,7
190.7660,0.61486,0.00026,-0.00209,0.61460,0.00000,-0.023,0.027,7
190.8160,0.62234,0.00018,-0.00209,0.62210,0.00000,-0.023,0.027,7
190.8660,0.62982,0.00010,-0.00209,0.62960,0.00000,-0.023,0.027,7
190.9160,0.63731,0.00004,-0.00209,0.63710,0.00000,-0.023,0.026,7
190.9660,0.64481,-0.00002,-0.00209,0.64460,0.00000,-0.022,0.026,7
191.0160,0.65230,-0.00007,-0.00209,0.65210,0.00000,-0.022,0.027,7
191.0660,0.65981,-0.00011,-0.00209,0.65960,0.00000,-0.022,0.027,7
191.1160,0.66730,-0.00016,-0.00209,0.66710,0.00000,-0.023,0.027,7
191.1660,0.67480,-0.00021,-0.00209,0.67460,0.00000,-0.022,0.027,7
191.2160,0.68230,-0.00025,-0.00209,0.68210,0.00000,-0.022,0.027,7
191.2660,0.68980,-0.00030,-0.00209,0.68960,0.00000,-0.022,0.027,7
191.3160,0.69730,-0.00033,-0.00209,0.69710,0.00000,-0.022,0.027,7
191.3660,0.70480,-0.00036,-0.00209,0.70460,0.00000,-0.022,0.027,7
191.4160,0.71231,-0.00039,-0.00209,0.71210,0.00000,-0.022,0.027,7
191.4660,0.71981,-0.00042,-0.00209,0.71960,0.00000,-0.022,0.027,7
191.5160,0.72731,-0.00044,-0.00209,0.72710,0.00000,-0.022,0.027,7
191.5660,0.73481,-0.00047,-0.00209,0.73460,0.00000,-0.021,0.027,7
191.6160,0.74231,-0.00049,-0.00209,0.74210,0.00000,-0.021,0.027,7
191.6660,0.74982,-0.00051,-0.00209,0.74960,0.00000,-0.021,0.027,7
191.7160,0.75732,-0.00053,-0.00209,0.75710,0.00000,-0.021,0.027,7
191.7660,0.76483,-0.00053,-0.00209,0.76460,0.00000,-0.021,0.027,7
191.8160,0.77233,-0.00054,-0.00209,0.77210,0.00000,-0.021,0.027,7
191.8660,0.77984,-0.00055,-0.00209,0.77960,0.00000,-0.021,0.026,7
191.9160,0.78734,-0.00056,-0.00209,0.78710,0.00000,-0.021,0.026,7
191.9660,0.79485,-0.00056,-0.00209,0.79460,0.00000,-0.021,0.026,7
192.0160,0.80235,-0.00056,-0.00209,0.80210,0.00000,-0.021,0.027,7
192.0660,0.80986,-0.00056,-0.00209,0.80960,0.00000,-0.021,0.027,7
192.1160,0.81736,-0.00057,-0.00209,0.81710,0.00000,-0.021,0.027,7
192.1660,0.82487,-0.00056,-0.00209,0.82460,0.00000,-0.021,0.026,7
192.2160,0.83237,-0.00057,-0.00209,0.83210,0.00000,-0.021,0.027,7
192.2660,0.83987,-0.00056,-0.00209,0.83960,0.00000,-0.021,0.026,7
192.3160,0.84738,-0.00056,-0.00209,0.84710,0.00000,-0.021,0.026,7
192.3660,0.85488,-0.00056,-0.00209,0.85460,0.00000,-0.021,0.026,7
192.4160,0.86238,-0.00055,-0.00209,0.86210,0.00000,-0.021,0.026,7
192.4660,0.86989,-0.00054,-0.00209,0.86960,0.00000,-0.021,0.026,7
192.5160,0.87738,-0.00055,-0.00209,0.87710,0.00000,-0.021,0.027,7
192.5660,0.88489,-0.00054,-0.00209,0.88460,0.00000,-0.021,0.026,7
192.6160,0.89239,-0.00053,-0.00209,0.89210,0.00000,-0.021,0.026,7
192.6660,0.89989,-0.00053,-0.00209,0.89960,0.00000,-0.021,0.026,7
192.7160,0.90739,-0.00053,-0.00209,0.90710,0.00000,-0.021,0.026,7
192.7660,0.91489,-0.00052,-0.00209,0.91460,0.00000,-0.021,0.026,7
192.8160,0.92240,-0.00052,-0.00209,0.92210,0.00000,-0.021,0.026,7
192.8660,0.92990,-0.00051,-0.00209,0.92960,0.00000,-0.021,0.026,7
192.9160,0.93740,-0.00050,-0.00209,0.93710,0.00000,-0.021,0.026,7
192.9660,0.94490,-0.00050,-0.00209,0.94460,0.00000,-0.021,0.026,7
193.0160,0.95241,-0.00049,-0.00209,0.95210,0.00000,-0.021,0.026,7
193.0660,0.95991,-0.00048,-0.00209,0.95960,0.00000,-0.021,0.026,7
193.1160,0.96741,-0.00047,-0.00209,0.96710,0.00000,-0.021,0.027,7
193.1660,0.97491,-0.00047,-0.00209,0.97460,0.00000,-0.022,0.027,7
193.2160,0.98241,-0.00047,-0.00209,0.98210,0.00000,-0.022,0.027,7
193.2660,0.98991,-0.00046,-0.00209,0.98960,0.00000,-0.021,0.027,7
193.3160,0.99741,-0.00046,-0.00209,0.99710,0.00000,-0.022,0.027,7
193.3660,1.00484,-0.00041,-0.00209,1.00000,0.00460,0.064,0.028,7
193.4160,1.01131,0.00025,-0.00209,1.00000,0.01210,1.592,0.043,7
193.4660,1.01663,0.00168,-0.00209,1.00000,0.01960,4.633,0.043,7
193.5160,1.02097,0.00384,-0.00209,1.00000,0.02710,8.044,0.031,7
193.5660,1.02446,0.00675,-0.00208,1.00000,0.03460,11.501,0.022,7
193.6160,1.02724,0.01034,-0.00208,1.00000,0.04210,14.930,0.015,7
193.6660,1.02941,0.01457,-0.00208,1.00000,0.04960,18.303,0.010,7
193.7160,1.03107,0.01938,-0.00208,1.00000,0.05710,21.621,0.007,7
193.7660,1.03231,0.02472,-0.00208,1.00000,0.06460,24.890,0.005,7
193.8160,1.03320,0.03053,-0.00207,1.00000,0.07210,28.117,0.004,7
193.8660,1.03380,0.03678,-0.00207,1.00000,0.07960,31.308,0.004,7
193.9160,1.03417,0.04344,-0.00207,1.00000,0.08710,34.468,0.005,7
193.9660,1.03434,0.05045,-0.00207,1.00000,0.09460,37.602,0.007,7
194.0160,1.03437,0.05781,-0.00207,1.00000,0.10210,40.714,0.008,7
194.0660,1.03427,0.06549,-0.00207,1.00000,0.10960,43.807,0.011,7
194.1160,1.03406,0.07345,-0.00207,1.00000,0.11710,46.885,0.013,7
194.1660,1.03375,0.08166,-0.00207,1.00000,0.12460,49.948,0.016,7
194.2160,1.03336,0.09011,-0.00207,1.00000,0.13210,53.001,0.018,7
194.2660,1.03290,0.09878,-0.00207,1.00000,0.13960,56.044,0.021,7
194.3160,1.03237,0.10764,-0.00207,1.00000,0.14710,59.079,0.024,7
194.3660,1.03175,0.11665,-0.00207,1.00000,0.15460,62.108,0.027,7
194.4160,1.03107,0.12580,-0.00207,1.00000,0.16210,65.132,0.029,7
194.4660,1.03030,0.13506,-0.00207,1.00000,0.16960,68.153,0.032,7
194.5160,1.02945,0.14441,-0.00207,1.00000,0.17710,71.172,0.034,7
194.5660,1.02851,0.15382,-0.00207,1.00000,0.18460,74.191,0.037,7
194.6160,1.02746,0.16326,-0.00207,1.00000,0.19210,77.209,0.039,7
194.6660,1.02632,0.17271,-0.00207,1.00000,0.19960,80.230,0.041,7
194.7160,1.02506,0.18217,-0.00207,1.00000,0.20710,83.249,0.042,7
194.7660,1.02369,0.19161,-0.00207,1.00000,0.21460,86.224,0.043,7
194.8160,1.02221,0.20100,-0.00207,1.00000,0.22210,88.797,0.044,7
194.8660,1.02062,0.21028,-0.00207,1.00000,0.22960,89.761,0.046,7
194.9160,1.01891,0.21941,-0.00207,1.00000,0.23710,89.910,0.048,7
194.9660,1.01721,0.22845,-0.00207,1.00000,0.24460,89.952,0.047,7
195.0160,1.01558,0.23743,-0.00207,1.00000,0.25210,89.980,0.046,7
195.0660,1.01401,0.24634,-0.00207,1.00000,0.25960,89.990,0.044,7
195.1160,1.01252,0.25519,-0.00207,1.00000,0.26710,89.995,0.042,7
195.1660,1.01112,0.26397,-0.00207,1.00000,0.27460,89.999,0.040,7
195.2160,1.00980,0.27267,-0.00207,1.00000,0.28210,90.001,0.039,7
195.2660,1.00858,0.28130,-0.00207,1.00000,0.28960,90.003,0.038,7
195.3160,1.00743,0.28985,-0.00208,1.00000,0.29710,90.004,0.037,7
195.3660,1.00636,0.29833,-0.00208,1.00000,0.30460,90.004,0.036,7
195.4160,1.00538,0.30674,-0.00208,1.00000,0.31210,90.004,0.035,7
195.4660,1.00446,0.31507,-0.00208,1.00000,0.31960,90.004,0.034,7
195.5160,1.00362,0.32332,-0.00208,1.00000,0.32710,90.004,0.034,7
195.5660,1.00284,0.33151,-0.00208,1.00000,0.33460,90.003,0.033,7
195.6160,1.00214,0.33962,-0.00208,1.00000,0.34210,90.003,0.032,7
195.6660,1.00152,0.34769,-0.00208,1.00000,0.34960,90.003,0.032,7
195.7160,1.00094,0.35569,-0.00208,1.00000,0.35710,90.003,0.031,7
195.7660,1.00043,0.36363,-0.00208,1.00000,0.36460,90.002,0.031,7
195.8160,0.99998,0.37153,-0.00208,1.00000,0.37210,90.002,0.031,7
195.8660,0.99958,0.37938,-0.00208,1.00000,0.37960,90.002,0.030,7
195.9160,0.99922,0.38717,-0.00208,1.00000,0.38710,90.003,0.030,7
195.9660,0.99892,0.39493,-0.00208,1.00000,0.39460,90.003,0.030,7
196.0160,0.99865,0.40265,-0.00208,1.00000,0.40210,90.003,0.030,7
196.0660,0.99843,0.41034,-0.00208,1.00000,0.40960,90.004,0.030,7
196.1160,0.99824,0.41800,-0.00208,1.00000,0.41710,90.004,0.030,7
196.1660,0.99808,0.42562,-0.00208,1.00000,0.42460,90.005,0.029,7
196.2160,0.99795,0.43322,-0.00208,1.00000,0.43210,90.005,0.029,7
196.2660,0.99787,0.44080,-0.00208,1.00000,0.43960,90.006,0.029,7
196.3160,0.99780,0.44836,-0.00208,1.00000,0.44710,90.006,0.029,7
196.3660,0.99775,0.45590,-0.00208,1.00000,0.45460,90.007,0.029,7
196.4160,0.99772,0.46342,-0.00209,1.00000,0.46210,90.008,0.029,7
196.4660,0.99770,0.47092,-0.00209,1.00000,0.46960,90.009,0.030,7
196.5160,0.99769,0.47842,-0.00209,1.00000,0.47710,90.009,0.029,7
196.5660,0.99770,0.48590,-0.00209,1.00000,0.48460,90.010,0.029,7
196.6160,0.99773,0.49337,-0.00209,1.00000,0.49210,90.010,0.029,7
196.6660,0.99777,0.50084,-0.00209,1.00000,0.49960,90.011,0.029,7
196.7160,0.99781,0.50830,-0.00209,1.00000,0.50710,90.011,0.029,7
196.7660,0.99786,0.51577,-0.00209,1.00000,0.51460,90.012,0.029,7
196.8160,0.99792,0.52322,-0.00209,1.00000,0.52210,90.013,0.029,7
196.8660,0.99798,0.53067,-0.00209,1.00000,0.52960,90.013,0.029,7
196.9160,0.99805,0.53812,-0.00209,1.00000,0.53710,90.013,0.029,7
196.9660,0.99812,0.54558,-0.00209,1.00000,0.54460,90.014,0.029,7
197.0160,0.99819,0.55303,-0.00209,1.00000,0.55210,90.014,0.029,7
197.0660,0.99827,0.56048,-0.00209,1.00000,0.55960,90.014,0.029,7
197.1160,0.99835,0.56793,-0.00209,1.00000,0.56710,90.015,0.029,7
197.1660,0.99842,0.57539,-0.00209,1.00000,0.57460,90.015,0.029,7
197.2160,0.99850,0.58284,-0.00209,1.00000,0.58210,90.016,0.029,7
197.2660,0.99858,0.59030,-0.00209,1.00000,0.58960,90.016,0.029,7
197.3160,0.99866,0.59777,-0.00209,1.00000,0.59710,90.017,0.029,7
197.3660,0.99873,0.60523,-0.00209,1.00000,0.60460,90.017,0.029,7
197.4160,0.99881,0.61270,-0.00209,1.00000,0.61210,90.017,0.029,7
197.4660,0.99888,0.62017,-0.00209,1.00000,0.61960,90.018,0.029,7
197.5160,0.99894,0.62764,-0.00209,1.00000,0.62710,90.018,0.029,7
197.5660,0.99901,0.63511,-0.00209,1.00000,0.63460,90.019,0.029,7
197.6160,0.99906,0.64258,-0.00209,1.00000,0.64210,90.019,0.029,7
197.6660,0.99913,0.65006,-0.00209,1.00000,0.64960,90.019,0.029,7
197.7160,0.99918,0.65754,-0.00209,1.00000,0.65710,90.019,0.029,7
197.7660,0.99923,0.66502,-0.00209,1.00000,0.66460,90.020,0.029,7
197.8160,0.99927,0.67249,-0.00209,1.00000,0.67210,90.020,0.029,7
197.8660,0.99930,0.67997,-0.00209,1.00000,0.67960,90.020,0.029,7
197.9160,0.99934,0.68745,-0.00209,1.00000,0.68710,90.019,0.029,7
197.9660,0.99938,0.69494,-0.00209,1.00000,0.69460,90.020,0.029,7
198.0160,0.99942,0.70243,-0.00209,1.00000,0.70210,90.020,0.029,7
198.0660,0.99944,0.70991,-0.00209,1.00000,0.70960,90.020,0.029,7
198.1160,0.99947,0.71741,-0.00209,1.00000,0.71710,90.020,0.029,7
198.1660,0.99951,0.72491,-0.00209,1.00000,0.72460,90.020,0.029,7
198.2160,0.99954,0.73241,-0.00209,1.00000,0.73210,90.020,0.029,7
198.2660,0.99957,0.73990,-0.00209,1.00000,0.73960,90.021,0.029,7
198.3160,0.99959,0.74740,-0.00209,1.00000,0.74710,90.021,0.029,7
198.3660,0.99960,0.75489,-0.00209,1.00000,0.75460,90.021,0.030,7
198.4160,0.99962,0.76239,-0.00209,1.00000,0.76210,90.021,0.030,7
198.4660,0.99964,0.76989,-0.00209,1.00000,0.76960,90.021,0.030,7
198.5160,0.99965,0.77739,-0.00209,1.00000,0.77710,90.021,0.030,7
198.5660,0.99965,0.78488,-0.00209,1.00000,0.78460,90.021,0.030,7
198.6160,0.99966,0.79238,-0.00209,1.00000,0.79210,90.021,0.030,7
198.6660,0.99966,0.79988,-0.00209,1.00000,0.79960,90.021,0.030,7
198.7160,0.99967,0.80738,-0.00209,1.00000,0.80710,90.021,0.030,7
198.7660,0.99968,0.81489,-0.00209,1.00000,0.81460,90.021,0.030,7
198.8160,0.99967,0.82238,-0.00209,1.00000,0.82210,90.021,0.030,7
198.8660,0.99968,0.82988,-0.00209,1.00000,0.82960,90.021,0.030,7
198.9160,0.99967,0.83738,-0.00209,1.00000,0.83710,90.021,0.030,7
198.9660,0.99967,0.84488,-0.00209,1.00000,0.84460,90.020,0.030,7
199.0160,0.99968,0.85238,-0.00209,1.00000,0.85210,90.020,0.030,7
199.0660,0.99967,0.85988,-0.00209,1.00000,0.85960,90.021,0.030,7
199.1160,0.99967,0.86738,-0.00209,1.00000,0.86710,90.020,0.030,7
199.1660,0.99967,0.87488,-0.00209,1.00000,0.87460,90.020,0.030,7
199.2160,0.99967,0.88239,-0.00209,1.00000,0.88210,90.020,0.030,7
199.2660,0.99967,0.88989,-0.00209,1.00000,0.88960,90.020,0.030,7
199.3160,0.99966,0.89739,-0.00209,1.00000,0.89710,90.021,0.030,7
199.3660,0.99966,0.90489,-0.00209,1.00000,0.90460,90.020,0.030,7
199.4160,0.99965,0.91239,-0.00209,1.00000,0.91210,90.020,0.030,7
199.4660,0.99965,0.91989,-0.00209,1.00000,0.91960,90.020,0.030,7
199.5160,0.99965,0.92739,-0.00209,1.00000,0.92710,90.020,0.030,7
199.5660,0.99964,0.93489,-0.00209,1.00000,0.93460,90.020,0.030,7
199.6160,0.99964,0.94239,-0.00209,1.00000,0.94210,90.020,0.030,7
199.6660,0.99963,0.94989,-0.00209,1.00000,0.94960,90.020,0.030,7
199.7160,0.99963,0.95740,-0.00209,1.00000,0.95710,90.020,0.030,7
199.7660,0.99963,0.96490,-0.00209,1.00000,0.96460,90.021,0.030,7
199.8160,0.99963,0.97240,-0.00209,1.00000,0.97210,90.021,0.030,7
199.8660,0.99963,0.97990,-0.00209,1.00000,0.97960,90.021,0.030,7
199.9160,0.99962,0.98740,-0.00209,1.00000,0.98710,90.021,0.030,7
199.9660,0.99962,0.99490,-0.00209,1.00000,0.99460,90.020,0.030,7
200.0160,0.99957,1.00234,-0.00209,0.99790,1.00000,90.105,0.031,7
200.0660,0.99891,1.00891,-0.00209,0.99040,1.00000,91.624,0.047,7
200.1160,0.99753,1.01444,-0.00209,0.98290,1.00000,94.542,0.050,7
200.1660,0.99546,1.01902,-0.00208,0.97540,1.00000,97.832,0.043,7
200.2160,0.99273,1.02267,-0.00208,0.96790,1.00000,101.188,0.041,7
200.2660,0.98938,1.02551,-0.00208,0.96040,1.00000,104.531,0.041,7
200.3160,0.98548,1.02766,-0.00208,0.95290,1.00000,107.832,0.042,7
200.3660,0.98109,1.02922,-0.00208,0.94540,1.00000,111.088,0.043,7
200.4160,0.97624,1.03030,-0.00207,0.93790,1.00000,114.305,0.045,7
200.4660,0.97095,1.03098,-0.00207,0.93040,1.00000,117.487,0.047,7
200.5160,0.96527,1.03134,-0.00207,0.92290,1.00000,120.639,0.048,7
200.5660,0.95922,1.03147,-0.00207,0.91540,1.00000,123.767,0.049,7
200.6160,0.95282,1.03142,-0.00207,0.90790,1.00000,126.875,0.051,7
200.6660,0.94608,1.03121,-0.00206,0.90040,1.00000,129.966,0.052,7
200.7160,0.93902,1.03089,-0.00206,0.89290,1.00000,133.043,0.053,7
200.7660,0.93165,1.03047,-0.00206,0.88540,1.00000,136.107,0.053,7
200.8160,0.92399,1.02998,-0.00206,0.87790,1.00000,139.160,0.052,7
200.8660,0.91606,1.02943,-0.00206,0.87040,1.00000,142.205,0.051,7
200.9160,0.90788,1.02881,-0.00206,0.86290,1.00000,145.244,0.050,7
200.9660,0.89946,1.02813,-0.00206,0.85540,1.00000,148.278,0.048,7
201.0160,0.89082,1.02738,-0.00206,0.84790,1.00000,151.309,0.045,7
201.0660,0.88197,1.02655,-0.00206,0.84040,1.00000,154.339,0.042,7
201.1160,0.87296,1.02565,-0.00206,0.83290,1.00000,157.370,0.037,7
201.1660,0.86381,1.02468,-0.00206,0.82540,1.00000,160.404,0.033,7
201.2160,0.85453,1.02362,-0.00206,0.81790,1.00000,163.444,0.028,7
201.2660,0.84517,1.02246,-0.00206,0.81040,1.00000,166.492,0.022,7
201.3160,0.83573,1.02119,-0.00206,0.80290,1.00000,169.551,0.016,7
201.3660,0.82624,1.01980,-0.00206,0.79540,1.00000,172.619,0.009,7
201.4160,0.81673,1.01831,-0.00206,0.78790,1.00000,175.662,0.002,7
201.4660,0.80724,1.01671,-0.00206,0.78040,1.00000,178.339,-0.005,7
201.5160,0.79784,1.01507,-0.00206,0.77290,1.00000,179.360,-0.009,7
201.5660,0.78858,1.01344,-0.00206,0.76540,1.00000,179.570,-0.014,7
201.6160,0.77938,1.01188,-0.00206,0.75790,1.00000,179.675,-0.022,7
201.6660,0.77021,1.01041,-0.00206,0.75040,1.00000,179.755,-0.030,7
201.7160,0.76108,1.00904,-0.00206,0.74290,1.00000,179.810,-0.038,7
201.7660,0.75200,1.00775,-0.00206,0.73540,1.00000,179.851,-0.044,7
201.8160,0.74298,1.00655,-0.00206,0.72790,1.00000,179.885,-0.050,7
201.8660,0.73402,1.00544,-0.00206,0.72040,1.00000,179.912,-0.054,7
201.9160,0.72513,1.00443,-0.00206,0.71290,1.00000,179.934,-0.059,7
201.9660,0.71632,1.00349,-0.00206,0.70540,1.00000,179.952,-0.062,7
202.0160,0.70758,1.00265,-0.00206,0.69790,1.00000,179.966,-0.065,7
202.0660,0.69892,1.00187,-0.00206,0.69040,1.00000,179.977,-0.068,7
202.1160,0.69034,1.00119,-0.00206,0.68290,1.00000,179.985,-0.070,7
202.1660,0.68185,1.00058,-0.00206,0.67540,1.00000,179.992,-0.072,7
202.2160,0.67343,1.00003,-0.00206,0.66790,1.00000,179.998,-0.073,7
202.2660,0.66509,0.99935,-0.00206,0.66040,1.00000,-179.967,-0.075,7
202.3160,0.65697,0.99663,-0.00206,0.65290,1.00000,-179.474,-0.075,7
202.3660,0.64894,0.99482,-0.00201,0.64540,1.00000,-179.509,-0.072,7
202.4160,0.64100,0.99337,-0.00197,0.63790,1.00000,-179.622,-0.066,7
202.4660,0.63309,0.99214,-0.00193,0.63040,1.00000,-179.666,-0.066,7
202.5160,0.62520,0.99111,-0.00190,0.62290,1.00000,-179.716,-0.068,7
202.5660,0.61734,0.99027,-0.00187,0.61540,1.00000,-179.763,-0.069,7
202.6160,0.60950,0.98959,-0.00185,0.60790,1.00000,-179.801,-0.071,7
202.6660,0.60170,0.98907,-0.00183,0.60040,1.00000,-179.833,-0.072,7
202.7160,0.59392,0.98869,-0.00181,0.59290,1.00000,-179.860,-0.073,7
202.7660,0.58617,0.98844,-0.00180,0.58540,1.00000,-179.882,-0.073,7
202.8160,0.57845,0.98831,-0.00179,0.57790,1.00000,-179.901,-0.074,7
202.8660,0.57075,0.98828,-0.00178,0.57040,1.00000,-179.916,-0.075,7
202.9160,0.56307,0.98833,-0.00178,0.56290,1.00000,-179.929,-0.075,7
202.9660,0.55541,0.98846,-0.00177,0.55540,1.00000,-179.940,-0.075,7
203.0160,0.54777,0.98864,-0.00177,0.54790,1.00000,-179.949,-0.076,7
203.0660,0.54015,0.98889,-0.00177,0.54040,1.00000,-179.956,-0.076,7
203.1160,0.53254,0.98919,-0.00178,0.53290,1.00000,-179.963,-0.076,7
203.1660,0.52495,0.98954,-0.00178,0.52540,1.00000,-179.968,-0.076,7
203.2160,0.51738,0.98992,-0.00178,0.51790,1.00000,-179.972,-0.076,7
203.2660,0.50982,0.99032,-0.00179,0.51040,1.00000,-179.975,-0.076,7
203.3160,0.50226,0.99073,-0.00180,0.50290,1.00000,-179.978,-0.076,7
203.3660,0.49472,0.99117,-0.00181,0.49540,1.00000,-179.980,-0.076,7
203.4160,0.48719,0.99161,-0.00181,0.48790,1.00000,-179.982,-0.076,7
203.4660,0.47967,0.99206,-0.00182,0.48040,1.00000,-179.984,-0.076,7
203.5160,0.47215,0.99251,-0.00183,0.47290,1.00000,-179.985,-0.076,7
203.5660,0.46464,0.99295,-0.00184,0.46540,1.00000,-179.985,-0.076,7
203.6160,0.45713,0.99339,-0.00185,0.45790,1.00000,-179.986,-0.076,7
203.6660,0.44962,0.99382,-0.00186,0.45040,1.00000,-179.987,-0.075,7
203.7160,0.44213,0.99424,-0.00187,0.44290,1.00000,-179.987,-0.075,7
203.7660,0.43463,0.99466,-0.00188,0.43540,1.00000,-179.987,-0.075,7
203.8160,0.42715,0.99506,-0.00189,0.42790,1.00000,-179.987,-0.075,7
203.8660,0.41966,0.99545,-0.00190,0.42040,1.00000,-179.987,-0.075,7
203.9160,0.41218,0.99583,-0.00191,0.41290,1.00000,-179.987,-0.075,7
203.9660,0.40470,0.99618,-0.00192,0.40540,1.00000,-179.986,-0.075,7
204.0160,0.39722,0.99652,-0.00193,0.39790,1.00000,-179.986,-0.075,7
204.0660,0.38974,0.99683,-0.00194,0.39040,1.00000,-179.986,-0.075,7
204.1160,0.38225,0.99713,-0.00195,0.38290,1.00000,-179.985,-0.075,7
204.1660,0.37477,0.99741,-0.00196,0.37540,1.00000,-179.985,-0.075,7
204.2160,0.36730,0.99768,-0.00197,0.36790,1.00000,-179.985,-0.075,7
204.2660,0.35982,0.99794,-0.00198,0.36040,1.00000,-179.984,-0.075,7
204.3160,0.35234,0.99816,-0.00198,0.35290,1.00000,-179.984,-0.075,7
204.3660,0.34485,0.99836,-0.00199,0.34540,1.00000,-179.983,-0.075,7
204.4160,0.33737,0.99855,-0.00200,0.33790,1.00000,-179.983,-0.075,7
204.4660,0.32989,0.99873,-0.00201,0.33040,1.00000,-179.983,-0.075,7
204.5160,0.32240,0.99889,-0.00201,0.32290,1.00000,-179.982,-0.075,7
204.5660,0.31492,0.99904,-0.00202,0.31540,1.00000,-179.982,-0.075,7
204.6160,0.30743,0.99918,-0.00203,0.30790,1.00000,-179.982,-0.075,7
204.6660,0.29995,0.99931,-0.00203,0.30040,1.00000,-179.981,-0.075,7
204.7160,0.29246,0.99941,-0.00204,0.29290,1.00000,-179.981,-0.075,7
204.7660,0.28497,0.99950,-0.00204,0.28540,1.00000,-179.981,-0.075,7
204.8160,0.27748,0.99958,-0.00205,0.27790,1.00000,-179.980,-0.075,7
204.8660,0.26999,0.99965,-0.00205,0.27040,1.00000,-179.980,-0.075,7
204.9160,0.26250,0.99972,-0.00206,0.26290,1.00000,-179.980,-0.075,7
204.9660,0.25502,0.99979,-0.00206,0.25540,1.00000,-179.980,-0.075,7
205.0160,0.24753,0.99985,-0.00206,0.24790,1.00000,-179.979,-0.075,7
205.0660,0.24004,0.99989,-0.00207,0.24040,1.00000,-179.979,-0.075,7
205.1160,0.23255,0.99992,-0.00207,0.23290,1.00000,-179.979,-0.075,7
205.1660,0.22505,0.99994,-0.00207,0.22540,1.00000,-179.979,-0.075,7
205.2160,0.21756,0.99996,-0.00208,0.21790,1.00000,-179.979,-0.075,7
205.2660,0.21007,0.99998,-0.00208,0.21040,1.00000,-179.978,-0.075,7
205.3160,0.20257,0.99998,-0.00208,0.20290,1.00000,-179.978,-0.075,7
205.3660,0.19507,0.99998,-0.00208,0.19540,1.00000,-179.978,-0.075,7
205.4160,0.18757,0.99998,-0.00209,0.18790,1.00000,-179.978,-0.075,7
205.4660,0.18007,0.99997,-0.00209,0.18040,1.00000,-179.978,-0.075,7
205.5160,0.17257,0.99996,-0.00209,0.17290,1.00000,-179.978,-0.075,7
205.5660,0.16507,0.99995,-0.00209,0.16540,1.00000,-179.978,-0.075,7
205.6160,0.15756,0.99993,-0.00209,0.15790,1.00000,-179.978,-0.075,7
205.6660,0.15007,0.99992,-0.00209,0.15040,1.00000,-179.978,-0.075,7
205.7160,0.14257,0.99992,-0.00209,0.14290,1.00000,-179.978,-0.075,7
205.7660,0.13508,0.99991,-0.00209,0.13540,1.00000,-179.978,-0.075,7
205.8160,0.12758,0.99990,-0.00210,0.12790,1.00000,-179.978,-0.075,7
205.8660,0.12008,0.99988,-0.00210,0.12040,1.00000,-179.978,-0.075,7
205.9160,0.11257,0.99985,-0.00210,0.11290,1.00000,-179.978,-0.075,7
205.9660,0.10507,0.99983,-0.00210,0.10540,1.00000,-179.978,-0.075,7
206.0160,0.09757,0.99982,-0.00210,0.09790,1.00000,-179.978,-0.075,7
206.0660,0.09007,0.99980,-0.00210,0.09040,1.00000,-179.978,-0.075,7
206.1160,0.08258,0.99979,-0.00210,0.08290,1.00000,-179.978,-0.075,7
206.1660,0.07509,0.99979,-0.00210,0.07540,1.00000,-179.978,-0.075,7
206.2160,0.06759,0.99977,-0.00210,0.06790,1.00000,-179.977,-0.076,7
206.2660,0.06009,0.99975,-0.00210,0.06040,1.00000,-179.977,-0.076,7
206.3160,0.05258,0.99973,-0.00210,0.05290,1.00000,-179.977,-0.076,7
206.3660,0.04507,0.99970,-0.00210,0.04540,1.00000,-179.977,-0.076,7
206.4160,0.03757,0.99968,-0.00210,0.03790,1.00000,-179.978,-0.075,7
206.4660,0.03007,0.99967,-0.00210,0.03040,1.00000,-179.978,-0.075,7
206.5160,0.02257,0.99965,-0.00210,0.02290,1.00000,-179.978,-0.075,7
206.5660,0.01507,0.99964,-0.00210,0.01540,1.00000,-179.978,-0.075,7
206.6160,0.00757,0.99963,-0.00210,0.00790,1.00000,-179.978,-0.075,7
206.6660,0.00007,0.99961,-0.00210,0.00040,1.00000,-179.978,-0.075,7
206.7160,-0.00737,0.99955,-0.00210,0.00000,0.99290,-179.895,-0.074,7
206.7660,-0.01391,0.99884,-0.00210,0.00000,0.98540,-178.404,-0.057,7
206.8160,-0.01942,0.99722,-0.00209,0.00000,0.97790,-175.301,-0.053,7
206.8660,-0.02396,0.99471,-0.00209,0.00000,0.97040,-171.783,-0.060,7
206.9160,-0.02762,0.99142,-0.00209,0.00000,0.96290,-168.209,-0.064,7
206.9660,-0.03048,0.98742,-0.00209,0.00000,0.95540,-164.673,-0.065,7
207.0160,-0.03266,0.98279,-0.00209,0.00000,0.94790,-161.211,-0.066,7
207.0660,-0.03427,0.97759,-0.00209,0.00000,0.94040,-157.822,-0.066,7
207.1160,-0.03538,0.97189,-0.00209,0.00000,0.93290,-154.501,-0.066,7
207.1660,-0.03608,0.96571,-0.00209,0.00000,0.92540,-151.236,-0.066,7
207.2160,-0.03644,0.95907,-0.00209,0.00000,0.91790,-148.018,-0.067,7
207.2660,-0.03653,0.95202,-0.00209,0.00000,0.91040,-144.840,-0.068,7
207.3160,-0.03640,0.94456,-0.00209,0.00000,0.90290,-141.694,-0.070,7
207.3660,-0.03607,0.93674,-0.00209,0.00000,0.89540,-138.575,-0.072,7
207.4160,-0.03558,0.92857,-0.00209,0.00000,0.88790,-135.478,-0.074,7
207.4660,-0.03494,0.92009,-0.00209,0.00000,0.88040,-132.399,-0.077,7
207.5160,-0.03418,0.91132,-0.00209,0.00000,0.87290,-129.336,-0.080,7
207.5660,-0.03330,0.90230,-0.00208,0.00000,0.86540,-126.286,-0.083,7
207.6160,-0.03229,0.89305,-0.00208,0.00000,0.85790,-123.246,-0.087,7
207.6660,-0.03117,0.88361,-0.00208,0.00000,0.85040,-120.215,-0.091,7
207.7160,-0.02995,0.87399,-0.00208,0.00000,0.84290,-117.192,-0.095,7
207.7660,-0.02862,0.86425,-0.00208,0.00000,0.83540,-114.175,-0.099,7
207.8160,-0.02719,0.85441,-0.00208,0.00000,0.82790,-111.163,-0.103,7
207.8660,-0.02567,0.84450,-0.00208,0.00000,0.82040,-108.157,-0.106,7
207.9160,-0.02405,0.83457,-0.00208,0.00000,0.81290,-105.156,-0.109,7
207.9660,-0.02235,0.82464,-0.00207,0.00000,0.80540,-102.160,-0.112,7
208.0160,-0.02057,0.81475,-0.00207,0.00000,0.79790,-99.170,-0.113,7
208.0660,-0.01872,0.80494,-0.00207,0.00000,0.79040,-96.191,-0.114,7
208.1160,-0.01681,0.79522,-0.00207,0.00000,0.78290,-93.269,-0.115,7
208.1660,-0.01487,0.78562,-0.00207,0.00000,0.77540,-90.774,-0.115,7
208.2160,-0.01296,0.77614,-0.00207,0.00000,0.76790,-89.856,-0.116,7
208.2660,-0.01114,0.76683,-0.00206,0.00000,0.76040,-89.766,-0.115,7
208.3160,-0.00943,0.75770,-0.00206,0.00000,0.75290,-89.789,-0.113,7
208.3660,-0.00787,0.74876,-0.00206,0.00000,0.74540,-89.811,-0.111,7
208.4160,-0.00644,0.73999,-0.00206,0.00000,0.73790,-89.839,-0.108,7
208.4660,-0.00514,0.73139,-0.00206,0.00000,0.73040,-89.866,-0.106,7
208.5160,-0.00395,0.72293,-0.00206,0.00000,0.72290,-89.888,-0.104,7
208.5660,-0.00289,0.71460,-0.00206,0.00000,0.71540,-89.907,-0.102,7
208.6160,-0.00193,0.70640,-0.00206,0.00000,0.70790,-89.923,-0.100,7
208.6660,-0.00108,0.69832,-0.00207,0.00000,0.70040,-89.937,-0.099,7
208.7160,-0.00033,0.69033,-0.00207,0.00000,0.69290,-89.948,-0.097,7
208.7660,0.00034,0.68245,-0.00207,0.00000,0.68540,-89.958,-0.095,7
208.8160,0.00094,0.67465,-0.00207,0.00000,0.67790,-89.967,-0.094,7
208.8660,0.00144,0.66692,-0.00207,0.00000,0.67040,-89.974,-0.093,7
208.9160,0.00187,0.65926,-0.00207,0.00000,0.66290,-89.981,-0.092,7
208.9660,0.00224,0.65166,-0.00207,0.00000,0.65540,-89.986,-0.091,7
209.0160,0.00253,0.64410,-0.00207,0.00000,0.64790,-89.991,-0.090,7
209.0660,0.00277,0.63659,-0.00207,0.00000,0.64040,-89.995,-0.089,7
209.1160,0.00295,0.62911,-0.00208,0.00000,0.63290,-89.999,-0.088,7
209.1660,0.00309,0.62166,-0.00208,0.00000,0.62540,-90.002,-0.087,7
209.2160,0.00318,0.61424,-0.00208,0.00000,0.61790,-90.005,-0.086,7
209.2660,0.00323,0.60684,-0.00208,0.00000,0.61040,-90.008,-0.086,7
209.3160,0.00325,0.59946,-0.00208,0.00000,0.60290,-90.010,-0.085,7
209.3660,0.00324,0.59210,-0.00208,0.00000,0.59540,-90.012,-0.084,7
209.4160,0.00321,0.58474,-0.00208,0.00000,0.58790,-90.014,-0.084,7
209.4660,0.00316,0.57740,-0.00208,0.00000,0.58040,-90.015,-0.083,7
209.5160,0.00310,0.57006,-0.00208,0.00000,0.57290,-90.017,-0.083,7
209.5660,0.00301,0.56273,-0.00209,0.00000,0.56540,-90.018,-0.083,7
209.6160,0.00290,0.55539,-0.00209,0.00000,0.55790,-90.019,-0.082,7
209.6660,0.00278,0.54805,-0.00209,0.00000,0.55040,-90.020,-0.082,7
209.7160,0.00266,0.54070,-0.00209,0.00000,0.54290,-90.021,-0.082,7
209.7660,0.00252,0.53336,-0.00209,0.00000,0.53540,-90.021,-0.082,7
209.8160,0.00238,0.52601,-0.00209,0.00000,0.52790,-90.022,-0.081,7
209.8660,0.00224,0.51865,-0.00209,0.00000,0.52040,-90.022,-0.081,7
209.9160,0.00210,0.51129,-0.00209,0.00000,0.51290,-90.023,-0.081,7
209.9660,0.00195,0.50392,-0.00209,0.00000,0.50540,-90.023,-0.081,7
210.0160,0.00180,0.49654,-0.00209,0.00000,0.49790,-90.023,-0.081,7
210.0660,0.00165,0.48915,-0.00209,0.00000,0.49040,-90.023,-0.081,7
210.1160,0.00150,0.48175,-0.00209,0.00000,0.48290,-90.023,-0.080,7
210.1660,0.00136,0.47435,-0.00209,0.00000,0.47540,-90.023,-0.080,7
210.2160,0.00122,0.46694,-0.00209,0.00000,0.46790,-90.023,-0.080,7
210.2660,0.00108,0.45952,-0.00209,0.00000,0.46040,-90.023,-0.080,7
210.3160,0.00095,0.45209,-0.00209,0.00000,0.45290,-90.023,-0.080,7
210.3660,0.00083,0.44466,-0.00209,0.00000,0.44540,-90.023,-0.079,7
210.4160,0.00071,0.43722,-0.00209,0.00000,0.43790,-90.023,-0.079,7
210.4660,0.00061,0.42978,-0.00209,0.00000,0.43040,-90.023,-0.079,7
210.5160,0.00051,0.42234,-0.00209,0.00000,0.42290,-90.023,-0.079,7
210.5660,0.00042,0.41489,-0.00209,0.00000,0.41540,-90.022,-0.079,7
210.6160,0.00032,0.40743,-0.00209,0.00000,0.40790,-90.022,-0.080,7
210.6660,0.00023,0.39997,-0.00209,0.00000,0.40040,-90.022,-0.080,7
210.7160,0.00016,0.39250,-0.00209,0.00000,0.39290,-90.022,-0.080,7
210.7660,0.00009,0.38504,-0.00209,0.00000,0.38540,-90.022,-0.080,7
210.8160,0.00002,0.37756,-0.00209,0.00000,0.37790,-90.022,-0.080,7
210.8660,-0.00004,0.37009,-0.00209,0.00000,0.37040,-90.021,-0.080,7
210.9160,-0.00010,0.36261,-0.00209,0.00000,0.36290,-90.021,-0.080,7
210.9660,-0.00015,0.35513,-0.00209,0.00000,0.35540,-90.021,-0.080,7
211.0160,-0.00020,0.34764,-0.00209,0.00000,0.34790,-90.021,-0.080,7
211.0660,-0.00025,0.34014,-0.00209,0.00000,0.34040,-90.021,-0.080,7
211.1160,-0.00029,0.33265,-0.00209,0.00000,0.33290,-90.021,-0.080,7
211.1660,-0.00034,0.32515,-0.00209,0.00000,0.32540,-90.021,-0.080,7
211.2160,-0.00036,0.31766,-0.00209,0.00000,0.31790,-90.020,-0.080,7
211.2660,-0.00039,0.31017,-0.00209,0.00000,0.31040,-90.020,-0.080,7
211.3160,-0.00042,0.30266,-0.00209,0.00000,0.30290,-90.020,-0.080,7
211.3660,-0.00044,0.29516,-0.00209,0.00000,0.29540,-90.020,-0.080,7
211.4160,-0.00047,0.28766,-0.00209,0.00000,0.28790,-90.020,-0.080,7
211.4660,-0.00048,0.28016,-0.00209,0.00000,0.28040,-90.020,-0.080,7
211.5160,-0.00050,0.27266,-0.00209,0.00000,0.27290,-90.020,-0.081,7
211.5660,-0.00051,0.26515,-0.00209,0.00000,0.26540,-90.020,-0.080,7
211.6160,-0.00052,0.25765,-0.00209,0.00000,0.25790,-90.020,-0.081,7
211.6660,-0.00053,0.25014,-0.00209,0.00000,0.25040,-90.020,-0.081,7
211.7160,-0.00054,0.24264,-0.00209,0.00000,0.24290,-90.019,-0.080,7
211.7660,-0.00054,0.23513,-0.00209,0.00000,0.23540,-90.019,-0.080,7
211.8160,-0.00055,0.22763,-0.00209,0.00000,0.22790,-90.019,-0.080,7
211.8660,-0.00055,0.22012,-0.00209,0.00000,0.22040,-90.019,-0.080,7
211.9160,-0.00055,0.21262,-0.00209,0.00000,0.21290,-90.019,-0.080,7
211.9660,-0.00055,0.20511,-0.00209,0.00000,0.20540,-90.019,-0.080,7
212.0160,-0.00055,0.19761,-0.00209,0.00000,0.19790,-90.019,-0.080,7
212.0660,-0.00054,0.19010,-0.00209,0.00000,0.19040,-90.019,-0.080,7
212.1160,-0.00055,0.18260,-0.00209,0.00000,0.18290,-90.019,-0.081,7
212.1660,-0.00054,0.17509,-0.00209,0.00000,0.17540,-90.019,-0.080,7
212.2160,-0.00055,0.16758,-0.00209,0.00000,0.16790,-90.019,-0.080,7
212.2660,-0.00054,0.16008,-0.00209,0.00000,0.16040,-90.019,-0.080,7
212.3160,-0.00054,0.15257,-0.00209,0.00000,0.15290,-90.019,-0.080,7
212.3660,-0.00053,0.14507,-0.00209,0.00000,0.14540,-90.019,-0.080,7
212.4160,-0.00052,0.13757,-0.00209,0.00000,0.13790,-90.019,-0.080,7
212.4660,-0.00051,0.13007,-0.00209,0.00000,0.13040,-90.019,-0.080,7
212.5160,-0.00051,0.12257,-0.00209,0.00000,0.12290,-90.019,-0.080,7
212.5660,-0.00050,0.11507,-0.00209,0.00000,0.11540,-90.019,-0.080,7
212.6160,-0.00048,0.10757,-0.00209,0.00000,0.10790,-90.019,-0.080,7
212.6660,-0.00047,0.10008,-0.00209,0.00000,0.10040,-90.019,-0.080,7
212.7160,-0.00047,0.09257,-0.00209,0.00000,0.09290,-90.019,-0.081,7
212.7660,-0.00046,0.08507,-0.00209,0.00000,0.08540,-90.019,-0.081,7
212.8160,-0.00045,0.07758,-0.00209,0.00000,0.07790,-90.019,-0.081,7
212.8660,-0.00045,0.07007,-0.00209,0.00000,0.07040,-90.019,-0.081,7
212.9160,-0.00045,0.06257,-0.00209,0.00000,0.06290,-90.019,-0.081,7
212.9660,-0.00045,0.05507,-0.00209,0.00000,0.05540,-90.019,-0.081,7
213.0160,-0.00045,0.04756,-0.00209,0.00000,0.04790,-90.019,-0.081,7
213.0660,-0.00045,0.04006,-0.00209,0.00000,0.04040,-90.019,-0.081,7
213.1160,-0.00045,0.03256,-0.00209,0.00000,0.03290,-90.019,-0.081,7
213.1660,-0.00045,0.02506,-0.00209,0.00000,0.02540,-90.019,-0.080,7
213.2160,-0.00045,0.01755,-0.00209,0.00000,0.01790,-90.019,-0.080,7
213.2660,-0.00045,0.01005,-0.00209,0.00000,0.01040,-90.019,-0.080,7
213.3160,-0.00045,0.00255,-0.00209,0.00000,0.00290,-90.019,-0.080,7
213.3660,-0.00039,-0.00488,-0.00209,0.00460,0.00000,-89.932,-0.079,8
213.4160,0.00031,-0.01137,-0.00209,0.01210,0.00000,-88.374,-0.064,8
213.4660,0.00192,-0.01675,-0.00209,0.01960,0.00000,-85.350,-0.063,8
213.5160,0.00444,-0.02120,-0.00209,0.02710,0.00000,-81.979,-0.074,8
213.5660,0.00780,-0.02487,-0.00209,0.03460,0.00000,-78.560,-0.083,8
213.6160,0.01192,-0.02787,-0.00208,0.04210,0.00000,-75.163,-0.090,8
213.6660,0.01670,-0.03031,-0.00208,0.04960,0.00000,-71.818,-0.096,8
213.7160,0.02209,-0.03224,-0.00208,0.05710,0.00000,-68.524,-0.099,8
213.7660,0.02804,-0.03374,-0.00208,0.06460,0.00000,-65.275,-0.101,8
213.8160,0.03448,-0.03488,-0.00208,0.07210,0.00000,-62.066,-0.101,8
213.8660,0.04137,-0.03570,-0.00208,0.07960,0.00000,-58.889,-0.101,8
213.9160,0.04869,-0.03625,-0.00208,0.08710,0.00000,-55.740,-0.100,8
213.9660,0.05637,-0.03657,-0.00208,0.09460,0.00000,-52.614,-0.098,8
214.0160,0.06440,-0.03668,-0.00208,0.10210,0.00000,-49.506,-0.096,8
214.0660,0.07274,-0.03662,-0.00208,0.10960,0.00000,-46.415,-0.094,8
214.1160,0.08135,-0.03640,-0.00208,0.11710,0.00000,-43.336,-0.091,8
214.1660,0.09020,-0.03605,-0.00208,0.12460,0.00000,-40.269,-0.088,8
214.2160,0.09927,-0.03555,-0.00208,0.13210,0.00000,-37.211,-0.084,8
214.2660,0.10852,-0.03494,-0.00208,0.13960,0.00000,-34.161,-0.081,8
214.3160,0.11791,-0.03422,-0.00208,0.14710,0.00000,-31.117,-0.078,8
214.3660,0.12742,-0.03338,-0.00208,0.15460,0.00000,-28.078,-0.074,8
214.4160,0.13701,-0.03243,-0.00208,0.16210,0.00000,-25.042,-0.070,8
214.4660,0.14666,-0.03138,-0.00208,0.16960,0.00000,-22.010,-0.066,8
214.5160,0.15633,-0.03022,-0.00208,0.17710,0.00000,-18.979,-0.061,8
214.5660,0.16601,-0.02895,-0.00208,0.18460,0.00000,-15.949,-0.057,8
214.6160,0.17566,-0.02758,-0.00208,0.19210,0.00000,-12.919,-0.053,8
214.6660,0.18527,-0.02611,-0.00208,0.19960,0.00000,-9.887,-0.048,8
214.7160,0.19480,-0.02455,-0.00208,0.20710,0.00000,-6.858,-0.043,8
214.7660,0.20425,-0.02290,-0.00208,0.21460,0.00000,-3.874,-0.039,8
214.8160,0.21359,-0.02118,-0.00208,0.22210,0.00000,-1.297,-0.034,8
214.8660,0.22283,-0.01940,-0.00208,0.22960,0.00000,-0.320,-0.031,8
214.9160,0.23192,-0.01755,-0.00208,0.23710,0.00000,-0.162,-0.025,8
214.9660,0.24085,-0.01573,-0.00208,0.24460,0.00000,-0.116,-0.019,8
215.0160,0.24962,-0.01400,-0.00208,0.25210,0.00000,-0.085,-0.013,8
215.0660,0.25822,-0.01239,-0.00209,0.25960,0.00000,-0.071,-0.008,8
215.1160,0.26668,-0.01087,-0.00209,0.26710,0.00000,-0.063,-0.004,8
215.1660,0.27500,-0.00946,-0.00209,0.27460,0.00000,-0.056,0.000,8
215.2160,0.28321,-0.00816,-0.00209,0.28210,0.00000,-0.051,0.004,8
215.2660,0.29130,-0.00695,-0.00209,0.28960,0.00000,-0.048,0.007,8
215.3160,0.29928,-0.00584,-0.00209,0.29710,0.00000,-0.045,0.009,8
215.3660,0.30719,-0.00482,-0.00209,0.30460,0.00000,-0.043,0.011,8
215.4160,0.31501,-0.00388,-0.00209,0.31210,0.00000,-0.041,0.013,8
215.4660,0.32275,-0.00303,-0.00209,0.31960,0.00000,-0.040,0.015,8
215.5160,0.33042,-0.00228,-0.00209,0.32710,0.00000,-0.040,0.017,8
215.5660,0.33803,-0.00161,-0.00209,0.33460,0.00000,-0.039,0.018,8
215.6160,0.34560,-0.00100,-0.00209,0.34210,0.00000,-0.038,0.018,8
215.6660,0.35313,-0.00044,-0.00210,0.34960,0.00000,-0.037,0.019,8
215.7160,0.36062,0.00004,-0.00210,0.35710,0.00000,-0.037,0.020,8
215.7660,0.36807,0.00046,-0.00210,0.36460,0.00000,-0.037,0.021,8
215.8160,0.37550,0.00082,-0.00210,0.37210,0.00000,-0.037,0.022,8
215.8660,0.38291,0.00112,-0.00210,0.37960,0.00000,-0.036,0.022,8
215.9160,0.39030,0.00139,-0.00210,0.38710,0.00000,-0.036,0.023,8
215.9660,0.39767,0.00160,-0.00210,0.39460,0.00000,-0.036,0.023,8
216.0160,0.40503,0.00178,-0.00210,0.40210,0.00000,-0.035,0.023,8
216.0660,0.41239,0.00192,-0.00210,0.40960,0.00000,-0.035,0.024,8
216.1160,0.41974,0.00202,-0.00210,0.41710,0.00000,-0.035,0.024,8
216.1660,0.42710,0.00210,-0.00210,0.42460,0.00000,-0.034,0.024,8
216.2160,0.43445,0.00215,-0.00210,0.43210,0.00000,-0.034,0.025,8
216.2660,0.44179,0.00217,-0.00210,0.43960,0.00000,-0.034,0.025,8
216.3160,0.44915,0.00218,-0.00210,0.44710,0.00000,-0.033,0.025,8
216.3660,0.45650,0.00216,-0.00210,0.45460,0.00000,-0.033,0.025,8
216.4160,0.46386,0.00212,-0.00210,0.46210,0.00000,-0.033,0.026,8
216.4660,0.47123,0.00207,-0.00210,0.46960,0.00000,-0.032,0.026,8
216.5160,0.47860,0.00200,-0.00210,0.47710,0.00000,-0.032,0.026,8
216.5660,0.48597,0.00193,-0.00210,0.48460,0.00000,-0.031,0.026,8
216.6160,0.49336,0.00185,-0.00210,0.49210,0.00000,-0.031,0.026,8
216.6660,0.50075,0.00176,-0.00210,0.49960,0.00000,-0.030,0.026,8
216.7160,0.50815,0.00166,-0.00210,0.50710,0.00000,-0.030,0.026,8
216.7660,0.51555,0.00157,-0.00210,0.51460,0.00000,-0.029,0.026,8
216.8160,0.52296,0.00146,-0.00210,0.52210,0.00000,-0.029,0.026,8
216.8660,0.53038,0.00136,-0.00210,0.52960,0.00000,-0.028,0.026,8
216.9160,0.53780,0.00124,-0.00210,0.53710,0.00000,-0.028,0.026,8
216.9660,0.54524,0.00114,-0.00210,0.54460,0.00000,-0.027,0.026,8
217.0160,0.55267,0.00103,-0.00209,0.55210,0.00000,-0.026,0.026,8
217.0660,0.56012,0.00093,-0.00209,0.55960,0.00000,-0.026,0.026,8
217.1160,0.56757,0.00083,-0.00209,0.56710,0.00000,-0.025,0.026,8
217.1660,0.57503,0.00074,-0.00209,0.57460,0.00000,-0.025,0.026,8
217.2160,0.58250,0.00066,-0.00209,0.58210,0.00000,-0.025,0.026,8
217.2660,0.58997,0.00058,-0.00209,0.58960,0.00000,-0.025,0.027,8
217.3160,0.59744,0.00048,-0.00209,0.59710,0.00000,-0.025,0.027,8
217.3660,0.60491,0.00040,-0.00209,0.60460,0.00000,-0.024,0.027,8
217.4160,0.61239,0.00032,-0.00209,0.61210,0.00000,-0.024,0.027,8
217.4660,0.61987,0.00025,-0.00209,0.61960,0.00000,-0.024,0.027,8
217.5160,0.62736,0.00017,-0.00209,0.62710,0.00000,-0.024,0.027,8
217.5660,0.63484,0.00011,-0.00209,0.63460,0.00000,-0.024,0.027,8
217.6160,0.64234,0.00005,-0.00209,0.64210,0.00000,-0.023,0.027,8
217.6660,0.64983,-0.00002,-0.00209,0.64960,0.00000,-0.023,0.027,8
217.7160,0.65732,-0.00008,-0.00209,0.65710,0.00000,-0.023,0.027,8
217.7660,0.66481,-0.00013,-0.00209,0.66460,0.00000,-0.022,0.027,8
217.8160,0.67231,-0.00018,-0.00209,0.67210,0.00000,-0.022,0.027,8
217.8660,0.67980,-0.00023,-0.00209,0.67960,0.00000,-0.022,0.027,8
217.9160,0.68730,-0.00027,-0.00209,0.68710,0.00000,-0.022,0.027,8
217.9660,0.69481,-0.00030,-0.00209,0.69460,0.00000,-0.022,0.027,8
218.0160,0.70231,-0.00034,-0.00209,0.70210,0.00000,-0.022,0.027,8
218.0660,0.70981,-0.00038,-0.00209,0.70960,0.00000,-0.021,0.027,8
218.1160,0.71731,-0.00040,-0.00209,0.71710,0.00000,-0.021,0.027,8
218.1660,0.72482,-0.00042,-0.00209,0.72460,0.00000,-0.021,0.027,8
218.2160,0.73232,-0.00044,-0.00209,0.73210,0.00000,-0.021,0.027,8
218.2660,0.73982,-0.00047,-0.00209,0.73960,0.00000,-0.021,0.027,8
218.3160,0.74732,-0.00049,-0.00209,0.74710,0.00000,-0.021,0.027,8
218.3660,0.75483,-0.00050,-0.00209,0.75460,0.00000,-0.021,0.027,8
218.4160,0.76233,-0.00052,-0.00209,0.76210,0.00000,-0.021,0.027,8
218.4660,0.76984,-0.00053,-0.00209,0.76960,0.00000,-0.021,0.027,8
218.5160,0.77734,-0.00053,-0.00209,0.77710,0.00000,-0.021,0.027,8
218.5660,0.78485,-0.00054,-0.00209,0.78460,0.00000,-0.021,0.027,8
218.6160,0.79235,-0.00055,-0.00209,0.79210,0.00000,-0.021,0.027,8
218.6660,0.79986,-0.00054,-0.00209,0.79960,0.00000,-0.021,0.027,8
218.7160,0.80736,-0.00055,-0.00209,0.80710,0.00000,-0.021,0.027,8
218.7660,0.81487,-0.00054,-0.00209,0.81460,0.00000,-0.021,0.027,8
218.8160,0.82237,-0.00055,-0.00209,0.82210,0.00000,-0.021,0.027,8
218.8660,0.82987,-0.00056,-0.00209,0.82960,0.00000,-0.021,0.027,8
218.9160,0.83737,-0.00057,-0.00209,0.83710,0.00000,-0.021,0.027,8
218.9660,0.84487,-0.00057,-0.00209,0.84460,0.00000,-0.021,0.027,8
219.0160,0.85237,-0.00057,-0.00209,0.85210,0.00000,-0.021,0.027,8
219.0660,0.85988,-0.00056,-0.00209,0.85960,0.00000,-0.021,0.027,8
219.1160,0.86738,-0.00055,-0.00209,0.86710,0.00000,-0.021,0.027,8
219.1660,0.87488,-0.00056,-0.00209,0.87460,0.00000,-0.021,0.027,8
219.2160,0.88238,-0.00055,-0.00209,0.88210,0.00000,-0.021,0.027,8
219.2660,0.88989,-0.00054,-0.00209,0.88960,0.00000,-0.021,0.027,8
219.3160,0.89739,-0.00054,-0.00209,0.89710,0.00000,-0.021,0.027,8
219.3660,0.90489,-0.00054,-0.00209,0.90460,0.00000,-0.021,0.027,8
219.4160,0.91239,-0.00053,-0.00209,0.91210,0.00000,-0.021,0.027,8
219.4660,0.91989,-0.00053,-0.00209,0.91960,0.00000,-0.021,0.027,8
219.5160,0.92739,-0.00053,-0.00209,0.92710,0.00000,-0.021,0.027,8
219.5660,0.93489,-0.00053,-0.00209,0.93460,0.00000,-0.021,0.027,8
219.6160,0.94239,-0.00053,-0.00209,0.94210,0.00000,-0.021,0.026,8
219.6660,0.94989,-0.00053,-0.00209,0.94960,0.00000,-0.021,0.026,8
219.7160,0.95739,-0.00052,-0.00209,0.95710,0.00000,-0.021,0.026,8
219.7660,0.96490,-0.00051,-0.00209,0.96460,0.00000,-0.021,0.026,8
219.8160,0.97240,-0.00050,-0.00209,0.97210,0.00000,-0.021,0.026,8
219.8660,0.97990,-0.00049,-0.00209,0.97960,0.00000,-0.021,0.027,8
219.9160,0.98741,-0.00047,-0.00209,0.98710,0.00000,-0.022,0.027,8
219.9660,0.99491,-0.00047,-0.00209,0.99460,0.00000,-0.022,0.027,8
220.0160,1.00235,-0.00041,-0.00209,1.00000,0.00210,0.063,0.028,8
220.0660,1.00884,0.00024,-0.00209,1.00000,0.00960,1.584,0.044,8
220.1160,1.01420,0.00163,-0.00209,1.00000,0.01710,4.513,0.043,8
220.1660,1.01858,0.00375,-0.00209,1.00000,0.02460,7.796,0.032,8
220.2160,1.02215,0.00661,-0.00208,1.00000,0.03210,11.133,0.023,8
220.2660,1.02501,0.01016,-0.00208,1.00000,0.03960,14.459,0.016,8
220.3160,1.02727,0.01433,-0.00208,1.00000,0.04710,17.746,0.011,8
220.3660,1.02903,0.01907,-0.00208,1.00000,0.05460,20.994,0.008,8
220.4160,1.03036,0.02434,-0.00208,1.00000,0.06210,24.204,0.006,8
220.4660,1.03134,0.03006,-0.00207,1.00000,0.06960,27.383,0.005,8
220.5160,1.03202,0.03622,-0.00207,1.00000,0.07710,30.535,0.005,8
220.5660,1.03248,0.04279,-0.00207,1.00000,0.08460,33.664,0.005,8
220.6160,1.03274,0.04971,-0.00207,1.00000,0.09210,36.774,0.007,8
220.6660,1.03285,0.05697,-0.00207,1.00000,0.09960,39.867,0.008,8
220.7160,1.03282,0.06453,-0.00207,1.00000,0.10710,42.947,0.011,8
220.7660,1.03269,0.07238,-0.00207,1.00000,0.11460,46.015,0.013,8
220.8160,1.03247,0.08050,-0.00207,1.00000,0.12210,49.073,0.015,8
220.8660,1.03217,0.08885,-0.00207,1.00000,0.12960,52.124,0.018,8
220.9160,1.03178,0.09741,-0.00207,1.00000,0.13710,55.169,0.021,8
220.9660,1.03132,0.10616,-0.00207,1.00000,0.14460,58.210,0.023,8
221.0160,1.03080,0.11507,-0.00207,1.00000,0.15210,61.248,0.026,8
221.0660,1.03019,0.12412,-0.00207,1.00000,0.15960,64.286,0.028,8
221.1160,1.02950,0.13328,-0.00207,1.00000,0.16710,67.325,0.031,8
221.1660,1.02873,0.14254,-0.00207,1.00000,0.17460,70.367,0.034,8
221.2160,1.02787,0.15186,-0.00207,1.00000,0.18210,73.414,0.036,8
221.2660,1.02691,0.16123,-0.00207,1.00000,0.18960,76.469,0.038,8
221.3160,1.02585,0.17062,-0.00207,1.00000,0.19710,79.533,0.040,8
221.3660,1.02468,0.18001,-0.00207,1.00000,0.20460,82.607,0.042,8
221.4160,1.02340,0.18939,-0.00207,1.00000,0.21210,85.649,0.043,8
221.4660,1.02199,0.19873,-0.00207,1.00000,0.21960,88.305,0.044,8
221.5160,1.02047,0.20796,-0.00207,1.00000,0.22710,89.348,0.046,8
221.5660,1.01882,0.21705,-0.00207,1.00000,0.23460,89.573,0.048,8
221.6160,1.01717,0.22605,-0.00207,1.00000,0.24210,89.677,0.048,8
221.6660,1.01556,0.23499,-0.00207,1.00000,0.24960,89.754,0.046,8
221.7160,1.01403,0.24387,-0.00207,1.00000,0.25710,89.805,0.044,8
221.7660,1.01258,0.25269,-0.00207,1.00000,0.26460,89.843,0.042,8
221.8160,1.01120,0.26144,-0.00207,1.00000,0.27210,89.874,0.041,8
221.8660,1.00990,0.27013,-0.00207,1.00000,0.27960,89.899,0.040,8
221.9160,1.00869,0.27874,-0.00207,1.00000,0.28710,89.918,0.038,8
221.9660,1.00755,0.28727,-0.00207,1.00000,0.29460,89.934,0.037,8
222.0160,1.00649,0.29574,-0.00208,1.00000,0.30210,89.947,0.036,8
222.0660,1.00551,0.30413,-0.00208,1.00000,0.30960,89.957,0.035,8
222.1160,1.00460,0.31245,-0.00208,1.00000,0.31710,89.965,0.034,8
222.1660,1.00378,0.32072,-0.00208,1.00000,0.32460,89.972,0.034,8
222.2160,1.00303,0.32891,-0.00208,1.00000,0.33210,89.978,0.033,8
222.2660,1.00233,0.33703,-0.00208,1.00000,0.33960,89.983,0.033,8
222.3160,1.00169,0.34508,-0.00208,1.00000,0.34710,89.986,0.033,8
222.3660,1.00111,0.35309,-0.00208,1.00000,0.35460,89.989,0.032,8
222.4160,1.00060,0.36104,-0.00208,1.00000,0.36210,89.992,0.032,8
222.4660,1.00014,0.36893,-0.00208,1.00000,0.36960,89.994,0.032,8
222.5160,0.99974,0.37678,-0.00208,1.00000,0.37710,89.996,0.031,8
222.5660,0.99938,0.38459,-0.00208,1.00000,0.38460,89.997,0.031,8
222.6160,0.99906,0.39235,-0.00208,1.00000,0.39210,89.999,0.031,8
222.6660,0.99879,0.40007,-0.00208,1.00000,0.39960,90.000,0.031,8
222.7160,0.99856,0.40776,-0.00208,1.00000,0.40710,90.001,0.031,8
222.7660,0.99836,0.41542,-0.00208,1.00000,0.41460,90.002,0.030,8
222.8160,0.99819,0.42305,-0.00208,1.00000,0.42210,90.003,0.030,8
222.8660,0.99805,0.43065,-0.00208,1.00000,0.42960,90.004,0.030,8
222.9160,0.99794,0.43822,-0.00208,1.00000,0.43710,90.005,0.030,8
222.9660,0.99785,0.44578,-0.00208,1.00000,0.44460,90.006,0.030,8
223.0160,0.99779,0.45332,-0.00208,1.00000,0.45210,90.006,0.030,8
223.0660,0.99776,0.46085,-0.00209,1.00000,0.45960,90.007,0.030,8
223.1160,0.99774,0.46836,-0.00209,1.00000,0.46710,90.008,0.030,8
223.1660,0.99773,0.47586,-0.00209,1.00000,0.47460,90.009,0.030,8
223.2160,0.99773,0.48335,-0.00209,1.00000,0.48210,90.010,0.030,8
223.2660,0.99776,0.49083,-0.00209,1.00000,0.48960,90.010,0.030,8
223.3160,0.99779,0.49830,-0.00209,1.00000,0.49710,90.011,0.029,8
223.3660,0.99783,0.50577,-0.00209,1.00000,0.50460,90.011,0.030,8
223.4160,0.99787,0.51323,-0.00209,1.00000,0.51210,90.012,0.029,8
223.4660,0.99791,0.52068,-0.00209,1.00000,0.51960,90.012,0.029,8
223.5160,0.99798,0.52814,-0.00209,1.00000,0.52710,90.012,0.029,8
223.5660,0.99805,0.53560,-0.00209,1.00000,0.53460,90.013,0.029,8
223.6160,0.99812,0.54305,-0.00209,1.00000,0.54210,90.014,0.029,8
223.6660,0.99820,0.55051,-0.00209,1.00000,0.54960,90.014,0.029,8
223.7160,0.99827,0.55797,-0.00209,1.00000,0.55710,90.015,0.029,8
223.7660,0.99833,0.56541,-0.00209,1.00000,0.56460,90.015,0.029,8
223.8160,0.99841,0.57287,-0.00209,1.00000,0.57210,90.015,0.029,8
223.8660,0.99849,0.58034,-0.00209,1.00000,0.57960,90.016,0.029,8
223.9160,0.99856,0.58779,-0.00209,1.00000,0.58710,90.016,0.029,8
223.9660,0.99864,0.59525,-0.00209,1.00000,0.59460,90.016,0.029,8
224.0160,0.99871,0.60272,-0.00209,1.00000,0.60210,90.017,0.029,8
224.0660,0.99879,0.61019,-0.00209,1.00000,0.60960,90.017,0.029,8
224.1160,0.99887,0.61767,-0.00209,1.00000,0.61710,90.018,0.029,8
224.1660,0.99893,0.62513,-0.00209,1.00000,0.62460,90.018,0.029,8
224.2160,0.99898,0.63260,-0.00209,1.00000,0.63210,90.019,0.029,8
224.2660,0.99904,0.64008,-0.00209,1.00000,0.63960,90.019,0.029,8
224.3160,0.99909,0.64755,-0.00209,1.00000,0.64710,90.019,0.029,8
224.3660,0.99913,0.65502,-0.00209,1.00000,0.65460,90.019,0.029,8
224.4160,0.99917,0.66249,-0.00209,1.00000,0.66210,90.018,0.029,8
224.4660,0.99921,0.66997,-0.00209,1.00000,0.66960,90.018,0.028,8
224.5160,0.99925,0.67745,-0.00209,1.00000,0.67710,90.018,0.028,8
224.5660,0.99930,0.68494,-0.00209,1.00000,0.68460,90.018,0.028,8
224.6160,0.99936,0.69244,-0.00209,1.00000,0.69210,90.019,0.028,8
224.6660,0.99940,0.69993,-0.00209,1.00000,0.69960,90.019,0.029,8
224.7160,0.99943,0.70742,-0.00209,1.00000,0.70710,90.020,0.029,8
224.7660,0.99947,0.71491,-0.00209,1.00000,0.71460,90.020,0.029,8
224.8160,0.99950,0.72241,-0.00209,1.00000,0.72210,90.020,0.029,8
224.8660,0.99952,0.72990,-0.00209,1.00000,0.72960,90.020,0.029,8
224.9160,0.99954,0.73739,-0.00209,1.00000,0.73710,90.020,0.029,8
224.9660,0.99956,0.74489,-0.00209,1.00000,0.74460,90.020,0.029,8
225.0160,0.99958,0.75239,-0.00209,1.00000,0.75210,90.020,0.029,8
225.0660,0.99959,0.75988,-0.00209,1.00000,0.75960,90.020,0.029,8
225.1160,0.99960,0.76738,-0.00209,1.00000,0.76710,90.020,0.029,8
225.1660,0.99961,0.77487,-0.00209,1.00000,0.77460,90.020,0.029,8
225.2160,0.99963,0.78238,-0.00209,1.00000,0.78210,90.020,0.029,8
225.2660,0.99964,0.78988,-0.00209,1.00000,0.78960,90.020,0.029,8
225.3160,0.99965,0.79738,-0.00209,1.00000,0.79710,90.020,0.029,8
225.3660,0.99966,0.80488,-0.00209,1.00000,0.80460,90.020,0.029,8
225.4160,0.99966,0.81237,-0.00209,1.00000,0.81210,90.020,0.029,8
225.4660,0.99965,0.81987,-0.00209,1.00000,0.81960,90.020,0.029,8
225.5160,0.99964,0.82736,-0.00209,1.00000,0.82710,90.020,0.029,8
225.5660,0.99965,0.83486,-0.00209,1.00000,0.83460,90.019,0.029,8
225.6160,0.99965,0.84236,-0.00209,1.00000,0.84210,90.019,0.029,8
225.6660,0.99965,0.84986,-0.00209,1.00000,0.84960,90.019,0.029,8
225.7160,0.99964,0.85736,-0.00209,1.00000,0.85710,90.019,0.028,8
225.7660,0.99963,0.86486,-0.00209,1.00000,0.86460,90.019,0.028,8
225.8160,0.99962,0.87235,-0.00209,1.00000,0.87210,90.019,0.028,8
225.8660,0.99962,0.87985,-0.00209,1.00000,0.87960,90.018,0.028,8
225.9160,0.99962,0.88736,-0.00209,1.00000,0.88710,90.018,0.028,8
225.9660,0.99963,0.89486,-0.00209,1.00000,0.89460,90.018,0.028,8
226.0160,0.99963,0.90237,-0.00209,1.00000,0.90210,90.018,0.028,8
226.0660,0.99963,0.90987,-0.00209,1.00000,0.90960,90.019,0.028,8
226.1160,0.99963,0.91737,-0.00209,1.00000,0.91710,90.019,0.028,8
226.1660,0.99963,0.92487,-0.00209,1.00000,0.92460,90.019,0.028,8
226.2160,0.99963,0.93238,-0.00209,1.00000,0.93210,90.019,0.028,8
226.2660,0.99963,0.93988,-0.00209,1.00000,0.93960,90.019,0.028,8
226.3160,0.99963,0.94738,-0.00209,1.00000,0.94710,90.019,0.028,8
226.3660,0.99963,0.95488,-0.00209,1.00000,0.95460,90.019,0.028,8
226.4160,0.99963,0.96239,-0.00209,1.00000,0.96210,90.019,0.028,8
226.4660,0.99963,0.96989,-0.00209,1.00000,0.96960,90.019,0.028,8
226.5160,0.99963,0.97739,-0.00209,1.00000,0.97710,90.019,0.028,8
226.5660,0.99964,0.98490,-0.00209,1.00000,0.98460,90.019,0.028,8
226.6160,0.99964,0.99240,-0.00209,1.00000,0.99210,90.019,0.029,8
226.6660,0.99964,0.99991,-0.00209,1.00000,0.99960,90.019,0.029,8
226.7160,0.99959,1.00734,-0.00209,0.99290,1.00000,90.104,0.030,8
226.7660,0.99891,1.01389,-0.00209,0.98540,1.00000,91.636,0.047,8
226.8160,0.99748,1.01938,-0.00209,0.97790,1.00000,94.774,0.050,8
226.8660,0.99534,1.02389,-0.00208,0.97040,1.00000,98.323,0.042,8
226.9160,0.99252,1.02745,-0.00208,0.96290,1.00000,101.917,0.040,8
226.9660,0.98907,1.03017,-0.00208,0.95540,1.00000,105.469,0.040,8
227.0160,0.98505,1.03216,-0.00208,0.94790,1.00000,108.944,0.041,8
227.0660,0.98054,1.03357,-0.00207,0.94040,1.00000,112.344,0.042,8
227.1160,0.97554,1.03448,-0.00207,0.93290,1.00000,115.678,0.044,8
227.1660,0.97011,1.03500,-0.00207,0.92540,1.00000,118.956,0.045,8
227.2160,0.96428,1.03522,-0.00207,0.91790,1.00000,122.185,0.047,8
227.2660,0.95806,1.03519,-0.00207,0.91040,1.00000,125.375,0.048,8
227.3160,0.95146,1.03497,-0.00206,0.90290,1.00000,128.532,0.050,8
227.3660,0.94451,1.03460,-0.00206,0.89540,1.00000,131.659,0.050,8
227.4160,0.93724,1.03412,-0.00206,0.88790,1.00000,134.761,0.051,8
227.4660,0.92964,1.03355,-0.00206,0.88040,1.00000,137.843,0.051,8
227.5160,0.92175,1.03290,-0.00206,0.87290,1.00000,140.907,0.050,8
227.5660,0.91358,1.03219,-0.00206,0.86540,1.00000,143.954,0.049,8
227.6160,0.90515,1.03140,-0.00206,0.85790,1.00000,146.989,0.047,8
227.6660,0.89649,1.03055,-0.00206,0.85040,1.00000,150.011,0.045,8
227.7160,0.88760,1.02962,-0.00206,0.84290,1.00000,153.023,0.042,8
227.7660,0.87852,1.02862,-0.00206,0.83540,1.00000,156.026,0.038,8
227.8160,0.86929,1.02755,-0.00206,0.82790,1.00000,159.021,0.034,8
227.8660,0.85992,1.02638,-0.00206,0.82040,1.00000,162.010,0.029,8
227.9160,0.85043,1.02513,-0.00206,0.81290,1.00000,164.992,0.024,8
227.9660,0.84087,1.02378,-0.00206,0.80540,1.00000,167.969,0.018,8
228.0160,0.83125,1.02233,-0.00206,0.79790,1.00000,170.939,0.012,8
228.0660,0.82160,1.02077,-0.00206,0.79040,1.00000,173.899,0.005,8
228.1160,0.81194,1.01911,-0.00206,0.78290,1.00000,176.809,-0.002,8
228.1660,0.80231,1.01737,-0.00206,0.77540,1.00000,179.321,-0.008,8
228.2160,0.79287,1.01540,-0.00206,0.76790,1.00000,-179.764,-0.012,8
228.2660,0.78443,1.01140,-0.00207,0.76040,1.00000,-178.934,-0.012,8
228.3160,0.77612,1.00840,-0.00203,0.75290,1.00000,-178.830,-0.015,8
228.3660,0.76775,1.00581,-0.00198,0.74540,1.00000,-178.992,-0.013,8
228.4160,0.75929,1.00348,-0.00194,0.73790,1.00000,-179.136,-0.017,8
228.4660,0.75075,1.00142,-0.00191,0.73040,1.00000,-179.273,-0.025,8
228.5160,0.74216,0.99960,-0.00188,0.72290,1.00000,-179.392,-0.032,8
228.5660,0.73352,0.99800,-0.00186,0.71540,1.00000,-179.492,-0.039,8
228.6160,0.72486,0.99660,-0.00184,0.70790,1.00000,-179.575,-0.044,8
228.6660,0.71619,0.99541,-0.00182,0.70040,1.00000,-179.645,-0.049,8
228.7160,0.70753,0.99440,-0.00181,0.69290,1.00000,-179.703,-0.054,8
228.7660,0.69888,0.99353,-0.00180,0.68540,1.00000,-179.751,-0.057,8
228.8160,0.69025,0.99281,-0.00179,0.67790,1.00000,-179.792,-0.061,8
228.8660,0.68165,0.99223,-0.00178,0.67040,1.00000,-179.826,-0.063,8
228.9160,0.67310,0.99178,-0.00178,0.66290,1.00000,-179.854,-0.066,8
228.9660,0.66460,0.99145,-0.00178,0.65540,1.00000,-179.878,-0.068,8
229.0160,0.65614,0.99120,-0.00178,0.64790,1.00000,-179.897,-0.069,8
229.0660,0.64773,0.99105,-0.00178,0.64040,1.00000,-179.914,-0.071,8
229.1160,0.63938,0.99098,-0.00179,0.63290,1.00000,-179.928,-0.072,8
229.1660,0.63108,0.99098,-0.00179,0.62540,1.00000,-179.939,-0.073,8
229.2160,0.62283,0.99104,-0.00180,0.61790,1.00000,-179.949,-0.073,8
229.2660,0.61463,0.99116,-0.00180,0.61040,1.00000,-179.957,-0.074,8
229.3160,0.60650,0.99134,-0.00181,0.60290,1.00000,-179.963,-0.074,8
229.3660,0.59842,0.99154,-0.00182,0.59540,1.00000,-179.969,-0.075,8
229.4160,0.59038,0.99179,-0.00183,0.58790,1.00000,-179.973,-0.075,8
229.4660,0.58240,0.99206,-0.00184,0.58040,1.00000,-179.977,-0.075,8
229.5160,0.57446,0.99236,-0.00184,0.57290,1.00000,-179.980,-0.075,8
229.5660,0.56656,0.99267,-0.00185,0.56540,1.00000,-179.982,-0.076,8
229.6160,0.55871,0.99300,-0.00186,0.55790,1.00000,-179.984,-0.075,8
229.6660,0.55090,0.99333,-0.00187,0.55040,1.00000,-179.985,-0.075,8
229.7160,0.54312,0.99367,-0.00188,0.54290,1.00000,-179.986,-0.075,8
229.7660,0.53538,0.99402,-0.00189,0.53540,1.00000,-179.987,-0.075,8
229.8160,0.52767,0.99437,-0.00190,0.52790,1.00000,-179.988,-0.075,8
229.8660,0.52000,0.99472,-0.00191,0.52040,1.00000,-179.988,-0.075,8
229.9160,0.51235,0.99506,-0.00192,0.51290,1.00000,-179.988,-0.075,8
229.9660,0.50472,0.99539,-0.00193,0.50540,1.00000,-179.988,-0.075,8
230.0160,0.49711,0.99571,-0.00194,0.49790,1.00000,-179.988,-0.075,8
230.0660,0.48952,0.99602,-0.00195,0.49040,1.00000,-179.988,-0.075,8
230.1160,0.48196,0.99632,-0.00196,0.48290,1.00000,-179.988,-0.074,8
230.1660,0.47441,0.99662,-0.00197,0.47540,1.00000,-179.987,-0.074,8
230.2160,0.46687,0.99690,-0.00198,0.46790,1.00000,-179.987,-0.075,8
230.2660,0.45935,0.99715,-0.00199,0.46040,1.00000,-179.986,-0.074,8
230.3160,0.45183,0.99740,-0.00199,0.45290,1.00000,-179.986,-0.074,8
230.3660,0.44433,0.99763,-0.00200,0.44540,1.00000,-179.986,-0.074,8
230.4160,0.43683,0.99785,-0.00201,0.43790,1.00000,-179.985,-0.074,8
230.4660,0.42934,0.99806,-0.00202,0.43040,1.00000,-179.985,-0.074,8
230.5160,0.42186,0.99825,-0.00202,0.42290,1.00000,-179.984,-0.074,8
230.5660,0.41438,0.99843,-0.00203,0.41540,1.00000,-179.984,-0.074,8
230.6160,0.40689,0.99858,-0.00203,0.40790,1.00000,-179.984,-0.074,8
230.6660,0.39943,0.99874,-0.00204,0.40040,1.00000,-179.983,-0.073,8
230.7160,0.39196,0.99889,-0.00204,0.39290,1.00000,-179.983,-0.073,8
230.7660,0.38449,0.99901,-0.00205,0.38540,1.00000,-179.983,-0.073,8
230.8160,0.37702,0.99913,-0.00205,0.37790,1.00000,-179.982,-0.073,8
230.8660,0.36956,0.99924,-0.00206,0.37040,1.00000,-179.982,-0.073,8
230.9160,0.36209,0.99933,-0.00206,0.36290,1.00000,-179.982,-0.073,8
230.9660,0.35462,0.99942,-0.00207,0.35540,1.00000,-179.981,-0.073,8
231.0160,0.34716,0.99950,-0.00207,0.34790,1.00000,-179.981,-0.073,8
231.0660,0.33969,0.99957,-0.00207,0.34040,1.00000,-179.981,-0.073,8
231.1160,0.33223,0.99963,-0.00208,0.33290,1.00000,-179.981,-0.073,8
231.1660,0.32477,0.99970,-0.00208,0.32540,1.00000,-179.980,-0.073,8
231.2160,0.31730,0.99975,-0.00208,0.31790,1.00000,-179.980,-0.073,8
231.2660,0.30983,0.99979,-0.00208,0.31040,1.00000,-179.980,-0.074,8
231.3160,0.30235,0.99981,-0.00209,0.30290,1.00000,-179.979,-0.074,8
231.3660,0.29488,0.99983,-0.00209,0.29540,1.00000,-179.979,-0.073,8
231.4160,0.28740,0.99986,-0.00209,0.28790,1.00000,-179.979,-0.073,8
231.4660,0.27993,0.99988,-0.00209,0.28040,1.00000,-179.979,-0.073,8
231.5160,0.27244,0.99988,-0.00209,0.27290,1.00000,-179.979,-0.074,8
231.5660,0.26497,0.99990,-0.00209,0.26540,1.00000,-179.979,-0.073,8
231.6160,0.25748,0.99990,-0.00209,0.25790,1.00000,-179.979,-0.074,8
231.6660,0.25000,0.99990,-0.00209,0.25040,1.00000,-179.979,-0.074,8
231.7160,0.24251,0.99990,-0.00210,0.24290,1.00000,-179.978,-0.074,8
231.7660,0.23503,0.99990,-0.00210,0.23540,1.00000,-179.978,-0.074,8
231.8160,0.22754,0.99989,-0.00210,0.22790,1.00000,-179.978,-0.074,8
231.8660,0.22005,0.99989,-0.00210,0.22040,1.00000,-179.978,-0.074,8
231.9160,0.21257,0.99989,-0.00210,0.21290,1.00000,-179.978,-0.074,8
231.9660,0.20508,0.99988,-0.00210,0.20540,1.00000,-179.978,-0.075,8
232.0160,0.19758,0.99986,-0.00210,0.19790,1.00000,-179.978,-0.075,8
232.0660,0.19008,0.99984,-0.00210,0.19040,1.00000,-179.978,-0.075,8
232.1160,0.18259,0.99983,-0.00210,0.18290,1.00000,-179.978,-0.075,8
232.1660,0.17510,0.99982,-0.00210,0.17540,1.00000,-179.978,-0.075,8
232.2160,0.16760,0.99981,-0.00210,0.16790,1.00000,-179.978,-0.075,8
232.2660,0.16011,0.99980,-0.00210,0.16040,1.00000,-179.978,-0.075,8
232.3160,0.15262,0.99979,-0.00210,0.15290,1.00000,-179.978,-0.075,8
232.3660,0.14512,0.99977,-0.00210,0.14540,1.00000,-179.977,-0.075,8
232.4160,0.13762,0.99976,-0.00210,0.13790,1.00000,-179.977,-0.076,8
232.4660,0.13012,0.99975,-0.00210,0.13040,1.00000,-179.977,-0.076,8
232.5160,0.12262,0.99973,-0.00210,0.12290,1.00000,-179.977,-0.076,8
232.5660,0.11512,0.99970,-0.00210,0.11540,1.00000,-179.977,-0.076,8
232.6160,0.10761,0.99969,-0.00210,0.10790,1.00000,-179.977,-0.076,8
232.6660,0.10011,0.99966,-0.00210,0.10040,1.00000,-179.977,-0.076,8
232.7160,0.09261,0.99965,-0.00209,0.09290,1.00000,-179.978,-0.076,8
232.7660,0.08510,0.99964,-0.00209,0.08540,1.00000,-179.978,-0.076,8
232.8160,0.07760,0.99962,-0.00209,0.07790,1.00000,-179.978,-0.076,8
232.8660,0.07010,0.99961,-0.00209,0.07040,1.00000,-179.978,-0.076,8
232.9160,0.06260,0.99960,-0.00209,0.06290,1.00000,-179.978,-0.076,8
232.9660,0.05509,0.99959,-0.00209,0.05540,1.00000,-179.978,-0.076,8
233.0160,0.04759,0.99958,-0.00209,0.04790,1.00000,-179.978,-0.076,8
233.0660,0.04009,0.99957,-0.00209,0.04040,1.00000,-179.978,-0.076,8
233.1160,0.03259,0.99956,-0.00209,0.03290,1.00000,-179.978,-0.076,8
233.1660,0.02508,0.99955,-0.00209,0.02540,1.00000,-179.978,-0.076,8
233.2160,0.01758,0.99954,-0.00209,0.01790,1.00000,-179.978,-0.076,8
233.2660,0.01008,0.99953,-0.00209,0.01040,1.00000,-179.978,-0.076,8
233.3160,0.00257,0.99951,-0.00209,0.00290,1.00000,-179.978,-0.076,8
233.3660,-0.00487,0.99947,-0.00209,0.00000,0.99540,-179.895,-0.075,8
233.4160,-0.01143,0.99877,-0.00209,0.00000,0.98790,-178.411,-0.058,8
233.4660,-0.01698,0.99718,-0.00209,0.00000,0.98040,-175.412,-0.054,8
233.5160,-0.02158,0.99473,-0.00209,0.00000,0.97290,-172.021,-0.060,8
233.5660,-0.02530,0.99150,-0.00209,0.00000,0.96540,-168.568,-0.064,8
233.6160,-0.02824,0.98758,-0.00209,0.00000,0.95790,-165.137,-0.065,8
233.6660,-0.03051,0.98302,-0.00208,0.00000,0.95040,-161.763,-0.066,8
233.7160,-0.03220,0.97790,-0.00208,0.00000,0.94290,-158.447,-0.066,8
233.7660,-0.03339,0.97228,-0.00208,0.00000,0.93540,-155.184,-0.066,8
233.8160,-0.03419,0.96618,-0.00208,0.00000,0.92790,-151.967,-0.066,8
233.8660,-0.03465,0.95963,-0.00208,0.00000,0.92040,-148.788,-0.067,8
233.9160,-0.03484,0.95268,-0.00208,0.00000,0.91290,-145.640,-0.068,8
233.9660,-0.03479,0.94533,-0.00208,0.00000,0.90540,-142.518,-0.069,8
234.0160,-0.03454,0.93763,-0.00208,0.00000,0.89790,-139.418,-0.072,8
234.0660,-0.03413,0.92959,-0.00208,0.00000,0.89040,-136.334,-0.074,8
234.1160,-0.03357,0.92123,-0.00208,0.00000,0.88290,-133.266,-0.077,8
234.1660,-0.03288,0.91259,-0.00208,0.00000,0.87540,-130.208,-0.080,8
234.2160,-0.03207,0.90367,-0.00208,0.00000,0.86790,-127.160,-0.084,8
234.2660,-0.03115,0.89452,-0.00208,0.00000,0.86040,-124.119,-0.088,8
234.3160,-0.03011,0.88518,-0.00208,0.00000,0.85290,-121.083,-0.092,8
234.3660,-0.02897,0.87567,-0.00208,0.00000,0.84540,-118.051,-0.096,8
234.4160,-0.02772,0.86601,-0.00208,0.00000,0.83790,-115.022,-0.100,8
234.4660,-0.02638,0.85625,-0.00208,0.00000,0.83040,-111.993,-0.104,8
234.5160,-0.02494,0.84642,-0.00208,0.00000,0.82290,-108.964,-0.107,8
234.5660,-0.02340,0.83656,-0.00207,0.00000,0.81540,-105.934,-0.110,8
234.6160,-0.02178,0.82669,-0.00207,0.00000,0.80790,-102.903,-0.113,8
234.6660,-0.02009,0.81685,-0.00207,0.00000,0.80040,-99.869,-0.114,8
234.7160,-0.01831,0.80708,-0.00207,0.00000,0.79290,-96.835,-0.115,8
234.7660,-0.01646,0.79740,-0.00207,0.00000,0.78540,-93.846,-0.116,8
234.8160,-0.01458,0.78784,-0.00207,0.00000,0.77790,-91.270,-0.116,8
234.8660,-0.01273,0.77838,-0.00206,0.00000,0.77040,-90.272,-0.117,8
234.9160,-0.01095,0.76910,-0.00206,0.00000,0.76290,-90.107,-0.117,8
234.9660,-0.00928,0.76000,-0.00206,0.00000,0.75540,-90.067,-0.114,8
235.0160,-0.00774,0.75109,-0.00206,0.00000,0.74790,-90.039,-0.112,8
235.0660,-0.00632,0.74235,-0.00206,0.00000,0.74040,-90.027,-0.110,8
235.1160,-0.00503,0.73376,-0.00206,0.00000,0.73290,-90.020,-0.108,8
235.1660,-0.00386,0.72532,-0.00206,0.00000,0.72540,-90.014,-0.106,8
235.2160,-0.00279,0.71702,-0.00206,0.00000,0.71790,-90.011,-0.105,8
235.2660,-0.00185,0.70884,-0.00206,0.00000,0.71040,-90.008,-0.103,8
235.3160,-0.00101,0.70076,-0.00206,0.00000,0.70290,-90.006,-0.102,8
235.3660,-0.00027,0.69279,-0.00207,0.00000,0.69540,-90.006,-0.100,8
235.4160,0.00038,0.68491,-0.00207,0.00000,0.68790,-90.006,-0.098,8
235.4660,0.00095,0.67711,-0.00207,0.00000,0.68040,-90.006,-0.097,8
235.5160,0.00145,0.66939,-0.00207,0.00000,0.67290,-90.006,-0.096,8
235.5660,0.00187,0.66173,-0.00207,0.00000,0.66540,-90.007,-0.095,8
235.6160,0.00222,0.65413,-0.00207,0.00000,0.65790,-90.008,-0.094,8
235.6660,0.00251,0.64657,-0.00207,0.00000,0.65040,-90.009,-0.092,8
235.7160,0.00274,0.63906,-0.00207,0.00000,0.64290,-90.010,-0.091,8
235.7660,0.00293,0.63159,-0.00208,0.00000,0.63540,-90.011,-0.090,8
235.8160,0.00307,0.62415,-0.00208,0.00000,0.62790,-90.012,-0.089,8
235.8660,0.00316,0.61674,-0.00208,0.00000,0.62040,-90.014,-0.089,8
235.9160,0.00321,0.60934,-0.00208,0.00000,0.61290,-90.015,-0.088,8
235.9660,0.00323,0.60196,-0.00208,0.00000,0.60540,-90.016,-0.087,8
236.0160,0.00323,0.59460,-0.00208,0.00000,0.59790,-90.017,-0.087,8
236.0660,0.00320,0.58725,-0.00208,0.00000,0.59040,-90.018,-0.086,8
236.1160,0.00314,0.57990,-0.00208,0.00000,0.58290,-90.019,-0.086,8
236.1660,0.00306,0.57256,-0.00208,0.00000,0.57540,-90.020,-0.085,8
236.2160,0.00298,0.56523,-0.00209,0.00000,0.56790,-90.020,-0.085,8
236.2660,0.00287,0.55789,-0.00209,0.00000,0.56040,-90.021,-0.085,8
236.3160,0.00275,0.55054,-0.00209,0.00000,0.55290,-90.022,-0.084,8
236.3660,0.00262,0.54320,-0.00209,0.00000,0.54540,-90.022,-0.084,8
236.4160,0.00249,0.53585,-0.00209,0.00000,0.53790,-90.023,-0.083,8
236.4660,0.00235,0.52850,-0.00209,0.00000,0.53040,-90.023,-0.083,8
236.5160,0.00221,0.52115,-0.00209,0.00000,0.52290,-90.023,-0.083,8
236.5660,0.00207,0.51379,-0.00209,0.00000,0.51540,-90.024,-0.083,8
236.6160,0.00192,0.50641,-0.00209,0.00000,0.50790,-90.024,-0.083,8
236.6660,0.00178,0.49904,-0.00209,0.00000,0.50040,-90.024,-0.083,8
236.7160,0.00163,0.49165,-0.00209,0.00000,0.49290,-90.024,-0.083,8
236.7660,0.00148,0.48425,-0.00209,0.00000,0.48540,-90.024,-0.082,8
236.8160,0.00134,0.47685,-0.00209,0.00000,0.47790,-90.024,-0.082,8
236.8660,0.00121,0.46945,-0.00209,0.00000,0.47040,-90.024,-0.082,8
236.9160,0.00108,0.46203,-0.00209,0.00000,0.46290,-90.024,-0.082,8
236.9660,0.00094,0.45461,-0.00209,0.00000,0.45540,-90.024,-0.082,8
237.0160,0.00082,0.44717,-0.00209,0.00000,0.44790,-90.024,-0.082,8
237.0660,0.00070,0.43973,-0.00209,0.00000,0.44040,-90.024,-0.082,8
237.1160,0.00058,0.43229,-0.00209,0.00000,0.43290,-90.024,-0.082,8
237.1660,0.00048,0.42484,-0.00209,0.00000,0.42540,-90.023,-0.082,8
237.2160,0.00038,0.41739,-0.00209,0.00000,0.41790,-90.023,-0.081,8
237.2660,0.00028,0.40992,-0.00209,0.00000,0.41040,-90.023,-0.081,8
237.3160,0.00020,0.40246,-0.00209,0.00000,0.40290,-90.023,-0.081,8
237.3660,0.00013,0.39500,-0.00209,0.00000,0.39540,-90.023,-0.081,8
237.4160,0.00006,0.38754,-0.00209,0.00000,0.38790,-90.022,-0.082,8
237.4660,-0.00000,0.38006,-0.00209,0.00000,0.38040,-90.022,-0.082,8
237.5160,-0.00007,0.37258,-0.00209,0.00000,0.37290,-90.022,-0.082,8
237.5660,-0.00014,0.36509,-0.00209,0.00000,0.36540,-90.022,-0.082,8
237.6160,-0.00019,0.35761,-0.00209,0.00000,0.35790,-90.022,-0.082,8
237.6660,-0.00024,0.35012,-0.00209,0.00000,0.35040,-90.022,-0.082,8
237.7160,-0.00030,0.34262,-0.00209,0.00000,0.34290,-90.021,-0.082,8
237.7660,-0.00034,0.33513,-0.00209,0.00000,0.33540,-90.021,-0.081,8
237.8160,-0.00038,0.32763,-0.00209,0.00000,0.32790,-90.021,-0.081,8
237.8660,-0.00041,0.32013,-0.00209,0.00000,0.32040,-90.021,-0.081,8
237.9160,-0.00044,0.31263,-0.00209,0.00000,0.31290,-90.021,-0.081,8
237.9660,-0.00047,0.30513,-0.00209,0.00000,0.30540,-90.021,-0.081,8
238.0160,-0.00048,0.29764,-0.00209,0.00000,0.29790,-90.020,-0.081,8
238.0660,-0.00049,0.29015,-0.00209,0.00000,0.29040,-90.020,-0.082,8
238.1160,-0.00050,0.28265,-0.00209,0.00000,0.28290,-90.020,-0.082,8
238.1660,-0.00051,0.27515,-0.00209,0.00000,0.27540,-90.020,-0.082,8
238.2160,-0.00052,0.26765,-0.00209,0.00000,0.26790,-90.020,-0.082,8
238.2660,-0.00051,0.26015,-0.00209,0.00000,0.26040,-90.020,-0.082,8
238.3160,-0.00052,0.25266,-0.00209,0.00000,0.25290,-90.020,-0.082,8
238.3660,-0.00052,0.24515,-0.00209,0.00000,0.24540,-90.020,-0.083,8
238.4160,-0.00053,0.23765,-0.00209,0.00000,0.23790,-90.020,-0.083,8
238.4660,-0.00053,0.23014,-0.00209,0.00000,0.23040,-90.020,-0.083,8
238.5160,-0.00054,0.22264,-0.00209,0.00000,0.22290,-90.020,-0.083,8
238.5660,-0.00054,0.21513,-0.00209,0.00000,0.21540,-90.020,-0.083,8
238.6160,-0.00054,0.20763,-0.00209,0.00000,0.20790,-90.020,-0.083,8
238.6660,-0.00055,0.20012,-0.00209,0.00000,0.20040,-90.020,-0.083,8
238.7160,-0.00055,0.19261,-0.00209,0.00000,0.19290,-90.020,-0.083,8
238.7660,-0.00056,0.18510,-0.00209,0.00000,0.18540,-90.020,-0.083,8
238.8160,-0.00057,0.17759,-0.00209,0.00000,0.17790,-90.020,-0.083,8
238.8660,-0.00057,0.17008,-0.00209,0.00000,0.17040,-90.020,-0.082,8
238.9160,-0.00058,0.16257,-0.00209,0.00000,0.16290,-90.020,-0.082,8
238.9660,-0.00057,0.15506,-0.00209,0.00000,0.15540,-90.019,-0.082,8
239.0160,-0.00056,0.14756,-0.00209,0.00000,0.14790,-90.019,-0.082,8
239.0660,-0.00055,0.14006,-0.00209,0.00000,0.14040,-90.019,-0.082,8
239.1160,-0.00054,0.13256,-0.00209,0.00000,0.13290,-90.019,-0.082,8
239.1660,-0.00054,0.12505,-0.00209,0.00000,0.12540,-90.019,-0.082,8
239.2160,-0.00053,0.11755,-0.00209,0.00000,0.11790,-90.019,-0.082,8
239.2660,-0.00053,0.11004,-0.00209,0.00000,0.11040,-90.019,-0.082,8
239.3160,-0.00053,0.10254,-0.00209,0.00000,0.10290,-90.019,-0.081,8
239.3660,-0.00053,0.09503,-0.00209,0.00000,0.09540,-90.019,-0.081,8
239.4160,-0.00051,0.08754,-0.00209,0.00000,0.08790,-90.019,-0.081,8
239.4660,-0.00050,0.08004,-0.00209,0.00000,0.08040,-90.019,-0.081,8
239.5160,-0.00049,0.07254,-0.00209,0.00000,0.07290,-90.019,-0.081,8
239.5660,-0.00048,0.06505,-0.00209,0.00000,0.06540,-90.019,-0.081,8
239.6160,-0.00047,0.05755,-0.00209,0.00000,0.05790,-90.019,-0.081,8
239.6660,-0.00046,0.05005,-0.00209,0.00000,0.05040,-90.019,-0.082,8
239.7160,-0.00046,0.04255,-0.00209,0.00000,0.04290,-90.019,-0.082,8
239.7660,-0.00046,0.03505,-0.00209,0.00000,0.03540,-90.019,-0.081,8
239.8160,-0.00045,0.02755,-0.00209,0.00000,0.02790,-90.019,-0.081,8
239.8660,-0.00045,0.02005,-0.00209,0.00000,0.02040,-90.019,-0.081,8
239.9160,-0.00046,0.01254,-0.00209,0.00000,0.01290,-90.019,-0.081,8
239.9660,-0.00045,0.00504,-0.00209,0.00000,0.00540,-90.019,-0.081,8
240.0160,-0.00040,-0.00240,-0.00209,0.00210,0.00000,-89.932,-0.080,9
240.0660,0.00029,-0.00890,-0.00209,0.00960,0.00000,-88.381,-0.064,9
240.1160,0.00187,-0.01433,-0.00209,0.01710,0.00000,-85.467,-0.064,9
240.1660,0.00435,-0.01885,-0.00209,0.02460,0.00000,-82.225,-0.074,9
240.2160,0.00764,-0.02260,-0.00209,0.03210,0.00000,-78.924,-0.083,9
240.2660,0.01169,-0.02569,-0.00208,0.03960,0.00000,-75.630,-0.090,9
240.3160,0.01641,-0.02820,-0.00208,0.04710,0.00000,-72.370,-0.095,9
240.3660,0.02171,-0.03023,-0.00208,0.05460,0.00000,-69.148,-0.099,9
240.4160,0.02756,-0.03182,-0.00208,0.06210,0.00000,-65.958,-0.100,9
240.4660,0.03391,-0.03305,-0.00208,0.06960,0.00000,-62.796,-0.101,9
240.5160,0.04070,-0.03397,-0.00208,0.07710,0.00000,-59.658,-0.101,9
240.5660,0.04790,-0.03462,-0.00208,0.08460,0.00000,-56.540,-0.100,9
240.6160,0.05547,-0.03503,-0.00208,0.09210,0.00000,-53.438,-0.098,9
240.6660,0.06340,-0.03522,-0.00208,0.09960,0.00000,-50.349,-0.096,9
240.7160,0.07163,-0.03525,-0.00208,0.10710,0.00000,-47.272,-0.094,9
240.7660,0.08013,-0.03512,-0.00208,0.11460,0.00000,-44.204,-0.091,9
240.8160,0.08888,-0.03486,-0.00208,0.12210,0.00000,-41.143,-0.088,9
240.8660,0.09784,-0.03445,-0.00208,0.12960,0.00000,-38.087,-0.085,9
240.9160,0.10699,-0.03392,-0.00208,0.13710,0.00000,-35.035,-0.082,9
240.9660,0.11629,-0.03328,-0.00208,0.14460,0.00000,-31.987,-0.079,9
241.0160,0.12572,-0.03252,-0.00208,0.15210,0.00000,-28.939,-0.075,9
241.0660,0.13524,-0.03165,-0.00208,0.15960,0.00000,-25.891,-0.071,9
241.1160,0.14483,-0.03067,-0.00208,0.16710,0.00000,-22.841,-0.067,9
241.1660,0.15445,-0.02960,-0.00208,0.17460,0.00000,-19.787,-0.063,9
241.2160,0.16409,-0.02841,-0.00208,0.18210,0.00000,-16.729,-0.059,9
241.2660,0.17369,-0.02713,-0.00208,0.18960,0.00000,-13.663,-0.054,9
241.3160,0.18325,-0.02576,-0.00208,0.19710,0.00000,-10.587,-0.049,9
241.3660,0.19274,-0.02428,-0.00208,0.20460,0.00000,-7.503,-0.045,9
241.4160,0.20215,-0.02271,-0.00208,0.21210,0.00000,-4.452,-0.040,9
241.4660,0.21145,-0.02107,-0.00208,0.21960,0.00000,-1.793,-0.036,9
241.5160,0.22065,-0.01936,-0.00208,0.22710,0.00000,-0.736,-0.032,9
241.5660,0.22973,-0.01755,-0.00208,0.23460,0.00000,-0.503,-0.027,9
241.6160,0.23864,-0.01577,-0.00208,0.24210,0.00000,-0.394,-0.021,9
241.6660,0.24738,-0.01408,-0.00208,0.24960,0.00000,-0.313,-0.014,9
241.7160,0.25597,-0.01248,-0.00209,0.25710,0.00000,-0.259,-0.009,9
241.7660,0.26442,-0.01099,-0.00209,0.26460,0.00000,-0.217,-0.004,9
241.8160,0.27273,-0.00959,-0.00209,0.27210,0.00000,-0.184,-0.000,9
241.8660,0.28092,-0.00830,-0.00209,0.27960,0.00000,-0.156,0.003,9
241.9160,0.28900,-0.00709,-0.00209,0.28710,0.00000,-0.134,0.007,9
241.9660,0.29698,-0.00598,-0.00209,0.29460,0.00000,-0.116,0.009,9
242.0160,0.30487,-0.00496,-0.00209,0.30210,0.00000,-0.102,0.012,9
242.0660,0.31267,-0.00403,-0.00209,0.30960,0.00000,-0.090,0.014,9
242.1160,0.32040,-0.00319,-0.00209,0.31710,0.00000,-0.081,0.016,9
242.1660,0.32806,-0.00243,-0.00209,0.32460,0.00000,-0.073,0.017,9
242.2160,0.33567,-0.00173,-0.00209,0.33210,0.00000,-0.066,0.018,9
242.2660,0.34323,-0.00113,-0.00209,0.33960,0.00000,-0.061,0.020,9
242.3160,0.35073,-0.00060,-0.00210,0.34710,0.00000,-0.057,0.021,9
242.3660,0.35820,-0.00012,-0.00210,0.35460,0.00000,-0.053,0.021,9
242.4160,0.36565,0.00030,-0.00210,0.36210,0.00000,-0.050,0.022,9
242.4660,0.37307,0.00067,-0.00210,0.36960,0.00000,-0.047,0.022,9
242.5160,0.38047,0.00098,-0.00210,0.37710,0.00000,-0.046,0.023,9
242.5660,0.38785,0.00124,-0.00210,0.38460,0.00000,-0.044,0.024,9
242.6160,0.39521,0.00146,-0.00210,0.39210,0.00000,-0.043,0.024,9
242.6660,0.40257,0.00164,-0.00210,0.39960,0.00000,-0.042,0.025,9
242.7160,0.40992,0.00179,-0.00210,0.40710,0.00000,-0.040,0.025,9
242.7660,0.41727,0.00190,-0.00210,0.41460,0.00000,-0.039,0.025,9
242.8160,0.42462,0.00199,-0.00210,0.42210,0.00000,-0.039,0.026,9
242.8660,0.43196,0.00203,-0.00210,0.42960,0.00000,-0.038,0.026,9
242.9160,0.43930,0.00206,-0.00210,0.43710,0.00000,-0.037,0.026,9
242.9660,0.44664,0.00206,-0.00210,0.44460,0.00000,-0.036,0.026,9
243.0160,0.45399,0.00204,-0.00210,0.45210,0.00000,-0.036,0.026,9
243.0660,0.46135,0.00200,-0.00210,0.45960,0.00000,-0.035,0.026,9
243.1160,0.46871,0.00196,-0.00210,0.46710,0.00000,-0.034,0.026,9
243.1660,0.47608,0.00190,-0.00210,0.47460,0.00000,-0.033,0.027,9
243.2160,0.48346,0.00183,-0.00210,0.48210,0.00000,-0.033,0.027,9
243.2660,0.49084,0.00175,-0.00210,0.48960,0.00000,-0.032,0.027,9
243.3160,0.49823,0.00167,-0.00210,0.49710,0.00000,-0.032,0.027,9
243.3660,0.50563,0.00158,-0.00210,0.50460,0.00000,-0.031,0.027,9
243.4160,0.51304,0.00150,-0.00210,0.51210,0.00000,-0.031,0.027,9
243.4660,0.52046,0.00141,-0.00210,0.51960,0.00000,-0.031,0.027,9
243.5160,0.52787,0.00130,-0.00210,0.52710,0.00000,-0.030,0.028,9
243.5660,0.53530,0.00120,-0.00210,0.53460,0.00000,-0.030,0.028,9
243.6160,0.54273,0.00109,-0.00209,0.54210,0.00000,-0.029,0.028,9
243.6660,0.55016,0.00098,-0.00209,0.54960,0.00000,-0.028,0.027,9
243.7160,0.55760,0.00088,-0.00209,0.55710,0.00000,-0.028,0.027,9
243.7660,0.56506,0.00078,-0.00209,0.56460,0.00000,-0.027,0.027,9
243.8160,0.57252,0.00070,-0.00209,0.57210,0.00000,-0.027,0.027,9
243.8660,0.57999,0.00062,-0.00209,0.57960,0.00000,-0.026,0.027,9
243.9160,0.58745,0.00053,-0.00209,0.58710,0.00000,-0.026,0.028,9
243.9660,0.59493,0.00045,-0.00209,0.59460,0.00000,-0.026,0.028,9
244.0160,0.60240,0.00037,-0.00209,0.60210,0.00000,-0.026,0.028,9
244.0660,0.60988,0.00029,-0.00209,0.60960,0.00000,-0.025,0.028,9
244.1160,0.61737,0.00022,-0.00209,0.61710,0.00000,-0.025,0.028,9
244.1660,0.62486,0.00016,-0.00209,0.62460,0.00000,-0.025,0.028,9
244.2160,0.63235,0.00010,-0.00209,0.63210,0.00000,-0.025,0.028,9
244.2660,0.63984,0.00004,-0.00209,0.63960,0.00000,-0.025,0.028,9
244.3160,0.64733,-0.00002,-0.00209,0.64710,0.00000,-0.025,0.028,9
244.3660,0.65482,-0.00008,-0.00209,0.65460,0.00000,-0.025,0.028,9
244.4160,0.66232,-0.00013,-0.00209,0.66210,0.00000,-0.025,0.028,9
244.4660,0.66982,-0.00018,-0.00209,0.66960,0.00000,-0.024,0.028,9
244.5160,0.67731,-0.00023,-0.00209,0.67710,0.00000,-0.024,0.028,9
244.5660,0.68481,-0.00027,-0.00209,0.68460,0.00000,-0.024,0.028,9
244.6160,0.69231,-0.00031,-0.00209,0.69210,0.00000,-0.024,0.028,9
244.6660,0.69982,-0.00034,-0.00209,0.69960,0.00000,-0.024,0.028,9
244.7160,0.70732,-0.00038,-0.00209,0.70710,0.00000,-0.024,0.028,9
244.7660,0.71482,-0.00041,-0.00209,0.71460,0.00000,-0.023,0.028,9
244.8160,0.72232,-0.00044,-0.00209,0.72210,0.00000,-0.023,0.028,9
244.8660,0.72982,-0.00046,-0.00209,0.72960,0.00000,-0.023,0.028,9
244.9160,0.73733,-0.00048,-0.00209,0.73710,0.00000,-0.023,0.028,9
244.9660,0.74483,-0.00050,-0.00209,0.74460,0.00000,-0.023,0.028,9
245.0160,0.75233,-0.00052,-0.00209,0.75210,0.00000,-0.023,0.028,9
245.0660,0.75984,-0.00053,-0.00209,0.75960,0.00000,-0.023,0.028,9
245.1160,0.76734,-0.00054,-0.00209,0.76710,0.00000,-0.023,0.028,9
245.1660,0.77485,-0.00054,-0.00209,0.77460,0.00000,-0.023,0.028,9
245.2160,0.78236,-0.00055,-0.00209,0.78210,0.00000,-0.023,0.028,9
245.2660,0.78987,-0.00054,-0.00209,0.78960,0.00000,-0.023,0.028,9
245.3160,0.79738,-0.00054,-0.00209,0.79710,0.00000,-0.024,0.029,9
245.3660,0.80488,-0.00055,-0.00209,0.80460,0.00000,-0.024,0.029,9
245.4160,0.81238,-0.00056,-0.00209,0.81210,0.00000,-0.024,0.029,9
245.4660,0.81988,-0.00057,-0.00209,0.81960,0.00000,-0.024,0.029,9
245.5160,0.82738,-0.00058,-0.00209,0.82710,0.00000,-0.023,0.028,9
245.5660,0.83488,-0.00058,-0.00209,0.83460,0.00000,-0.023,0.028,9
245.6160,0.84238,-0.00059,-0.00209,0.84210,0.00000,-0.023,0.028,9
245.6660,0.84988,-0.00058,-0.00209,0.84960,0.00000,-0.023,0.028,9
245.7160,0.85738,-0.00058,-0.00209,0.85710,0.00000,-0.023,0.028,9
245.7660,0.86488,-0.00059,-0.00209,0.86460,0.00000,-0.023,0.028,9
245.8160,0.87239,-0.00057,-0.00209,0.87210,0.00000,-0.023,0.028,9
245.8660,0.87989,-0.00058,-0.00209,0.87960,0.00000,-0.023,0.028,9
245.9160,0.88739,-0.00058,-0.00209,0.88710,0.00000,-0.023,0.028,9
245.9660,0.89489,-0.00057,-0.00209,0.89460,0.00000,-0.023,0.028,9
246.0160,0.90240,-0.00056,-0.00209,0.90210,0.00000,-0.023,0.028,9
246.0660,0.90990,-0.00055,-0.00209,0.90960,0.00000,-0.023,0.028,9
246.1160,0.91740,-0.00055,-0.00209,0.91710,0.00000,-0.024,0.029,9
246.1660,0.92490,-0.00055,-0.00209,0.92460,0.00000,-0.023,0.028,9
246.2160,0.93240,-0.00054,-0.00209,0.93210,0.00000,-0.023,0.028,9
246.2660,0.93990,-0.00054,-0.00209,0.93960,0.00000,-0.024,0.028,9
246.3160,0.94740,-0.00053,-0.00209,0.94710,0.00000,-0.024,0.028,9
246.3660,0.95490,-0.00053,-0.00209,0.95460,0.00000,-0.024,0.028,9
246.4160,0.96240,-0.00053,-0.00209,0.96210,0.00000,-0.024,0.028,9
246.4660,0.96990,-0.00053,-0.00209,0.96960,0.00000,-0.024,0.028,9
246.5160,0.97740,-0.00054,-0.00209,0.97710,0.00000,-0.023,0.028,9
246.5660,0.98489,-0.00055,-0.00209,0.98460,0.00000,-0.023,0.028,9
246.6160,0.99239,-0.00054,-0.00209,0.99210,0.00000,-0.023,0.028,9
246.6660,0.99989,-0.00054,-0.00209,0.99960,0.00000,-0.023,0.028,9
246.7160,1.00733,-0.00049,-0.00209,1.00000,0.00710,0.062,0.029,9
246.7660,1.01379,0.00018,-0.00209,1.00000,0.01460,1.596,0.045,9
246.8160,1.01908,0.00162,-0.00209,1.00000,0.02210,4.748,0.044,9
246.8660,1.02336,0.00382,-0.00208,1.00000,0.02960,8.286,0.032,9
246.9160,1.02679,0.00676,-0.00208,1.00000,0.03710,11.862,0.022,9
246.9660,1.02949,0.01041,-0.00208,1.00000,0.04460,15.394,0.016,9
247.0160,1.03159,0.01470,-0.00208,1.00000,0.05210,18.855,0.011,9
247.0660,1.03318,0.01957,-0.00208,1.00000,0.05960,22.246,0.007,9
247.1160,1.03433,0.02497,-0.00208,1.00000,0.06710,25.575,0.005,9
247.1660,1.03513,0.03086,-0.00207,1.00000,0.07460,28.851,0.005,9
247.2160,1.03565,0.03720,-0.00207,1.00000,0.08210,32.081,0.005,9
247.2660,1.03594,0.04394,-0.00207,1.00000,0.08960,35.274,0.006,9
247.3160,1.03603,0.05105,-0.00207,1.00000,0.09710,38.433,0.008,9
247.3660,1.03598,0.05850,-0.00207,1.00000,0.10460,41.564,0.010,9
247.4160,1.03579,0.06627,-0.00207,1.00000,0.11210,44.672,0.013,9
247.4660,1.03551,0.07432,-0.00207,1.00000,0.11960,47.759,0.016,9
247.5160,1.03513,0.08264,-0.00207,1.00000,0.12710,50.829,0.019,9
247.5660,1.03468,0.09119,-0.00207,1.00000,0.13460,53.883,0.022,9
247.6160,1.03414,0.09995,-0.00207,1.00000,0.14210,56.924,0.025,9
247.6660,1.03353,0.10890,-0.00207,1.00000,0.14960,59.954,0.028,9
247.7160,1.03284,0.11799,-0.00207,1.00000,0.15710,62.974,0.030,9
247.7660,1.03207,0.12722,-0.00207,1.00000,0.16460,65.985,0.033,9
247.8160,1.03122,0.13656,-0.00207,1.00000,0.17210,68.988,0.036,9
247.8660,1.03029,0.14598,-0.00207,1.00000,0.17960,71.983,0.038,9
247.9160,1.02927,0.15546,-0.00207,1.00000,0.18710,74.972,0.040,9
247.9660,1.02814,0.16496,-0.00207,1.00000,0.19460,77.955,0.042,9
248.0160,1.02692,0.17448,-0.00207,1.00000,0.20210,80.930,0.044,9
248.0660,1.02559,0.18399,-0.00207,1.00000,0.20960,83.895,0.045,9
248.1160,1.02415,0.19349,-0.00207,1.00000,0.21710,86.803,0.045,9
248.1660,1.02260,0.20294,-0.00207,1.00000,0.22460,89.293,0.046,9
248.2160,1.02095,0.21227,-0.00207,1.00000,0.23210,90.178,0.049,9
248.2660,1.01919,0.22144,-0.00207,1.00000,0.23960,90.252,0.051,9
248.3160,1.01743,0.23052,-0.00207,1.00000,0.24710,90.232,0.050,9
248.3660,1.01575,0.23953,-0.00207,1.00000,0.25460,90.209,0.048,9
248.4160,1.01414,0.24849,-0.00207,1.00000,0.26210,90.179,0.046,9
248.4660,1.01263,0.25737,-0.00207,1.00000,0.26960,90.151,0.044,9
248.5160,1.01119,0.26618,-0.00207,1.00000,0.27710,90.127,0.043,9
248.5660,1.00985,0.27492,-0.00207,1.00000,0.28460,90.107,0.041,9
248.6160,1.00859,0.28358,-0.00207,1.00000,0.29210,90.090,0.040,9
248.6660,1.00742,0.29216,-0.00207,1.00000,0.29960,90.075,0.039,9
248.7160,1.00633,0.30066,-0.00207,1.00000,0.30710,90.063,0.037,9
248.7660,1.00533,0.30909,-0.00207,1.00000,0.31460,90.052,0.036,9
248.8160,1.00441,0.31745,-0.00208,1.00000,0.32210,90.043,0.036,9
248.8660,1.00356,0.32573,-0.00208,1.00000,0.32960,90.036,0.035,9
248.9160,1.00280,0.33395,-0.00208,1.00000,0.33710,90.030,0.035,9
248.9660,1.00209,0.34208,-0.00208,1.00000,0.34460,90.026,0.034,9
249.0160,1.00145,0.35016,-0.00208,1.00000,0.35210,90.022,0.034,9
249.0660,1.00086,0.35817,-0.00208,1.00000,0.35960,90.018,0.033,9
249.1160,1.00034,0.36612,-0.00208,1.00000,0.36710,90.015,0.033,9
249.1660,0.99988,0.37402,-0.00208,1.00000,0.37460,90.013,0.032,9
249.2160,0.99947,0.38187,-0.00208,1.00000,0.38210,90.011,0.032,9
249.2660,0.99911,0.38967,-0.00208,1.00000,0.38960,90.010,0.032,9
249.3160,0.99880,0.39744,-0.00208,1.00000,0.39710,90.009,0.031,9
249.3660,0.99853,0.40516,-0.00208,1.00000,0.40460,90.008,0.031,9
249.4160,0.99830,0.41285,-0.00208,1.00000,0.41210,90.007,0.031,9
249.4660,0.99812,0.42051,-0.00208,1.00000,0.41960,90.007,0.031,9
249.5160,0.99796,0.42814,-0.00208,1.00000,0.42710,90.007,0.031,9
249.5660,0.99784,0.43574,-0.00208,1.00000,0.43460,90.007,0.030,9
249.6160,0.99774,0.44332,-0.00208,1.00000,0.44210,90.008,0.030,9
249.6660,0.99767,0.45087,-0.00208,1.00000,0.44960,90.008,0.030,9
249.7160,0.99762,0.45841,-0.00208,1.00000,0.45710,90.008,0.030,9
249.7660,0.99759,0.46593,-0.00208,1.00000,0.46460,90.009,0.030,9
249.8160,0.99758,0.47343,-0.00208,1.00000,0.47210,90.009,0.030,9
249.8660,0.99759,0.48093,-0.00209,1.00000,0.47960,90.010,0.030,9
249.9160,0.99761,0.48842,-0.00209,1.00000,0.48710,90.010,0.030,9
249.9660,0.99764,0.49590,-0.00209,1.00000,0.49460,90.011,0.030,9
250.0160,0.99769,0.50337,-0.00209,1.00000,0.50210,90.012,0.030,9
250.0660,0.99774,0.51083,-0.00209,1.00000,0.50960,90.012,0.030,9
250.1160,0.99779,0.51829,-0.00209,1.00000,0.51710,90.013,0.030,9
250.1660,0.99786,0.52575,-0.00209,1.00000,0.52460,90.013,0.030,9
250.2160,0.99793,0.53320,-0.00209,1.00000,0.53210,90.014,0.030,9
250.2660,0.99800,0.54065,-0.00209,1.00000,0.53960,90.015,0.030,9
250.3160,0.99807,0.54810,-0.00209,1.00000,0.54710,90.015,0.030,9
250.3660,0.99814,0.55555,-0.00209,1.00000,0.55460,90.015,0.030,9
250.4160,0.99822,0.56299,-0.00209,1.00000,0.56210,90.016,0.030,9
250.4660,0.99830,0.57045,-0.00209,1.00000,0.56960,90.016,0.029,9
250.5160,0.99837,0.57790,-0.00209,1.00000,0.57710,90.016,0.029,9
250.5660,0.99846,0.58535,-0.00209,1.00000,0.58460,90.016,0.029,9
250.6160,0.99853,0.59281,-0.00209,1.00000,0.59210,90.017,0.029,9
250.6660,0.99861,0.60027,-0.00209,1.00000,0.59960,90.017,0.029,9
250.7160,0.99869,0.60773,-0.00209,1.00000,0.60710,90.018,0.029,9
250.7660,0.99876,0.61520,-0.00209,1.00000,0.61460,90.018,0.029,9
250.8160,0.99884,0.62267,-0.00209,1.00000,0.62210,90.018,0.029,9
250.8660,0.99891,0.63014,-0.00209,1.00000,0.62960,90.019,0.030,9
250.9160,0.99898,0.63761,-0.00209,1.00000,0.63710,90.019,0.030,9
250.9660,0.99904,0.64509,-0.00209,1.00000,0.64460,90.020,0.030,9
251.0160,0.99909,0.65256,-0.00209,1.00000,0.65210,90.020,0.030,9
251.0660,0.99915,0.66003,-0.00209,1.00000,0.65960,90.020,0.030,9
251.1160,0.99919,0.66751,-0.00209,1.00000,0.66710,90.020,0.030,9
251.1660,0.99923,0.67498,-0.00209,1.00000,0.67460,90.020,0.030,9
251.2160,0.99927,0.68246,-0.00209,1.00000,0.68210,90.020,0.030,9
251.2660,0.99931,0.68995,-0.00209,1.00000,0.68960,90.020,0.030,9
251.3160,0.99936,0.69744,-0.00209,1.00000,0.69710,90.020,0.030,9
251.3660,0.99940,0.70493,-0.00209,1.00000,0.70460,90.020,0.030,9
251.4160,0.99943,0.71242,-0.00209,1.00000,0.71210,90.020,0.030,9
251.4660,0.99945,0.71990,-0.00209,1.00000,0.71960,90.020,0.030,9
251.5160,0.99949,0.72740,-0.00209,1.00000,0.72710,90.020,0.029,9
251.5660,0.99951,0.73489,-0.00209,1.00000,0.73460,90.021,0.030,9
251.6160,0.99953,0.74239,-0.00209,1.00000,0.74210,90.021,0.030,9
251.6660,0.99956,0.74989,-0.00209,1.00000,0.74960,90.021,0.030,9
251.7160,0.99957,0.75738,-0.00209,1.00000,0.75710,90.021,0.030,9
251.7660,0.99959,0.76488,-0.00209,1.00000,0.76460,90.021,0.030,9
251.8160,0.99961,0.77238,-0.00209,1.00000,0.77210,90.021,0.030,9
251.8660,0.99962,0.77988,-0.00209,1.00000,0.77960,90.021,0.030,9
251.9160,0.99962,0.78737,-0.00209,1.00000,0.78710,90.021,0.030,9
251.9660,0.99962,0.79486,-0.00209,1.00000,0.79460,90.021,0.030,9
252.0160,0.99962,0.80236,-0.00209,1.00000,0.80210,90.020,0.029,9
252.0660,0.99963,0.80986,-0.00209,1.00000,0.80960,90.020,0.029,9
252.1160,0.99963,0.81736,-0.00209,1.00000,0.81710,90.020,0.029,9
252.1660,0.99963,0.82486,-0.00209,1.00000,0.82460,90.020,0.029,9
252.2160,0.99963,0.83236,-0.00209,1.00000,0.83210,90.020,0.029,9
252.2660,0.99963,0.83986,-0.00209,1.00000,0.83960,90.020,0.029,9
252.3160,0.99963,0.84736,-0.00209,1.00000,0.84710,90.020,0.029,9
252.3660,0.99963,0.85486,-0.00209,1.00000,0.85460,90.020,0.029,9
252.4160,0.99965,0.86237,-0.00209,1.00000,0.86210,90.020,0.029,9
252.4660,0.99965,0.86988,-0.00209,1.00000,0.86960,90.020,0.029,9
252.5160,0.99966,0.87738,-0.00209,1.00000,0.87710,90.020,0.029,9
252.5660,0.99966,0.88488,-0.00209,1.00000,0.88460,90.020,0.030,9
252.6160,0.99965,0.89238,-0.00209,1.00000,0.89210,90.020,0.030,9
252.6660,0.99964,0.89987,-0.00209,1.00000,0.89960,90.020,0.029,9
252.7160,0.99963,0.90737,-0.00209,1.00000,0.90710,90.020,0.029,9
252.7660,0.99964,0.91488,-0.00209,1.00000,0.91460,90.019,0.029,9
252.8160,0.99964,0.92239,-0.00209,1.00000,0.92210,90.020,0.029,9
252.8660,0.99964,0.92989,-0.00209,1.00000,0.92960,90.020,0.029,9
252.9160,0.99964,0.93740,-0.00209,1.00000,0.93710,90.020,0.029,9
252.9660,0.99964,0.94490,-0.00209,1.00000,0.94460,90.020,0.029,9
253.0160,0.99964,0.95240,-0.00209,1.00000,0.95210,90.020,0.029,9
253.0660,0.99963,0.95990,-0.00209,1.00000,0.95960,90.020,0.029,9
253.1160,0.99963,0.96740,-0.00209,1.00000,0.96710,90.020,0.029,9
253.1660,0.99963,0.97490,-0.00209,1.00000,0.97460,90.020,0.029,9
253.2160,0.99963,0.98240,-0.00209,1.00000,0.98210,90.020,0.029,9
253.2660,0.99962,0.98990,-0.00209,1.00000,0.98960,90.020,0.029,9
253.3160,0.99962,0.99740,-0.00209,1.00000,0.99710,90.020,0.029,9
253.3660,0.99958,1.00484,-0.00209,0.99540,1.00000,90.105,0.030,9
253.4160,0.99891,1.01140,-0.00209,0.98790,1.00000,91.631,0.048,9
253.4660,0.99751,1.01691,-0.00209,0.98040,1.00000,94.659,0.050,9
253.5160,0.99542,1.02144,-0.00208,0.97290,1.00000,98.079,0.044,9
253.5660,0.99265,1.02504,-0.00208,0.96540,1.00000,101.554,0.041,9
253.6160,0.98926,1.02781,-0.00208,0.95790,1.00000,105.002,0.042,9
253.6660,0.98530,1.02987,-0.00208,0.95040,1.00000,108.389,0.043,9
253.7160,0.98085,1.03134,-0.00207,0.94290,1.00000,111.718,0.044,9
253.7660,0.97592,1.03232,-0.00207,0.93540,1.00000,114.993,0.045,9
253.8160,0.97057,1.03291,-0.00207,0.92790,1.00000,118.222,0.047,9
253.8660,0.96480,1.03319,-0.00207,0.92040,1.00000,121.413,0.048,9
253.9160,0.95866,1.03324,-0.00207,0.91290,1.00000,124.571,0.049,9
253.9660,0.95216,1.03311,-0.00206,0.90540,1.00000,127.703,0.050,9
254.0160,0.94531,1.03282,-0.00206,0.89790,1.00000,130.812,0.051,9
254.0660,0.93813,1.03241,-0.00206,0.89040,1.00000,133.902,0.052,9
254.1160,0.93064,1.03193,-0.00206,0.88290,1.00000,136.974,0.052,9
254.1660,0.92287,1.03138,-0.00206,0.87540,1.00000,140.033,0.051,9
254.2160,0.91482,1.03074,-0.00206,0.86790,1.00000,143.079,0.050,9
254.2660,0.90651,1.03005,-0.00206,0.86040,1.00000,146.116,0.049,9
254.3160,0.89797,1.02929,-0.00206,0.85290,1.00000,149.144,0.047,9
254.3660,0.88921,1.02846,-0.00206,0.84540,1.00000,152.166,0.044,9
254.4160,0.88026,1.02757,-0.00206,0.83790,1.00000,155.183,0.040,9
254.4660,0.87115,1.02659,-0.00206,0.83040,1.00000,158.196,0.036,9
254.5160,0.86191,1.02554,-0.00206,0.82290,1.00000,161.208,0.031,9
254.5660,0.85254,1.02438,-0.00206,0.81540,1.00000,164.219,0.026,9
254.6160,0.84309,1.02311,-0.00206,0.80790,1.00000,167.232,0.020,9
254.6660,0.83356,1.02174,-0.00206,0.80040,1.00000,170.246,0.014,9
254.7160,0.82399,1.02027,-0.00206,0.79290,1.00000,173.260,0.007,9
254.7660,0.81441,1.01868,-0.00206,0.78540,1.00000,176.236,0.000,9
254.8160,0.80485,1.01702,-0.00206,0.77790,1.00000,178.831,-0.006,9
254.8660,0.79540,1.01531,-0.00206,0.77040,1.00000,179.774,-0.011,9
254.9160,0.78609,1.01362,-0.00206,0.76290,1.00000,179.909,-0.016,9
254.9660,0.77685,1.01202,-0.00206,0.75540,1.00000,179.951,-0.024,9
255.0160,0.76764,1.01051,-0.00206,0.74790,1.00000,179.982,-0.032,9
255.0660,0.75848,1.00911,-0.00206,0.74040,1.00000,179.996,-0.039,9
255.1160,0.74941,1.00761,-0.00206,0.73290,1.00000,-179.956,-0.045,9
255.1660,0.74089,1.00409,-0.00206,0.72540,1.00000,-179.318,-0.045,9
255.2160,0.73247,1.00156,-0.00202,0.71790,1.00000,-179.260,-0.047,9
255.2660,0.72408,0.99944,-0.00197,0.71040,1.00000,-179.385,-0.043,9
255.3160,0.71569,0.99758,-0.00193,0.70290,1.00000,-179.468,-0.045,9
255.3660,0.70730,0.99597,-0.00190,0.69540,1.00000,-179.550,-0.050,9
255.4160,0.69891,0.99457,-0.00187,0.68790,1.00000,-179.624,-0.054,9
255.4660,0.69054,0.99340,-0.00185,0.68040,1.00000,-179.685,-0.058,9
255.5160,0.68219,0.99241,-0.00183,0.67290,1.00000,-179.736,-0.061,9
255.5660,0.67386,0.99159,-0.00181,0.66540,1.00000,-179.778,-0.064,9
255.6160,0.66556,0.99093,-0.00180,0.65790,1.00000,-179.814,-0.067,9
255.6660,0.65730,0.99041,-0.00179,0.65040,1.00000,-179.844,-0.069,9
255.7160,0.64907,0.99003,-0.00178,0.64290,1.00000,-179.869,-0.071,9
255.7660,0.64088,0.98975,-0.00177,0.63540,1.00000,-179.890,-0.072,9
255.8160,0.63273,0.98959,-0.00177,0.62790,1.00000,-179.907,-0.073,9
255.8660,0.62462,0.98951,-0.00177,0.62040,1.00000,-179.922,-0.074,9
255.9160,0.61656,0.98952,-0.00177,0.61290,1.00000,-179.934,-0.075,9
255.9660,0.60853,0.98959,-0.00177,0.60540,1.00000,-179.944,-0.076,9
256.0160,0.60054,0.98974,-0.00177,0.59790,1.00000,-179.953,-0.076,9
256.0660,0.59259,0.98993,-0.00178,0.59040,1.00000,-179.960,-0.077,9
256.1160,0.58469,0.99018,-0.00179,0.58290,1.00000,-179.965,-0.077,9
256.1660,0.57682,0.99047,-0.00179,0.57540,1.00000,-179.970,-0.077,9
256.2160,0.56899,0.99080,-0.00180,0.56790,1.00000,-179.974,-0.077,9
256.2660,0.56119,0.99114,-0.00181,0.56040,1.00000,-179.977,-0.078,9
256.3160,0.55343,0.99151,-0.00182,0.55290,1.00000,-179.980,-0.078,9
256.3660,0.54569,0.99189,-0.00183,0.54540,1.00000,-179.982,-0.078,9
256.4160,0.53798,0.99229,-0.00184,0.53790,1.00000,-179.983,-0.078,9
256.4660,0.53029,0.99267,-0.00185,0.53040,1.00000,-179.985,-0.078,9
256.5160,0.52262,0.99307,-0.00186,0.52290,1.00000,-179.986,-0.078,9
256.5660,0.51499,0.99347,-0.00187,0.51540,1.00000,-179.986,-0.077,9
256.6160,0.50738,0.99388,-0.00188,0.50790,1.00000,-179.987,-0.077,9
256.6660,0.49977,0.99426,-0.00189,0.50040,1.00000,-179.987,-0.077,9
256.7160,0.49219,0.99464,-0.00190,0.49290,1.00000,-179.987,-0.077,9
256.7660,0.48463,0.99503,-0.00191,0.48540,1.00000,-179.987,-0.077,9
256.8160,0.47708,0.99538,-0.00192,0.47790,1.00000,-179.987,-0.077,9
256.8660,0.46954,0.99573,-0.00193,0.47040,1.00000,-179.987,-0.077,9
256.9160,0.46201,0.99607,-0.00194,0.46290,1.00000,-179.987,-0.076,9
256.9660,0.45449,0.99640,-0.00195,0.45540,1.00000,-179.987,-0.076,9
257.0160,0.44699,0.99671,-0.00196,0.44790,1.00000,-179.986,-0.076,9
257.0660,0.43949,0.99701,-0.00197,0.44040,1.00000,-179.986,-0.076,9
257.1160,0.43199,0.99728,-0.00198,0.43290,1.00000,-179.985,-0.076,9
257.1660,0.42450,0.99754,-0.00198,0.42540,1.00000,-179.985,-0.076,9
257.2160,0.41701,0.99778,-0.00199,0.41790,1.00000,-179.985,-0.076,9
257.2660,0.40953,0.99801,-0.00200,0.41040,1.00000,-179.984,-0.076,9
257.3160,0.40205,0.99822,-0.00201,0.40290,1.00000,-179.984,-0.076,9
257.3660,0.39457,0.99841,-0.00201,0.39540,1.00000,-179.983,-0.076,9
257.4160,0.38709,0.99859,-0.00202,0.38790,1.00000,-179.983,-0.076,9
257.4660,0.37962,0.99876,-0.00203,0.38040,1.00000,-179.983,-0.075,9
257.5160,0.37215,0.99891,-0.00203,0.37290,1.00000,-179.982,-0.075,9
257.5660,0.36467,0.99905,-0.00204,0.36540,1.00000,-179.982,-0.075,9
257.6160,0.35720,0.99917,-0.00204,0.35790,1.00000,-179.981,-0.075,9
257.6660,0.34973,0.99929,-0.00205,0.35040,1.00000,-179.981,-0.075,9
257.7160,0.34226,0.99940,-0.00205,0.34290,1.00000,-179.981,-0.076,9
257.7660,0.33479,0.99949,-0.00206,0.33540,1.00000,-179.980,-0.076,9
257.8160,0.32732,0.99958,-0.00206,0.32790,1.00000,-179.980,-0.076,9
257.8660,0.31984,0.99965,-0.00207,0.32040,1.00000,-179.980,-0.076,9
257.9160,0.31237,0.99971,-0.00207,0.31290,1.00000,-179.979,-0.076,9
257.9660,0.30489,0.99976,-0.00207,0.30540,1.00000,-179.979,-0.076,9
258.0160,0.29740,0.99980,-0.00208,0.29790,1.00000,-179.979,-0.076,9
258.0660,0.28992,0.99983,-0.00208,0.29040,1.00000,-179.979,-0.076,9
258.1160,0.28244,0.99987,-0.00208,0.28290,1.00000,-179.979,-0.076,9
258.1660,0.27496,0.99989,-0.00208,0.27540,1.00000,-179.978,-0.076,9
258.2160,0.26747,0.99991,-0.00208,0.26790,1.00000,-179.978,-0.076,9
258.2660,0.25998,0.99992,-0.00209,0.26040,1.00000,-179.978,-0.076,9
258.3160,0.25250,0.99993,-0.00209,0.25290,1.00000,-179.978,-0.076,9
258.3660,0.24501,0.99993,-0.00209,0.24540,1.00000,-179.978,-0.076,9
258.4160,0.23752,0.99994,-0.00209,0.23790,1.00000,-179.978,-0.076,9
258.4660,0.23003,0.99994,-0.00209,0.23040,1.00000,-179.978,-0.076,9
258.5160,0.22254,0.99993,-0.00209,0.22290,1.00000,-179.978,-0.076,9
258.5660,0.21505,0.99992,-0.00209,0.21540,1.00000,-179.977,-0.076,9
258.6160,0.20755,0.99991,-0.00209,0.20790,1.00000,-179.977,-0.076,9
258.6660,0.20006,0.99990,-0.00210,0.20040,1.00000,-179.977,-0.076,9
258.7160,0.19257,0.99989,-0.00210,0.19290,1.00000,-179.977,-0.076,9
258.7660,0.18507,0.99988,-0.00210,0.18540,1.00000,-179.977,-0.076,9
258.8160,0.17758,0.99987,-0.00210,0.17790,1.00000,-179.977,-0.076,9
258.8660,0.17008,0.99985,-0.00210,0.17040,1.00000,-179.977,-0.076,9
258.9160,0.16259,0.99985,-0.00210,0.16290,1.00000,-179.977,-0.076,9
258.9660,0.15510,0.99983,-0.00210,0.15540,1.00000,-179.977,-0.077,9
259.0160,0.14760,0.99982,-0.00210,0.14790,1.00000,-179.977,-0.077,9
259.0660,0.14010,0.99980,-0.00210,0.14040,1.00000,-179.977,-0.077,9
259.1160,0.13260,0.99978,-0.00210,0.13290,1.00000,-179.977,-0.077,9
259.1660,0.12509,0.99975,-0.00210,0.12540,1.00000,-179.977,-0.077,9
259.2160,0.11759,0.99973,-0.00210,0.11790,1.00000,-179.977,-0.077,9
259.2660,0.11009,0.99972,-0.00210,0.11040,1.00000,-179.977,-0.077,9
259.3160,0.10260,0.99971,-0.00210,0.10290,1.00000,-179.977,-0.077,9
259.3660,0.09509,0.99969,-0.00210,0.09540,1.00000,-179.977,-0.077,9
259.4160,0.08759,0.99967,-0.00210,0.08790,1.00000,-179.977,-0.077,9
259.4660,0.08009,0.99966,-0.00210,0.08040,1.00000,-179.977,-0.077,9
259.5160,0.07259,0.99965,-0.00210,0.07290,1.00000,-179.977,-0.077,9
259.5660,0.06509,0.99964,-0.00210,0.06540,1.00000,-179.977,-0.077,9
259.6160,0.05759,0.99963,-0.00210,0.05790,1.00000,-179.977,-0.077,9
259.6660,0.05009,0.99961,-0.00209,0.05040,1.00000,-179.977,-0.077,9
259.7160,0.04258,0.99960,-0.00209,0.04290,1.00000,-179.977,-0.077,9
259.7660,0.03508,0.99958,-0.00209,0.03540,1.00000,-179.977,-0.077,9
259.8160,0.02757,0.99957,-0.00209,0.02790,1.00000,-179.977,-0.077,9
259.8660,0.02007,0.99956,-0.00209,0.02040,1.00000,-179.977,-0.077,9
259.9160,0.01258,0.99956,-0.00209,0.01290,1.00000,-179.977,-0.077,9
259.9660,0.00507,0.99955,-0.00209,0.00540,1.00000,-179.977,-0.077,9
260.0160,-0.00237,0.99949,-0.00209,0.00000,0.99790,-179.895,-0.076,9
260.0660,-0.00895,0.99882,-0.00209,0.00000,0.99040,-178.418,-0.059,9
260.1160,-0.01454,0.99726,-0.00209,0.00000,0.98290,-175.532,-0.055,9
260.1660,-0.01920,0.99483,-0.00209,0.00000,0.97540,-172.270,-0.061,9
260.2160,-0.02300,0.99164,-0.00209,0.00000,0.96790,-168.935,-0.065,9
260.2660,-0.02603,0.98776,-0.00209,0.00000,0.96040,-165.607,-0.066,9
260.3160,-0.02839,0.98328,-0.00209,0.00000,0.95290,-162.319,-0.066,9
260.3660,-0.03017,0.97824,-0.00209,0.00000,0.94540,-159.075,-0.066,9
260.4160,-0.03147,0.97269,-0.00208,0.00000,0.93790,-155.870,-0.066,9
260.4660,-0.03236,0.96667,-0.00208,0.00000,0.93040,-152.700,-0.066,9
260.5160,-0.03292,0.96021,-0.00208,0.00000,0.92290,-149.559,-0.067,9
260.5660,-0.03321,0.95335,-0.00208,0.00000,0.91540,-146.441,-0.068,9
260.6160,-0.03326,0.94611,-0.00208,0.00000,0.90790,-143.342,-0.069,9
260.6660,-0.03312,0.93851,-0.00208,0.00000,0.90040,-140.260,-0.070,9
260.7160,-0.03280,0.93058,-0.00208,0.00000,0.89290,-137.190,-0.073,9
260.7660,-0.03233,0.92234,-0.00208,0.00000,0.88540,-134.130,-0.076,9
260.8160,-0.03173,0.91382,-0.00208,0.00000,0.87790,-131.078,-0.079,9
260.8660,-0.03101,0.90503,-0.00208,0.00000,0.87040,-128.032,-0.083,9
260.9160,-0.03017,0.89601,-0.00208,0.00000,0.86290,-124.990,-0.087,9
260.9660,-0.02923,0.88678,-0.00208,0.00000,0.85540,-121.949,-0.091,9
261.0160,-0.02817,0.87737,-0.00208,0.00000,0.84790,-118.909,-0.095,9
261.0660,-0.02701,0.86782,-0.00208,0.00000,0.84040,-115.867,-0.099,9
261.1160,-0.02574,0.85816,-0.00208,0.00000,0.83290,-112.821,-0.103,9
261.1660,-0.02438,0.84842,-0.00208,0.00000,0.82540,-109.770,-0.107,9
261.2160,-0.02293,0.83863,-0.00208,0.00000,0.81790,-106.712,-0.110,9
261.2660,-0.02138,0.82883,-0.00207,0.00000,0.81040,-103.645,-0.112,9
261.3160,-0.01975,0.81905,-0.00207,0.00000,0.80290,-100.567,-0.114,9
261.3660,-0.01803,0.80933,-0.00207,0.00000,0.79540,-97.479,-0.116,9
261.4160,-0.01625,0.79969,-0.00207,0.00000,0.78790,-94.424,-0.116,9
261.4660,-0.01442,0.79015,-0.00207,0.00000,0.78040,-91.765,-0.117,9
261.5160,-0.01261,0.78073,-0.00207,0.00000,0.77290,-90.688,-0.118,9
261.5660,-0.01087,0.77147,-0.00206,0.00000,0.76540,-90.448,-0.117,9
261.6160,-0.00923,0.76239,-0.00206,0.00000,0.75790,-90.345,-0.115,9
261.6660,-0.00772,0.75349,-0.00206,0.00000,0.75040,-90.268,-0.113,9
261.7160,-0.00633,0.74475,-0.00206,0.00000,0.74290,-90.215,-0.111,9
261.7660,-0.00507,0.73616,-0.00206,0.00000,0.73540,-90.174,-0.109,9
261.8160,-0.00392,0.72773,-0.00206,0.00000,0.72790,-90.142,-0.107,9
261.8660,-0.00287,0.71943,-0.00206,0.00000,0.72040,-90.116,-0.105,9
261.9160,-0.00193,0.71126,-0.00206,0.00000,0.71290,-90.095,-0.103,9
261.9660,-0.00110,0.70318,-0.00206,0.00000,0.70540,-90.078,-0.102,9
262.0160,-0.00036,0.69521,-0.00207,0.00000,0.69790,-90.065,-0.100,9
262.0660,0.00029,0.68733,-0.00207,0.00000,0.69040,-90.054,-0.098,9
262.1160,0.00086,0.67953,-0.00207,0.00000,0.68290,-90.046,-0.096,9
262.1660,0.00135,0.67182,-0.00207,0.00000,0.67540,-90.039,-0.095,9
262.2160,0.00178,0.66416,-0.00207,0.00000,0.66790,-90.034,-0.094,9
262.2660,0.00213,0.65656,-0.00207,0.00000,0.66040,-90.030,-0.093,9
262.3160,0.00242,0.64901,-0.00207,0.00000,0.65290,-90.027,-0.092,9
262.3660,0.00266,0.64151,-0.00207,0.00000,0.64540,-90.025,-0.090,9
262.4160,0.00286,0.63404,-0.00208,0.00000,0.63790,-90.024,-0.089,9
262.4660,0.00300,0.62661,-0.00208,0.00000,0.63040,-90.023,-0.089,9
262.5160,0.00310,0.61920,-0.00208,0.00000,0.62290,-90.022,-0.088,9
262.5660,0.00317,0.61181,-0.00208,0.00000,0.61540,-90.022,-0.087,9
262.6160,0.00319,0.60444,-0.00208,0.00000,0.60790,-90.021,-0.087,9
262.6660,0.00320,0.59708,-0.00208,0.00000,0.60040,-90.021,-0.086,9
262.7160,0.00316,0.58973,-0.00208,0.00000,0.59290,-90.022,-0.086,9
262.7660,0.00310,0.58238,-0.00208,0.00000,0.58540,-90.022,-0.085,9
262.8160,0.00302,0.57504,-0.00208,0.00000,0.57790,-90.022,-0.085,9
262.8660,0.00294,0.56771,-0.00208,0.00000,0.57040,-90.022,-0.084,9
262.9160,0.00284,0.56037,-0.00209,0.00000,0.56290,-90.023,-0.084,9
262.9660,0.00272,0.55303,-0.00209,0.00000,0.55540,-90.023,-0.084,9
263.0160,0.00261,0.54570,-0.00209,0.00000,0.54790,-90.023,-0.083,9
263.0660,0.00248,0.53836,-0.00209,0.00000,0.54040,-90.024,-0.083,9
263.1160,0.00235,0.53101,-0.00209,0.00000,0.53290,-90.024,-0.083,9
263.1660,0.00221,0.52366,-0.00209,0.00000,0.52540,-90.024,-0.083,9
263.2160,0.00206,0.51629,-0.00209,0.00000,0.51790,-90.024,-0.083,9
263.2660,0.00192,0.50892,-0.00209,0.00000,0.51040,-90.024,-0.083,9
263.3160,0.00177,0.50154,-0.00209,0.00000,0.50290,-90.024,-0.083,9
263.3660,0.00163,0.49416,-0.00209,0.00000,0.49540,-90.024,-0.083,9
263.4160,0.00148,0.48677,-0.00209,0.00000,0.48790,-90.024,-0.083,9
263.4660,0.00134,0.47936,-0.00209,0.00000,0.48040,-90.024,-0.083,9
263.5160,0.00121,0.47196,-0.00209,0.00000,0.47290,-90.024,-0.082,9
263.5660,0.00108,0.46454,-0.00209,0.00000,0.46540,-90.024,-0.082,9
263.6160,0.00095,0.45712,-0.00209,0.00000,0.45790,-90.024,-0.082,9
263.6660,0.00083,0.44969,-0.00209,0.00000,0.45040,-90.024,-0.082,9
263.7160,0.00072,0.44226,-0.00209,0.00000,0.44290,-90.024,-0.082,9
263.7660,0.00061,0.43482,-0.00209,0.00000,0.43540,-90.024,-0.082,9
263.8160,0.00051,0.42737,-0.00209,0.00000,0.42790,-90.024,-0.082,9
263.8660,0.00041,0.41992,-0.00209,0.00000,0.42040,-90.023,-0.082,9
263.9160,0.00031,0.41246,-0.00209,0.00000,0.41290,-90.023,-0.082,9
263.9660,0.00023,0.40500,-0.00209,0.00000,0.40540,-90.023,-0.082,9
264.0160,0.00015,0.39753,-0.00209,0.00000,0.39790,-90.023,-0.082,9
264.0660,0.00008,0.39006,-0.00209,0.00000,0.39040,-90.023,-0.082,9
264.1160,0.00001,0.38258,-0.00209,0.00000,0.38290,-90.023,-0.083,9
264.1660,-0.00007,0.37509,-0.00209,0.00000,0.37540,-90.022,-0.083,9
264.2160,-0.00013,0.36761,-0.00209,0.00000,0.36790,-90.022,-0.082,9
264.2660,-0.00018,0.36012,-0.00209,0.00000,0.36040,-90.022,-0.082,9
264.3160,-0.00023,0.35263,-0.00209,0.00000,0.35290,-90.022,-0.082,9
264.3660,-0.00028,0.34514,-0.00209,0.00000,0.34540,-90.022,-0.083,9
264.4160,-0.00031,0.33766,-0.00209,0.00000,0.33790,-90.021,-0.083,9
264.4660,-0.00034,0.33017,-0.00209,0.00000,0.33040,-90.021,-0.083,9
264.5160,-0.00037,0.32267,-0.00209,0.00000,0.32290,-90.021,-0.083,9
264.5660,-0.00040,0.31517,-0.00209,0.00000,0.31540,-90.021,-0.083,9
264.6160,-0.00042,0.30768,-0.00209,0.00000,0.30790,-90.021,-0.083,9
264.6660,-0.00045,0.30017,-0.00209,0.00000,0.30040,-90.021,-0.083,9
264.7160,-0.00047,0.29267,-0.00209,0.00000,0.29290,-90.021,-0.083,9
264.7660,-0.00049,0.28517,-0.00209,0.00000,0.28540,-90.021,-0.083,9
264.8160,-0.00051,0.27766,-0.00209,0.00000,0.27790,-90.021,-0.083,9
264.8660,-0.00052,0.27016,-0.00209,0.00000,0.27040,-90.021,-0.083,9
264.9160,-0.00054,0.26265,-0.00209,0.00000,0.26290,-90.020,-0.083,9
264.9660,-0.00056,0.25514,-0.00209,0.00000,0.25540,-90.020,-0.083,9
265.0160,-0.00057,0.24762,-0.00209,0.00000,0.24790,-90.020,-0.083,9
265.0660,-0.00058,0.24011,-0.00209,0.00000,0.24040,-90.020,-0.083,9
265.1160,-0.00059,0.23261,-0.00209,0.00000,0.23290,-90.020,-0.082,9
265.1660,-0.00059,0.22510,-0.00209,0.00000,0.22540,-90.020,-0.082,9
265.2160,-0.00059,0.21759,-0.00209,0.00000,0.21790,-90.020,-0.082,9
265.2660,-0.00059,0.21009,-0.00209,0.00000,0.21040,-90.020,-0.082,9
265.3160,-0.00058,0.20259,-0.00209,0.00000,0.20290,-90.020,-0.082,9
265.3660,-0.00058,0.19508,-0.00209,0.00000,0.19540,-90.020,-0.082,9
265.4160,-0.00058,0.18758,-0.00209,0.00000,0.18790,-90.020,-0.082,9
265.4660,-0.00058,0.18007,-0.00209,0.00000,0.18040,-90.019,-0.082,9
265.5160,-0.00057,0.17256,-0.00209,0.00000,0.17290,-90.019,-0.082,9
265.5660,-0.00057,0.16506,-0.00209,0.00000,0.16540,-90.019,-0.082,9
265.6160,-0.00056,0.15756,-0.00209,0.00000,0.15790,-90.019,-0.082,9
265.6660,-0.00055,0.15006,-0.00209,0.00000,0.15040,-90.019,-0.082,9
265.7160,-0.00054,0.14256,-0.00209,0.00000,0.14290,-90.019,-0.082,9
265.7660,-0.00053,0.13506,-0.00209,0.00000,0.13540,-90.019,-0.082,9
265.8160,-0.00052,0.12756,-0.00209,0.00000,0.12790,-90.019,-0.082,9
265.8660,-0.00052,0.12006,-0.00209,0.00000,0.12040,-90.019,-0.082,9
265.9160,-0.00051,0.11255,-0.00209,0.00000,0.11290,-90.019,-0.082,9
265.9660,-0.00051,0.10505,-0.00209,0.00000,0.10540,-90.019,-0.082,9
266.0160,-0.00050,0.09755,-0.00209,0.00000,0.09790,-90.019,-0.082,9
266.0660,-0.00050,0.09005,-0.00209,0.00000,0.09040,-90.019,-0.082,9
266.1160,-0.00049,0.08255,-0.00209,0.00000,0.08290,-90.019,-0.082,9
266.1660,-0.00049,0.07504,-0.00209,0.00000,0.07540,-90.019,-0.082,9
266.2160,-0.00049,0.06754,-0.00209,0.00000,0.06790,-90.019,-0.081,9
266.2660,-0.00049,0.06003,-0.00209,0.00000,0.06040,-90.019,-0.081,9
266.3160,-0.00048,0.05253,-0.00209,0.00000,0.05290,-90.019,-0.081,9
266.3660,-0.00048,0.04503,-0.00209,0.00000,0.04540,-90.019,-0.081,9
266.4160,-0.00048,0.03753,-0.00209,0.00000,0.03790,-90.019,-0.081,9
266.4660,-0.00047,0.03003,-0.00209,0.00000,0.03040,-90.019,-0.081,9
266.5160,-0.00046,0.02254,-0.00209,0.00000,0.02290,-90.019,-0.081,9
266.5660,-0.00046,0.01504,-0.00209,0.00000,0.01540,-90.019,-0.081,9
266.6160,-0.00046,0.00753,-0.00209,0.00000,0.00790,-90.019,-0.081,9
266.6660,-0.00045,0.00004,-0.00209,0.00000,0.00040,-90.019,-0.081,9
