t,px,py,pz,rx,ry,yaw_deg,pitch_deg,lap
0.0020,0.00000,0.00000,0.00000,0.00000,0.00000,0.000,-0.000,0
0.0520,0.00074,0.00004,-0.00000,0.00750,0.00000,-0.011,-0.009,0
0.1020,0.00271,0.00015,-0.00001,0.01500,0.00000,-0.030,-0.016,0
0.1520,0.00580,0.00032,-0.00003,0.02250,0.00000,-0.043,-0.011,0
0.2020,0.00988,0.00055,-0.00004,0.03000,0.00000,-0.051,-0.005,0
0.2520,0.01484,0.00081,-0.00006,0.03750,0.00000,-0.055,-0.001,0
0.3020,0.02056,0.00111,-0.00009,0.04500,0.00000,-0.056,0.002,0
0.3520,0.02696,0.00143,-0.00011,0.05250,0.00000,-0.055,0.004,0
0.4020,0.03395,0.00177,-0.00014,0.06000,0.00000,-0.052,0.006,0
0.4520,0.04146,0.00212,-0.00017,0.06750,0.00000,-0.048,0.006,0
0.5040,0.04973,0.00250,-0.00021,0.07530,0.00000,-0.044,0.007,0
0.5540,0.05808,0.00287,-0.00024,0.08280,0.00000,-0.040,0.006,0
0.6040,0.06673,0.00323,-0.00027,0.09030,0.00000,-0.035,0.006,0
0.6540,0.07565,0.00360,-0.00031,0.09780,0.00000,-0.031,0.005,0
0.7040,0.08478,0.00396,-0.00035,0.10530,0.00000,-0.027,0.004,0
0.7540,0.09408,0.00432,-0.00038,0.11280,0.00000,-0.023,0.003,0
0.8040,0.10351,0.00467,-0.00042,0.12030,0.00000,-0.020,0.002,0
0.8540,0.11303,0.00501,-0.00045,0.12780,0.00000,-0.018,0.001,0
0.9040,0.12262,0.00535,-0.00049,0.13530,0.00000,-0.015,-0.000,0
0.9540,0.13223,0.00568,-0.00053,0.14280,0.00000,-0.014,-0.001,0
1.0060,0.14223,0.00601,-0.00056,0.15060,0.00000,-0.012,-0.002,0
1.0560,0.15182,0.00631,-0.00060,0.15810,0.00000,-0.011,-0.003,0
1.1060,0.16137,0.00660,-0.00063,0.16560,0.00000,-0.011,-0.004,0
1.1560,0.17087,0.00688,-0.00066,0.17310,0.00000,-0.011,-0.004,0
1.2060,0.18029,0.00714,-0.00069,0.18060,0.00000,-0.011,-0.005,0
1.2560,0.18963,0.00738,-0.00072,0.18810,0.00000,-0.011,-0.006,0
1.3060,0.19887,0.00761,-0.00075,0.19560,0.00000,-0.012,-0.006,0
1.3560,0.20802,0.00782,-0.00078,0.20310,0.00000,-0.013,-0.007,0
1.4060,0.21707,0.00802,-0.00081,0.21060,0.00000,-0.014,-0.007,0
1.4560,0.22602,0.00821,-0.00083,0.21810,0.00000,-0.015,-0.007,0
1.5060,0.23485,0.00839,-0.00086,0.22560,0.00000,-0.016,-0.007,0
1.5560,0.24358,0.00855,-0.00088,0.23310,0.00000,-0.018,-0.008,0
1.6060,0.25220,0.00869,-0.00091,0.24060,0.00000,-0.019,-0.008,0
1.6560,0.26072,0.00883,-0.00093,0.24810,0.00000,-0.021,-0.008,0
1.7060,0.26913,0.00895,-0.00095,0.25560,0.00000,-0.022,-0.008,0
1.7560,0.27745,0.00906,-0.00097,0.26310,0.00000,-0.024,-0.008,0
1.8060,0.28568,0.00917,-0.00098,0.27060,0.00000,-0.025,-0.008,0
1.8560,0.29382,0.00926,-0.00100,0.27810,0.00000,-0.027,-0.007,0
1.9060,0.30187,0.00934,-0.00102,0.28560,0.00000,-0.028,-0.007,0
1.9560,0.30983,0.00940,-0.00103,0.29310,0.00000,-0.030,-0.007,0
2.0080,0.31803,0.00945,-0.00105,0.30090,0.00000,-0.031,-0.007,0
2.0600,0.32615,0.00949,-0.00106,0.30870,0.00000,-0.032,-0.007,0
2.1120,0.33421,0.00953,-0.00107,0.31650,0.00000,-0.034,-0.007,0
2.1640,0.34221,0.00956,-0.00108,0.32430,0.00000,-0.035,-0.006,0
2.2160,0.35016,0.00958,-0.00109,0.33210,0.00000,-0.036,-0.006,0
2.2680,0.35808,0.00962,-0.00110,0.33990,0.00000,-0.037,-0.006,0
2.3200,0.36596,0.00965,-0.00111,0.34770,0.00000,-0.038,-0.006,0
2.3720,0.37379,0.00967,-0.00112,0.35550,0.00000,-0.039,-0.005,0
2.4240,0.38160,0.00969,-0.00113,0.36330,0.00000,-0.040,-0.005,0
2.4760,0.38938,0.00970,-0.00113,0.37110,0.00000,-0.041,-0.005,0
2.5280,0.39713,0.00971,-0.00114,0.37890,0.00000,-0.041,-0.005,0
2.5800,0.40485,0.00972,-0.00114,0.38670,0.00000,-0.042,-0.005,0
2.6320,0.41257,0.00972,-0.00115,0.39450,0.00000,-0.043,-0.005,0
2.6840,0.42028,0.00973,-0.00115,0.40230,0.00000,-0.043,-0.004,0
2.7360,0.42799,0.00974,-0.00116,0.41010,0.00000,-0.044,-0.004,0
2.7880,0.43569,0.00976,-0.00116,0.41790,0.00000,-0.044,-0.004,0
2.8400,0.44339,0.00977,-0.00116,0.42570,0.00000,-0.045,-0.004,0
2.8920,0.45109,0.00978,-0.00117,0.43350,0.00000,-0.045,-0.004,0
2.9440,0.45879,0.00980,-0.00117,0.44130,0.00000,-0.046,-0.004,0
2.9960,0.46648,0.00981,-0.00117,0.44910,0.00000,-0.046,-0.004,0
3.0480,0.47417,0.00981,-0.00117,0.45690,0.00000,-0.046,-0.004,0
3.1000,0.48187,0.00981,-0.00117,0.46470,0.00000,-0.046,-0.004,0
3.1520,0.48957,0.00982,-0.00117,0.47250,0.00000,-0.047,-0.004,0
3.2040,0.49727,0.00982,-0.00117,0.48030,0.00000,-0.047,-0.004,0
3.2560,0.50498,0.00983,-0.00117,0.48810,0.00000,-0.047,-0.003,0
3.3080,0.51270,0.00984,-0.00117,0.49590,0.00000,-0.047,-0.003,0
3.3600,0.52042,0.00984,-0.00117,0.50370,0.00000,-0.047,-0.003,0
3.4120,0.52813,0.00983,-0.00117,0.51150,0.00000,-0.047,-0.003,0
3.4640,0.53584,0.00981,-0.00117,0.51930,0.00000,-0.047,-0.003,0
3.5160,0.54355,0.00980,-0.00117,0.52710,0.00000,-0.047,-0.003,0
3.5680,0.55127,0.00978,-0.00117,0.53490,0.00000,-0.047,-0.003,0
3.6200,0.55899,0.00976,-0.00117,0.54270,0.00000,-0.047,-0.003,0
3.6720,0.56672,0.00974,-0.00117,0.55050,0.00000,-0.047,-0.003,0
3.7240,0.57446,0.00973,-0.00117,0.55830,0.00000,-0.047,-0.003,0
3.7760,0.58221,0.00972,-0.00117,0.56610,0.00000,-0.047,-0.003,0
3.8280,0.58995,0.00970,-0.00117,0.57390,0.00000,-0.047,-0.003,0
3.8800,0.59770,0.00968,-0.00117,0.58170,0.00000,-0.046,-0.004,0
3.9320,0.60545,0.00966,-0.00117,0.58950,0.00000,-0.046,-0.004,0
3.9840,0.61320,0.00963,-0.00116,0.59730,0.00000,-0.046,-0.004,0
4.0360,0.62095,0.00961,-0.00116,0.60510,0.00000,-0.046,-0.004,0
4.0880,0.62871,0.00959,-0.00116,0.61290,0.00000,-0.046,-0.004,0
4.1400,0.63648,0.00957,-0.00116,0.62070,0.00000,-0.045,-0.004,0
4.1920,0.64426,0.00956,-0.00116,0.62850,0.00000,-0.045,-0.004,0
4.2440,0.65204,0.00955,-0.00116,0.63630,0.00000,-0.045,-0.004,0
4.2960,0.65982,0.00953,-0.00116,0.64410,0.00000,-0.045,-0.004,0
4.3480,0.66761,0.00952,-0.00116,0.65190,0.00000,-0.045,-0.004,0
4.4000,0.67540,0.00951,-0.00116,0.65970,0.00000,-0.044,-0.004,0
4.4520,0.68319,0.00950,-0.00116,0.66750,0.00000,-0.044,-0.004,0
4.5040,0.69099,0.00949,-0.00115,0.67530,0.00000,-0.044,-0.004,0
4.5560,0.69879,0.00949,-0.00115,0.68310,0.00000,-0.044,-0.004,0
4.6080,0.70659,0.00948,-0.00115,0.69090,0.00000,-0.044,-0.004,0
4.6600,0.71439,0.00947,-0.00115,0.69870,0.00000,-0.044,-0.004,0
4.7120,0.72220,0.00947,-0.00115,0.70650,0.00000,-0.044,-0.004,0
4.7640,0.73000,0.00946,-0.00115,0.71430,0.00000,-0.044,-0.004,0
4.8160,0.73780,0.00946,-0.00115,0.72210,0.00000,-0.044,-0.004,0
4.8680,0.74560,0.00945,-0.00115,0.72990,0.00000,-0.043,-0.004,0
4.9200,0.75341,0.00945,-0.00115,0.73770,0.00000,-0.043,-0.004,0
4.9720,0.76121,0.00944,-0.00115,0.74550,0.00000,-0.043,-0.004,0
5.0240,0.76901,0.00943,-0.00115,0.75330,0.00000,-0.043,-0.004,0
5.0760,0.77680,0.00942,-0.00115,0.76110,0.00000,-0.043,-0.004,0
5.1280,0.78459,0.00940,-0.00115,0.76890,0.00000,-0.043,-0.004,0
5.1800,0.79239,0.00939,-0.00115,0.77670,0.00000,-0.043,-0.004,0
5.2320,0.80019,0.00939,-0.00115,0.78450,0.00000,-0.043,-0.004,0
5.2840,0.80799,0.00939,-0.00115,0.79230,0.00000,-0.043,-0.004,0
5.3360,0.81579,0.00938,-0.00115,0.80010,0.00000,-0.043,-0.004,0
5.3880,0.82360,0.00937,-0.00114,0.80790,0.00000,-0.042,-0.004,0
5.4400,0.83139,0.00937,-0.00114,0.81570,0.00000,-0.042,-0.004,0
5.4920,0.83919,0.00936,-0.00114,0.82350,0.00000,-0.042,-0.004,0
5.5440,0.84698,0.00935,-0.00114,0.83130,0.00000,-0.042,-0.004,0
5.5960,0.85478,0.00934,-0.00114,0.83910,0.00000,-0.042,-0.004,0
5.6480,0.86258,0.00934,-0.00114,0.84690,0.00000,-0.042,-0.004,0
5.7000,0.87037,0.00933,-0.00114,0.85470,0.00000,-0.042,-0.004,0
5.7520,0.87817,0.00932,-0.00114,0.86250,0.00000,-0.042,-0.004,0
5.8040,0.88596,0.00931,-0.00114,0.87030,0.00000,-0.042,-0.004,0
5.8560,0.89375,0.00930,-0.00114,0.87810,0.00000,-0.042,-0.004,0
5.9080,0.90153,0.00928,-0.00114,0.88590,0.00000,-0.041,-0.004,0
5.9600,0.90932,0.00927,-0.00114,0.89370,0.00000,-0.041,-0.004,0
6.0120,0.91712,0.00927,-0.00114,0.90150,0.00000,-0.041,-0.004,0
6.0640,0.92492,0.00927,-0.00114,0.90930,0.00000,-0.041,-0.004,0
6.1160,0.93272,0.00927,-0.00114,0.91710,0.00000,-0.041,-0.004,0
6.1680,0.94053,0.00927,-0.00114,0.92490,0.00000,-0.041,-0.004,0
6.2200,0.94834,0.00927,-0.00114,0.93270,0.00000,-0.041,-0.004,0
6.2720,0.95613,0.00927,-0.00114,0.94050,0.00000,-0.041,-0.004,0
6.3240,0.96394,0.00928,-0.00114,0.94830,0.00000,-0.041,-0.004,0
6.3760,0.97175,0.00928,-0.00114,0.95610,0.00000,-0.041,-0.004,0
6.4280,0.97956,0.00929,-0.00114,0.96390,0.00000,-0.041,-0.004,0
6.4800,0.98738,0.00930,-0.00114,0.97170,0.00000,-0.041,-0.004,0
6.5320,0.99519,0.00931,-0.00114,0.97950,0.00000,-0.041,-0.004,0
6.5840,1.00302,0.00933,-0.00114,0.98730,0.00000,-0.041,-0.004,0
6.6360,1.01084,0.00935,-0.00114,0.99510,0.00000,-0.041,-0.004,0
6.6880,1.01865,0.00936,-0.00114,1.00000,0.00290,-0.041,-0.004,0
6.7400,1.02608,0.00965,-0.00114,1.00000,0.01070,0.547,0.003,0
6.7920,1.03223,0.01080,-0.00114,1.00000,0.01850,3.062,0.018,0
6.8440,1.03711,0.01277,-0.00114,1.00000,0.02630,6.777,0.013,0
6.8960,1.04088,0.01540,-0.00113,1.00000,0.03410,10.577,0.007,0
6.9480,1.04373,0.01862,-0.00113,1.00000,0.04190,14.279,0.002,0
7.0000,1.04583,0.02238,-0.00113,1.00000,0.04970,17.882,-0.000,0
7.0520,1.04736,0.02665,-0.00113,1.00000,0.05750,21.404,-0.002,0
7.1040,1.04843,0.03140,-0.00113,1.00000,0.06530,24.862,-0.002,0
7.1560,1.04918,0.03661,-0.00112,1.00000,0.07310,28.266,-0.002,0
7.2080,1.04968,0.04228,-0.00112,1.00000,0.08090,31.625,-0.002,0
7.2600,1.05003,0.04838,-0.00112,1.00000,0.08870,34.948,-0.001,0
7.3120,1.05027,0.05491,-0.00112,1.00000,0.09650,38.238,-0.001,0
7.3640,1.05045,0.06186,-0.00112,1.00000,0.10430,41.501,-0.001,0
7.4160,1.05060,0.06921,-0.00112,1.00000,0.11210,44.740,-0.001,0
7.4680,1.05074,0.07696,-0.00112,1.00000,0.11990,47.958,-0.001,0
7.5200,1.05088,0.08508,-0.00112,1.00000,0.12770,51.157,-0.001,0
7.5720,1.05105,0.09358,-0.00112,1.00000,0.13550,54.338,-0.002,0
7.6240,1.05123,0.10244,-0.00112,1.00000,0.14330,57.505,-0.003,0
7.6760,1.05143,0.11164,-0.00112,1.00000,0.15110,60.657,-0.004,0
7.7280,1.05160,0.12116,-0.00112,1.00000,0.15890,63.797,-0.005,0
7.7800,1.05177,0.13098,-0.00112,1.00000,0.16670,66.925,-0.007,0
7.8320,1.05189,0.14108,-0.00113,1.00000,0.17450,70.043,-0.008,0
7.8840,1.05194,0.15143,-0.00113,1.00000,0.18230,73.151,-0.010,0
7.9360,1.05188,0.16199,-0.00113,1.00000,0.19010,76.249,-0.012,0
7.9880,1.05169,0.17273,-0.00113,1.00000,0.19790,79.338,-0.014,0
8.0380,1.05139,0.18319,-0.00113,1.00000,0.20540,82.298,-0.016,0
8.0880,1.05094,0.19375,-0.00113,1.00000,0.21290,85.236,-0.017,0
8.1380,1.05032,0.20436,-0.00113,1.00000,0.22040,88.016,-0.019,0
8.1880,1.04954,0.21495,-0.00113,1.00000,0.22790,89.910,-0.021,0
8.2380,1.04865,0.22539,-0.00113,1.00000,0.23540,90.217,-0.022,0
8.2880,1.04770,0.23563,-0.00113,1.00000,0.24290,90.138,-0.023,0
8.3380,1.04672,0.24566,-0.00113,1.00000,0.25040,90.094,-0.023,0
8.3880,1.04571,0.25549,-0.00113,1.00000,0.25790,90.071,-0.024,0
8.4380,1.04469,0.26513,-0.00113,1.00000,0.26540,90.052,-0.025,0
8.4880,1.04366,0.27457,-0.00113,1.00000,0.27290,90.037,-0.025,0
8.5380,1.04262,0.28382,-0.00113,1.00000,0.28040,90.025,-0.025,0
8.5880,1.04160,0.29290,-0.00113,1.00000,0.28790,90.015,-0.025,0
8.6380,1.04058,0.30180,-0.00113,1.00000,0.29540,90.007,-0.025,0
8.6880,1.03958,0.31055,-0.00113,1.00000,0.30290,90.000,-0.025,0
8.7380,1.03861,0.31914,-0.00113,1.00000,0.31040,89.995,-0.024,0
8.7880,1.03767,0.32759,-0.00113,1.00000,0.31790,89.991,-0.024,0
8.8380,1.03677,0.33591,-0.00113,1.00000,0.32540,89.987,-0.024,0
8.8880,1.03591,0.34411,-0.00113,1.00000,0.33290,89.985,-0.023,0
8.9380,1.03507,0.35220,-0.00113,1.00000,0.34040,89.983,-0.023,0
8.9880,1.03427,0.36018,-0.00113,1.00000,0.34790,89.981,-0.022,0
9.0380,1.03349,0.36806,-0.00113,1.00000,0.35540,89.980,-0.022,0
9.0880,1.03275,0.37586,-0.00113,1.00000,0.36290,89.979,-0.021,0
9.1380,1.03205,0.38359,-0.00113,1.00000,0.37040,89.979,-0.021,0
9.1880,1.03139,0.39124,-0.00113,1.00000,0.37790,89.978,-0.021,0
9.2380,1.03078,0.39884,-0.00113,1.00000,0.38540,89.978,-0.020,0
9.2880,1.03021,0.40639,-0.00113,1.00000,0.39290,89.978,-0.020,0
9.3380,1.02968,0.41389,-0.00113,1.00000,0.40040,89.978,-0.019,0
9.3880,1.02918,0.42136,-0.00113,1.00000,0.40790,89.978,-0.019,0
9.4380,1.02871,0.42879,-0.00113,1.00000,0.41540,89.978,-0.018,0
9.4880,1.02827,0.43619,-0.00113,1.00000,0.42290,89.977,-0.018,0
9.5380,1.02787,0.44356,-0.00113,1.00000,0.43040,89.977,-0.018,0
9.5880,1.02751,0.45093,-0.00113,1.00000,0.43790,89.977,-0.017,0
9.6380,1.02719,0.45828,-0.00113,1.00000,0.44540,89.977,-0.017,0
9.6880,1.02691,0.46562,-0.00113,1.00000,0.45290,89.977,-0.017,0
9.7380,1.02665,0.47296,-0.00113,1.00000,0.46040,89.977,-0.017,0
9.7880,1.02641,0.48029,-0.00113,1.00000,0.46790,89.977,-0.016,0
9.8380,1.02616,0.48760,-0.00113,1.00000,0.47540,89.977,-0.016,0
9.8880,1.02594,0.49492,-0.00113,1.00000,0.48290,89.976,-0.016,0
9.9380,1.02574,0.50224,-0.00113,1.00000,0.49040,89.976,-0.016,0
9.9880,1.02557,0.50957,-0.00113,1.00000,0.49790,89.976,-0.016,0
10.0380,1.02541,0.51690,-0.00113,1.00000,0.50540,89.975,-0.016,0
10.0880,1.02528,0.52424,-0.00113,1.00000,0.51290,89.975,-0.016,0
10.1380,1.02516,0.53158,-0.00113,1.00000,0.52040,89.975,-0.016,0
10.1880,1.02506,0.53894,-0.00113,1.00000,0.52790,89.974,-0.015,0
10.2380,1.02497,0.54630,-0.00113,1.00000,0.53540,89.974,-0.015,0
10.2880,1.02490,0.55367,-0.00113,1.00000,0.54290,89.974,-0.015,0
10.3380,1.02483,0.56105,-0.00114,1.00000,0.55040,89.974,-0.015,0
10.3880,1.02477,0.56844,-0.00114,1.00000,0.55790,89.973,-0.015,0
10.4380,1.02472,0.57583,-0.00114,1.00000,0.56540,89.973,-0.015,0
10.4880,1.02467,0.58323,-0.00114,1.00000,0.57290,89.973,-0.015,0
10.5380,1.02462,0.59064,-0.00114,1.00000,0.58040,89.972,-0.015,0
10.5880,1.02458,0.59806,-0.00114,1.00000,0.58790,89.972,-0.015,0
10.6380,1.02454,0.60548,-0.00114,1.00000,0.59540,89.972,-0.015,0
10.6880,1.02449,0.61291,-0.00114,1.00000,0.60290,89.971,-0.015,0
10.7380,1.02444,0.62034,-0.00114,1.00000,0.61040,89.971,-0.015,0
10.7880,1.02440,0.62778,-0.00114,1.00000,0.61790,89.971,-0.015,0
10.8380,1.02437,0.63523,-0.00114,1.00000,0.62540,89.970,-0.015,0
10.8880,1.02435,0.64269,-0.00114,1.00000,0.63290,89.970,-0.015,0
10.9380,1.02433,0.65015,-0.00114,1.00000,0.64040,89.970,-0.015,0
10.9880,1.02431,0.65762,-0.00114,1.00000,0.64790,89.969,-0.015,0
11.0380,1.02430,0.66509,-0.00114,1.00000,0.65540,89.969,-0.015,0
11.0880,1.02430,0.67257,-0.00114,1.00000,0.66290,89.969,-0.015,0
11.1380,1.02430,0.68005,-0.00114,1.00000,0.67040,89.969,-0.015,0
11.1880,1.02429,0.68754,-0.00114,1.00000,0.67790,89.969,-0.015,0
11.2380,1.02429,0.69503,-0.00114,1.00000,0.68540,89.968,-0.015,0
11.2880,1.02430,0.70252,-0.00114,1.00000,0.69290,89.968,-0.015,0
11.3380,1.02430,0.71002,-0.00114,1.00000,0.70040,89.968,-0.015,0
11.3880,1.02430,0.71751,-0.00114,1.00000,0.70790,89.968,-0.015,0
11.4380,1.02430,0.72501,-0.00114,1.00000,0.71540,89.968,-0.016,0
11.4880,1.02429,0.73251,-0.00114,1.00000,0.72290,89.968,-0.016,0
11.5380,1.02428,0.74001,-0.00114,1.00000,0.73040,89.968,-0.016,0
11.5880,1.02428,0.74751,-0.00114,1.00000,0.73790,89.968,-0.016,0
11.6380,1.02427,0.75501,-0.00114,1.00000,0.74540,89.967,-0.016,0
11.6880,1.02428,0.76251,-0.00114,1.00000,0.75290,89.967,-0.016,0
11.7380,1.02430,0.77003,-0.00114,1.00000,0.76040,89.967,-0.016,0
11.7880,1.02431,0.77753,-0.00114,1.00000,0.76790,89.967,-0.016,0
11.8380,1.02432,0.78504,-0.00114,1.00000,0.77540,89.967,-0.016,0
11.8880,1.02434,0.79255,-0.00114,1.00000,0.78290,89.967,-0.016,0
11.9380,1.02436,0.80007,-0.00114,1.00000,0.79040,89.967,-0.016,0
11.9880,1.02439,0.80758,-0.00114,1.00000,0.79790,89.967,-0.016,0
12.0380,1.02444,0.81510,-0.00114,1.00000,0.80540,89.967,-0.016,0
12.0880,1.02448,0.82262,-0.00114,1.00000,0.81290,89.967,-0.016,0
12.1380,1.02452,0.83014,-0.00114,1.00000,0.82040,89.967,-0.016,0
12.1880,1.02453,0.83765,-0.00114,1.00000,0.82790,89.968,-0.016,0
12.2380,1.02455,0.84516,-0.00114,1.00000,0.83540,89.968,-0.016,0
12.2880,1.02457,0.85267,-0.00114,1.00000,0.84290,89.968,-0.016,0
12.3380,1.02458,0.86018,-0.00114,1.00000,0.85040,89.968,-0.016,0
12.3880,1.02460,0.86769,-0.00114,1.00000,0.85790,89.968,-0.016,0
12.4380,1.02462,0.87519,-0.00114,1.00000,0.86540,89.968,-0.016,0
12.4880,1.02464,0.88270,-0.00114,1.00000,0.87290,89.968,-0.016,0
12.5380,1.02467,0.89022,-0.00114,1.00000,0.88040,89.968,-0.016,0
12.5880,1.02471,0.89773,-0.00114,1.00000,0.88790,89.968,-0.016,0
12.6380,1.02475,0.90524,-0.00114,1.00000,0.89540,89.968,-0.016,0
12.6880,1.02477,0.91275,-0.00114,1.00000,0.90290,89.968,-0.016,0
12.7380,1.02479,0.92026,-0.00114,1.00000,0.91040,89.968,-0.016,0
12.7880,1.02481,0.92777,-0.00114,1.00000,0.91790,89.968,-0.016,0
12.8380,1.02482,0.93527,-0.00114,1.00000,0.92540,89.968,-0.016,0
12.8880,1.02483,0.94277,-0.00114,1.00000,0.93290,89.969,-0.016,0
12.9380,1.02485,0.95028,-0.00114,1.00000,0.94040,89.969,-0.016,0
12.9880,1.02487,0.95779,-0.00114,1.00000,0.94790,89.969,-0.016,0
13.0380,1.02487,0.96528,-0.00114,1.00000,0.95540,89.969,-0.016,0
13.0880,1.02486,0.97278,-0.00114,1.00000,0.96290,89.969,-0.016,0
13.1380,1.02486,0.98028,-0.00114,1.00000,0.97040,89.969,-0.016,0
13.1880,1.02485,0.98778,-0.00114,1.00000,0.97790,89.969,-0.016,0
13.2380,1.02486,0.99528,-0.00114,1.00000,0.98540,89.969,-0.016,0
13.2880,1.02486,1.00278,-0.00114,1.00000,0.99290,89.969,-0.016,0
13.3380,1.02485,1.01027,-0.00114,0.99960,1.00000,89.969,-0.016,0
13.3880,1.02459,1.01743,-0.00114,0.99210,1.00000,90.496,-0.009,0
13.4380,1.02355,1.02355,-0.00114,0.98460,1.00000,92.764,0.006,0
13.4880,1.02170,1.02875,-0.00113,0.97710,1.00000,96.159,0.002,0
13.5380,1.01913,1.03317,-0.00113,0.96960,1.00000,99.690,-0.005,0
13.5880,1.01589,1.03690,-0.00113,0.96210,1.00000,103.158,-0.010,0
13.6380,1.01206,1.04007,-0.00113,0.95460,1.00000,106.547,-0.014,0
13.6880,1.00768,1.04276,-0.00112,0.94710,1.00000,109.868,-0.017,0
13.7380,1.00276,1.04506,-0.00112,0.93960,1.00000,113.133,-0.019,0
13.7880,0.99732,1.04702,-0.00112,0.93210,1.00000,116.351,-0.020,0
13.8380,0.99141,1.04870,-0.00112,0.92460,1.00000,119.530,-0.022,0
13.8880,0.98504,1.05016,-0.00112,0.91710,1.00000,122.675,-0.023,0
13.9380,0.97822,1.05143,-0.00112,0.90960,1.00000,125.792,-0.024,0
13.9880,0.97097,1.05252,-0.00112,0.90210,1.00000,128.885,-0.026,0
14.0380,0.96332,1.05345,-0.00112,0.89460,1.00000,131.958,-0.027,0
14.0880,0.95528,1.05422,-0.00112,0.88710,1.00000,135.014,-0.029,0
14.1380,0.94688,1.05483,-0.00112,0.87960,1.00000,138.057,-0.030,0
14.1880,0.93812,1.05526,-0.00112,0.87210,1.00000,141.088,-0.032,0
14.2380,0.92905,1.05550,-0.00112,0.86460,1.00000,144.110,-0.034,0
14.2880,0.91971,1.05555,-0.00112,0.85710,1.00000,147.124,-0.036,0
14.3380,0.91013,1.05540,-0.00111,0.84960,1.00000,150.134,-0.038,0
14.3880,0.90036,1.05504,-0.00111,0.84210,1.00000,153.141,-0.040,0
14.4380,0.89045,1.05445,-0.00111,0.83460,1.00000,156.145,-0.043,0
14.4880,0.88042,1.05363,-0.00111,0.82710,1.00000,159.150,-0.045,0
14.5380,0.87032,1.05256,-0.00111,0.81960,1.00000,162.155,-0.047,0
14.5880,0.86018,1.05124,-0.00111,0.81210,1.00000,165.164,-0.049,0
14.6380,0.85006,1.04967,-0.00111,0.80460,1.00000,168.176,-0.051,0
14.6880,0.83996,1.04783,-0.00111,0.79710,1.00000,171.194,-0.053,0
14.7380,0.82994,1.04575,-0.00110,0.78960,1.00000,174.205,-0.054,0
14.7880,0.82004,1.04344,-0.00110,0.78210,1.00000,177.079,-0.056,0
14.8380,0.81032,1.04094,-0.00110,0.77460,1.00000,179.070,-0.057,0
14.8880,0.80087,1.03842,-0.00110,0.76710,1.00000,179.448,-0.058,0
14.9380,0.79172,1.03599,-0.00110,0.75960,1.00000,179.455,-0.060,0
14.9880,0.78283,1.03369,-0.00110,0.75210,1.00000,179.488,-0.060,0
15.0380,0.77417,1.03150,-0.00110,0.74460,1.00000,179.529,-0.061,0
15.0880,0.76570,1.02943,-0.00110,0.73710,1.00000,179.564,-0.061,0
15.1380,0.75741,1.02747,-0.00110,0.72960,1.00000,179.593,-0.061,0
15.1880,0.74929,1.02564,-0.00110,0.72210,1.00000,179.617,-0.061,0
15.2380,0.74131,1.02392,-0.00110,0.71460,1.00000,179.638,-0.061,0
15.2880,0.73345,1.02232,-0.00110,0.70710,1.00000,179.655,-0.061,0
15.3380,0.72569,1.02083,-0.00110,0.69960,1.00000,179.670,-0.060,0
15.3880,0.71804,1.01946,-0.00110,0.69210,1.00000,179.683,-0.060,0
15.4380,0.71046,1.01819,-0.00110,0.68460,1.00000,179.693,-0.060,0
15.4880,0.70295,1.01703,-0.00110,0.67710,1.00000,179.703,-0.059,0
15.5380,0.69549,1.01595,-0.00110,0.66960,1.00000,179.711,-0.059,0
15.5880,0.68807,1.01497,-0.00110,0.66210,1.00000,179.718,-0.058,0
15.6380,0.68069,1.01408,-0.00110,0.65460,1.00000,179.724,-0.058,0
15.6880,0.67333,1.01326,-0.00111,0.64710,1.00000,179.729,-0.057,0
15.7380,0.66600,1.01253,-0.00111,0.63960,1.00000,179.734,-0.057,0
15.7880,0.65869,1.01187,-0.00111,0.63210,1.00000,179.738,-0.057,0
15.8380,0.65140,1.01129,-0.00111,0.62460,1.00000,179.742,-0.056,0
15.8880,0.64413,1.01078,-0.00111,0.61710,1.00000,179.745,-0.056,0
15.9380,0.63688,1.01033,-0.00111,0.60960,1.00000,179.748,-0.056,0
15.9880,0.62962,1.00994,-0.00111,0.60210,1.00000,179.751,-0.056,0
16.0400,0.62208,1.00960,-0.00112,0.59430,1.00000,179.753,-0.056,0
16.0920,0.61453,1.00929,-0.00112,0.58650,1.00000,179.755,-0.055,0
16.1440,0.60698,1.00904,-0.00112,0.57870,1.00000,179.757,-0.055,0
16.1960,0.59941,1.00882,-0.00112,0.57090,1.00000,179.759,-0.055,0
16.2480,0.59184,1.00865,-0.00112,0.56310,1.00000,179.760,-0.055,0
16.3000,0.58426,1.00851,-0.00112,0.55530,1.00000,179.762,-0.055,0
16.3520,0.57668,1.00841,-0.00112,0.54750,1.00000,179.763,-0.055,0
16.4040,0.56909,1.00833,-0.00112,0.53970,1.00000,179.764,-0.055,0
16.4560,0.56149,1.00829,-0.00112,0.53190,1.00000,179.765,-0.055,0
16.5080,0.55389,1.00826,-0.00112,0.52410,1.00000,179.766,-0.055,0
16.5600,0.54627,1.00826,-0.00113,0.51630,1.00000,179.767,-0.055,0
16.6120,0.53863,1.00826,-0.00113,0.50850,1.00000,179.767,-0.055,0
16.6640,0.53098,1.00828,-0.00113,0.50070,1.00000,179.768,-0.055,0
16.7160,0.52331,1.00830,-0.00113,0.49290,1.00000,179.769,-0.055,0
16.7680,0.51563,1.00833,-0.00113,0.48510,1.00000,179.769,-0.055,0
16.8200,0.50793,1.00837,-0.00113,0.47730,1.00000,179.770,-0.055,0
16.8720,0.50022,1.00841,-0.00113,0.46950,1.00000,179.771,-0.055,0
16.9240,0.49250,1.00846,-0.00113,0.46170,1.00000,179.771,-0.055,0
16.9760,0.48478,1.00852,-0.00113,0.45390,1.00000,179.772,-0.055,0
17.0280,0.47705,1.00858,-0.00113,0.44610,1.00000,179.772,-0.055,0
17.0800,0.46931,1.00864,-0.00113,0.43830,1.00000,179.773,-0.055,0
17.1320,0.46158,1.00872,-0.00113,0.43050,1.00000,179.773,-0.055,0
17.1840,0.45384,1.00879,-0.00113,0.42270,1.00000,179.773,-0.055,0
17.2360,0.44609,1.00886,-0.00113,0.41490,1.00000,179.774,-0.055,0
17.2880,0.43834,1.00894,-0.00113,0.40710,1.00000,179.774,-0.055,0
17.3400,0.43059,1.00902,-0.00113,0.39930,1.00000,179.774,-0.055,0
17.3920,0.42284,1.00909,-0.00113,0.39150,1.00000,179.774,-0.055,0
17.4440,0.41507,1.00916,-0.00113,0.38370,1.00000,179.774,-0.055,0
17.4960,0.40731,1.00923,-0.00113,0.37590,1.00000,179.774,-0.055,0
17.5480,0.39954,1.00929,-0.00113,0.36810,1.00000,179.774,-0.055,0
17.6000,0.39176,1.00935,-0.00113,0.36030,1.00000,179.774,-0.055,0
17.6520,0.38399,1.00941,-0.00113,0.35250,1.00000,179.774,-0.055,0
17.7040,0.37621,1.00947,-0.00113,0.34470,1.00000,179.774,-0.055,0
17.7560,0.36843,1.00952,-0.00113,0.33690,1.00000,179.774,-0.055,0
17.8080,0.36064,1.00958,-0.00113,0.32910,1.00000,179.774,-0.055,0
17.8600,0.35287,1.00963,-0.00113,0.32130,1.00000,179.774,-0.055,0
17.9120,0.34510,1.00969,-0.00113,0.31350,1.00000,179.774,-0.055,0
17.9640,0.33734,1.00975,-0.00113,0.30570,1.00000,179.774,-0.055,0
18.0160,0.32958,1.00981,-0.00113,0.29790,1.00000,179.773,-0.055,0
18.0680,0.32182,1.00987,-0.00113,0.29010,1.00000,179.773,-0.056,0
18.1200,0.31406,1.00992,-0.00113,0.28230,1.00000,179.773,-0.056,0
18.1720,0.30631,1.00998,-0.00113,0.27450,1.00000,179.772,-0.056,0
18.2240,0.29856,1.01003,-0.00113,0.26670,1.00000,179.772,-0.056,0
18.2760,0.29080,1.01008,-0.00113,0.25890,1.00000,179.771,-0.056,0
18.3280,0.28303,1.01011,-0.00113,0.25110,1.00000,179.771,-0.056,0
18.3800,0.27525,1.01014,-0.00113,0.24330,1.00000,179.771,-0.056,0
18.4320,0.26746,1.01015,-0.00113,0.23550,1.00000,179.771,-0.056,0
18.4840,0.25967,1.01017,-0.00113,0.22770,1.00000,179.771,-0.056,0
18.5360,0.25188,1.01019,-0.00113,0.21990,1.00000,179.771,-0.056,0
18.5880,0.24409,1.01020,-0.00113,0.21210,1.00000,179.771,-0.056,0
18.6400,0.23630,1.01021,-0.00113,0.20430,1.00000,179.771,-0.056,0
18.6920,0.22852,1.01023,-0.00113,0.19650,1.00000,179.771,-0.056,0
18.7440,0.22074,1.01024,-0.00113,0.18870,1.00000,179.770,-0.056,0
18.7960,0.21296,1.01026,-0.00113,0.18090,1.00000,179.770,-0.056,0
18.8480,0.20518,1.01028,-0.00113,0.17310,1.00000,179.770,-0.056,0
18.9000,0.19740,1.01029,-0.00113,0.16530,1.00000,179.770,-0.056,0
18.9520,0.18962,1.01030,-0.00113,0.15750,1.00000,179.769,-0.056,0
19.0040,0.18184,1.01031,-0.00113,0.14970,1.00000,179.769,-0.056,0
19.0560,0.17406,1.01032,-0.00113,0.14190,1.00000,179.769,-0.056,0
19.1080,0.16629,1.01034,-0.00113,0.13410,1.00000,179.769,-0.056,0
19.1600,0.15851,1.01035,-0.00113,0.12630,1.00000,179.768,-0.056,0
19.2120,0.15074,1.01037,-0.00113,0.11850,1.00000,179.768,-0.056,0
19.2640,0.14296,1.01037,-0.00113,0.11070,1.00000,179.768,-0.056,0
19.3160,0.13516,1.01036,-0.00113,0.10290,1.00000,179.768,-0.056,0
19.3680,0.12736,1.01036,-0.00113,0.09510,1.00000,179.768,-0.056,0
19.4200,0.11956,1.01035,-0.00113,0.08730,1.00000,179.768,-0.056,0
19.4720,0.11176,1.01034,-0.00113,0.07950,1.00000,179.768,-0.056,0
19.5240,0.10396,1.01033,-0.00113,0.07170,1.00000,179.768,-0.056,0
19.5760,0.09616,1.01033,-0.00113,0.06390,1.00000,179.768,-0.056,0
19.6280,0.08837,1.01033,-0.00113,0.05610,1.00000,179.768,-0.056,0
19.6800,0.08057,1.01033,-0.00113,0.04830,1.00000,179.768,-0.056,0
19.7320,0.07278,1.01032,-0.00113,0.04050,1.00000,179.768,-0.056,0
19.7840,0.06498,1.01032,-0.00113,0.03270,1.00000,179.768,-0.056,0
19.8360,0.05718,1.01031,-0.00113,0.02490,1.00000,179.768,-0.056,0
19.8880,0.04937,1.01031,-0.00113,0.01710,1.00000,179.768,-0.056,0
19.9400,0.04157,1.01029,-0.00113,0.00930,1.00000,179.768,-0.056,0
19.9920,0.03376,1.01028,-0.00113,0.00150,1.00000,179.768,-0.056,0
20.0440,0.02595,1.01027,-0.00113,0.00000,0.99370,179.768,-0.056,0
20.0960,0.01867,1.00990,-0.00113,0.00000,0.98590,-179.466,-0.046,0
20.1480,0.01283,1.00786,-0.00113,0.00000,0.97810,-176.787,-0.014,0
20.2000,0.00819,1.00411,-0.00113,0.00000,0.97030,-173.001,-0.008,0
20.2520,0.00432,0.99954,-0.00112,0.00000,0.96250,-169.054,-0.029,0
20.3040,0.00119,0.99423,-0.00111,0.00000,0.95470,-165.199,-0.035,0
20.3560,-0.00127,0.98825,-0.00110,0.00000,0.94690,-161.478,-0.038,0
20.4080,-0.00314,0.98170,-0.00109,0.00000,0.93910,-157.863,-0.041,0
20.4600,-0.00448,0.97464,-0.00109,0.00000,0.93130,-154.335,-0.043,0
20.5120,-0.00535,0.96713,-0.00108,0.00000,0.92350,-150.877,-0.044,0
20.5640,-0.00582,0.95923,-0.00108,0.00000,0.91570,-147.476,-0.045,0
20.6160,-0.00594,0.95098,-0.00108,0.00000,0.90790,-144.122,-0.046,0
20.6680,-0.00573,0.94243,-0.00107,0.00000,0.90010,-140.806,-0.046,0
20.7200,-0.00525,0.93364,-0.00107,0.00000,0.89230,-137.520,-0.047,0
20.7720,-0.00450,0.92465,-0.00107,0.00000,0.88450,-134.258,-0.047,0
20.8240,-0.00354,0.91550,-0.00107,0.00000,0.87670,-131.015,-0.048,0
20.8760,-0.00236,0.90622,-0.00107,0.00000,0.86890,-127.787,-0.048,0
20.9280,-0.00101,0.89687,-0.00107,0.00000,0.86110,-124.569,-0.048,0
20.9800,0.00051,0.88748,-0.00107,0.00000,0.85330,-121.359,-0.048,0
21.0320,0.00217,0.87809,-0.00107,0.00000,0.84550,-118.154,-0.049,0
21.0840,0.00395,0.86872,-0.00107,0.00000,0.83770,-114.950,-0.049,0
21.1360,0.00581,0.85941,-0.00107,0.00000,0.82990,-111.745,-0.049,0
21.1880,0.00776,0.85018,-0.00107,0.00000,0.82210,-108.537,-0.049,0
21.2400,0.00977,0.84106,-0.00107,0.00000,0.81430,-105.323,-0.049,0
21.2920,0.01183,0.83206,-0.00107,0.00000,0.80650,-102.100,-0.049,0
21.3440,0.01390,0.82318,-0.00108,0.00000,0.79870,-98.866,-0.048,0
21.3960,0.01598,0.81446,-0.00108,0.00000,0.79090,-95.634,-0.048,0
21.4480,0.01806,0.80588,-0.00108,0.00000,0.78310,-92.597,-0.047,0
21.5000,0.02010,0.79741,-0.00108,0.00000,0.77530,-90.789,-0.047,0
21.5520,0.02198,0.78899,-0.00108,0.00000,0.76750,-90.409,-0.047,0
21.6040,0.02365,0.78058,-0.00109,0.00000,0.75970,-90.320,-0.047,0
21.6560,0.02511,0.77220,-0.00109,0.00000,0.75190,-90.220,-0.046,0
21.7080,0.02636,0.76384,-0.00109,0.00000,0.74410,-90.129,-0.046,0
21.7600,0.02742,0.75549,-0.00109,0.00000,0.73630,-90.054,-0.046,0
21.8120,0.02831,0.74717,-0.00110,0.00000,0.72850,-89.992,-0.045,0
21.8640,0.02905,0.73888,-0.00110,0.00000,0.72070,-89.942,-0.045,0
21.9160,0.02965,0.73061,-0.00110,0.00000,0.71290,-89.900,-0.045,0
21.9680,0.03013,0.72237,-0.00110,0.00000,0.70510,-89.866,-0.045,0
22.0200,0.03051,0.71416,-0.00111,0.00000,0.69730,-89.838,-0.044,0
22.0720,0.03079,0.70598,-0.00111,0.00000,0.68950,-89.815,-0.044,0
22.1240,0.03099,0.69782,-0.00111,0.00000,0.68170,-89.796,-0.044,0
22.1760,0.03113,0.68969,-0.00111,0.00000,0.67390,-89.780,-0.044,0
22.2280,0.03121,0.68160,-0.00111,0.00000,0.66610,-89.767,-0.044,0
22.2800,0.03125,0.67353,-0.00111,0.00000,0.65830,-89.756,-0.044,0
22.3320,0.03123,0.66548,-0.00112,0.00000,0.65050,-89.747,-0.043,0
22.3840,0.03118,0.65746,-0.00112,0.00000,0.64270,-89.739,-0.043,0
22.4360,0.03110,0.64946,-0.00112,0.00000,0.63490,-89.732,-0.043,0
22.4880,0.03097,0.64148,-0.00112,0.00000,0.62710,-89.727,-0.043,0
22.5400,0.03082,0.63351,-0.00112,0.00000,0.61930,-89.722,-0.043,0
22.5920,0.03065,0.62557,-0.00112,0.00000,0.61150,-89.719,-0.043,0
22.6440,0.03046,0.61764,-0.00112,0.00000,0.60370,-89.715,-0.042,0
22.6960,0.03027,0.60972,-0.00112,0.00000,0.59590,-89.713,-0.042,0
22.7480,0.03006,0.60182,-0.00112,0.00000,0.58810,-89.710,-0.042,0
22.8000,0.02984,0.59393,-0.00112,0.00000,0.58030,-89.708,-0.042,0
22.8520,0.02963,0.58605,-0.00113,0.00000,0.57250,-89.707,-0.042,0
22.9040,0.02941,0.57818,-0.00113,0.00000,0.56470,-89.705,-0.042,0
22.9560,0.02919,0.57032,-0.00113,0.00000,0.55690,-89.704,-0.042,0
23.0080,0.02897,0.56247,-0.00113,0.00000,0.54910,-89.703,-0.042,0
23.0600,0.02877,0.55463,-0.00113,0.00000,0.54130,-89.702,-0.042,0
23.1120,0.02858,0.54681,-0.00113,0.00000,0.53350,-89.701,-0.042,0
23.1640,0.02840,0.53898,-0.00113,0.00000,0.52570,-89.701,-0.042,0
23.2160,0.02823,0.53117,-0.00113,0.00000,0.51790,-89.700,-0.041,0
23.2680,0.02807,0.52336,-0.00113,0.00000,0.51010,-89.699,-0.041,0
23.3200,0.02790,0.51555,-0.00113,0.00000,0.50230,-89.698,-0.041,0
23.3720,0.02775,0.50775,-0.00113,0.00000,0.49450,-89.698,-0.041,0
23.4240,0.02761,0.49995,-0.00113,0.00000,0.48670,-89.697,-0.041,0
23.4760,0.02748,0.49215,-0.00113,0.00000,0.47890,-89.697,-0.041,0
23.5280,0.02735,0.48436,-0.00113,0.00000,0.47110,-89.696,-0.041,0
23.5800,0.02723,0.47656,-0.00113,0.00000,0.46330,-89.696,-0.041,0
23.6320,0.02712,0.46877,-0.00113,0.00000,0.45550,-89.696,-0.041,0
23.6840,0.02702,0.46098,-0.00113,0.00000,0.44770,-89.695,-0.041,0
23.7360,0.02692,0.45319,-0.00113,0.00000,0.43990,-89.695,-0.041,0
23.7880,0.02682,0.44540,-0.00113,0.00000,0.43210,-89.695,-0.041,0
23.8400,0.02672,0.43761,-0.00113,0.00000,0.42430,-89.695,-0.041,0
23.8920,0.02664,0.42982,-0.00113,0.00000,0.41650,-89.694,-0.041,0
23.9440,0.02658,0.42203,-0.00113,0.00000,0.40870,-89.694,-0.041,0
23.9960,0.02651,0.41424,-0.00113,0.00000,0.40090,-89.694,-0.041,0
24.0480,0.02644,0.40645,-0.00113,0.00000,0.39310,-89.694,-0.041,0
24.1000,0.02637,0.39866,-0.00113,0.00000,0.38530,-89.694,-0.041,0
24.1520,0.02630,0.39086,-0.00113,0.00000,0.37750,-89.694,-0.041,0
24.2040,0.02624,0.38307,-0.00113,0.00000,0.36970,-89.694,-0.041,0
24.2560,0.02620,0.37528,-0.00113,0.00000,0.36190,-89.694,-0.041,0
24.3080,0.02616,0.36749,-0.00113,0.00000,0.35410,-89.694,-0.041,0
24.3600,0.02612,0.35969,-0.00113,0.00000,0.34630,-89.694,-0.041,0
24.4120,0.02610,0.35190,-0.00113,0.00000,0.33850,-89.694,-0.041,0
24.4640,0.02609,0.34412,-0.00113,0.00000,0.33070,-89.693,-0.041,0
24.5160,0.02609,0.33633,-0.00113,0.00000,0.32290,-89.693,-0.041,0
24.5680,0.02608,0.32854,-0.00113,0.00000,0.31510,-89.693,-0.041,0
24.6200,0.02608,0.32075,-0.00113,0.00000,0.30730,-89.693,-0.041,0
24.6720,0.02607,0.31296,-0.00113,0.00000,0.29950,-89.693,-0.041,0
24.7240,0.02606,0.30517,-0.00113,0.00000,0.29170,-89.692,-0.041,0
24.7760,0.02605,0.29738,-0.00113,0.00000,0.28390,-89.692,-0.041,0
24.8280,0.02605,0.28959,-0.00113,0.00000,0.27610,-89.692,-0.041,0
24.8800,0.02605,0.28179,-0.00113,0.00000,0.26830,-89.692,-0.041,0
24.9320,0.02605,0.27400,-0.00113,0.00000,0.26050,-89.692,-0.041,0
24.9840,0.02607,0.26621,-0.00113,0.00000,0.25270,-89.692,-0.041,0
25.0360,0.02609,0.25843,-0.00113,0.00000,0.24490,-89.692,-0.041,0
25.0880,0.02610,0.25063,-0.00113,0.00000,0.23710,-89.691,-0.041,0
25.1400,0.02610,0.24284,-0.00113,0.00000,0.22930,-89.691,-0.041,0
25.1920,0.02611,0.23504,-0.00113,0.00000,0.22150,-89.691,-0.041,0
25.2440,0.02611,0.22725,-0.00113,0.00000,0.21370,-89.691,-0.041,0
25.2960,0.02611,0.21945,-0.00113,0.00000,0.20590,-89.691,-0.041,0
25.3480,0.02610,0.21165,-0.00113,0.00000,0.19810,-89.691,-0.041,0
25.4000,0.02608,0.20384,-0.00113,0.00000,0.19030,-89.691,-0.041,0
25.4520,0.02603,0.19603,-0.00113,0.00000,0.18250,-89.692,-0.041,0
25.5040,0.02599,0.18822,-0.00113,0.00000,0.17470,-89.692,-0.041,0
25.5560,0.02595,0.18041,-0.00113,0.00000,0.16690,-89.692,-0.041,0
25.6080,0.02590,0.17259,-0.00113,0.00000,0.15910,-89.693,-0.041,0
25.6600,0.02586,0.16478,-0.00113,0.00000,0.15130,-89.693,-0.041,0
25.7120,0.02582,0.15696,-0.00113,0.00000,0.14350,-89.694,-0.041,0
25.7640,0.02580,0.14915,-0.00113,0.00000,0.13570,-89.694,-0.041,0
25.8160,0.02579,0.14135,-0.00113,0.00000,0.12790,-89.694,-0.041,0
25.8680,0.02579,0.13355,-0.00113,0.00000,0.12010,-89.694,-0.041,0
25.9200,0.02581,0.12575,-0.00113,0.00000,0.11230,-89.694,-0.041,0
25.9720,0.02581,0.11795,-0.00113,0.00000,0.10450,-89.694,-0.041,0
26.0240,0.02581,0.11015,-0.00113,0.00000,0.09670,-89.694,-0.041,0
26.0760,0.02581,0.10234,-0.00113,0.00000,0.08890,-89.694,-0.041,0
26.1280,0.02580,0.09454,-0.00113,0.00000,0.08110,-89.694,-0.041,0
26.1800,0.02581,0.08674,-0.00113,0.00000,0.07330,-89.694,-0.041,0
26.2320,0.02582,0.07894,-0.00113,0.00000,0.06550,-89.694,-0.041,0
26.2840,0.02582,0.07114,-0.00113,0.00000,0.05770,-89.694,-0.041,0
26.3360,0.02582,0.06334,-0.00113,0.00000,0.04990,-89.694,-0.041,0
26.3880,0.02580,0.05554,-0.00113,0.00000,0.04210,-89.694,-0.041,0
26.4400,0.02578,0.04773,-0.00113,0.00000,0.03430,-89.694,-0.041,0
26.4920,0.02576,0.03992,-0.00113,0.00000,0.02650,-89.694,-0.041,0
26.5440,0.02575,0.03211,-0.00113,0.00000,0.01870,-89.694,-0.041,0
26.5960,0.02574,0.02431,-0.00113,0.00000,0.01090,-89.695,-0.041,0
26.6480,0.02574,0.01651,-0.00113,0.00000,0.00310,-89.695,-0.041,0
26.7000,0.02574,0.00871,-0.00113,0.00470,0.00000,-89.695,-0.041,1
26.7520,0.02618,0.00161,-0.00113,0.01250,0.00000,-88.661,-0.028,1
26.8040,0.02757,-0.00409,-0.00113,0.02030,0.00000,-85.706,-0.018,1
26.8560,0.02994,-0.00848,-0.00113,0.02810,0.00000,-81.947,-0.023,1
26.9080,0.03313,-0.01171,-0.00113,0.03590,0.00000,-78.196,-0.028,1
26.9600,0.03703,-0.01398,-0.00112,0.04370,0.00000,-74.554,-0.031,1
27.0120,0.04155,-0.01545,-0.00112,0.05150,0.00000,-71.012,-0.032,1
27.0640,0.04659,-0.01628,-0.00112,0.05930,0.00000,-67.549,-0.032,1
27.1160,0.05209,-0.01661,-0.00112,0.06710,0.00000,-64.151,-0.031,1
27.1680,0.05802,-0.01652,-0.00113,0.07490,0.00000,-60.804,-0.029,1
27.2200,0.06434,-0.01613,-0.00113,0.08270,0.00000,-57.498,-0.027,1
27.2720,0.07099,-0.01552,-0.00113,0.09050,0.00000,-54.226,-0.025,1
27.3240,0.07796,-0.01474,-0.00113,0.09830,0.00000,-50.982,-0.023,1
27.3760,0.08524,-0.01385,-0.00113,0.10610,0.00000,-47.761,-0.021,1
27.4280,0.09279,-0.01289,-0.00113,0.11390,0.00000,-44.559,-0.019,1
27.4800,0.10058,-0.01192,-0.00113,0.12170,0.00000,-41.372,-0.018,1
27.5320,0.10859,-0.01094,-0.00113,0.12950,0.00000,-38.200,-0.016,1
27.5840,0.11681,-0.00998,-0.00113,0.13730,0.00000,-35.039,-0.015,1
27.6360,0.12523,-0.00903,-0.00113,0.14510,0.00000,-31.889,-0.014,1
27.6880,0.13381,-0.00813,-0.00113,0.15290,0.00000,-28.748,-0.013,1
27.7400,0.14254,-0.00727,-0.00113,0.16070,0.00000,-25.614,-0.012,1
27.7920,0.15140,-0.00645,-0.00113,0.16850,0.00000,-22.489,-0.012,1
27.8440,0.16036,-0.00567,-0.00113,0.17630,0.00000,-19.370,-0.012,1
27.8960,0.16943,-0.00491,-0.00113,0.18410,0.00000,-16.259,-0.011,1
27.9480,0.17858,-0.00419,-0.00114,0.19190,0.00000,-13.154,-0.011,1
28.0000,0.18778,-0.00348,-0.00114,0.19970,0.00000,-10.057,-0.011,1
28.0520,0.19702,-0.00281,-0.00114,0.20750,0.00000,-6.969,-0.011,1
28.1040,0.20628,-0.00214,-0.00114,0.21530,0.00000,-3.914,-0.011,1
28.1560,0.21554,-0.00148,-0.00114,0.22310,0.00000,-1.158,-0.011,1
28.2080,0.22482,-0.00084,-0.00114,0.23090,0.00000,0.087,-0.010,1
28.2600,0.23415,-0.00019,-0.00114,0.23870,0.00000,0.175,-0.010,1
28.3120,0.24351,0.00046,-0.00114,0.24650,0.00000,0.113,-0.010,1
28.3640,0.25288,0.00111,-0.00114,0.25430,0.00000,0.086,-0.010,1
28.4160,0.26224,0.00174,-0.00114,0.26210,0.00000,0.070,-0.010,1
28.4680,0.27158,0.00236,-0.00114,0.26990,0.00000,0.056,-0.009,1
28.5200,0.28087,0.00296,-0.00114,0.27770,0.00000,0.045,-0.009,1
28.5720,0.29010,0.00354,-0.00114,0.28550,0.00000,0.035,-0.009,1
28.6240,0.29928,0.00409,-0.00114,0.29330,0.00000,0.026,-0.009,1
28.6760,0.30839,0.00462,-0.00114,0.30110,0.00000,0.019,-0.009,1
28.7280,0.31742,0.00513,-0.00114,0.30890,0.00000,0.012,-0.009,1
28.7800,0.32638,0.00562,-0.00114,0.31670,0.00000,0.006,-0.009,1
28.8320,0.33526,0.00608,-0.00114,0.32450,0.00000,0.001,-0.009,1
28.8840,0.34406,0.00651,-0.00114,0.33230,0.00000,-0.004,-0.009,1
28.9360,0.35276,0.00691,-0.00114,0.34010,0.00000,-0.008,-0.008,1
28.9880,0.36139,0.00729,-0.00114,0.34790,0.00000,-0.012,-0.008,1
29.0400,0.36994,0.00764,-0.00114,0.35570,0.00000,-0.016,-0.008,1
29.0920,0.37842,0.00797,-0.00114,0.36350,0.00000,-0.019,-0.008,1
29.1440,0.38682,0.00827,-0.00114,0.37130,0.00000,-0.022,-0.007,1
29.1960,0.39514,0.00854,-0.00114,0.37910,0.00000,-0.025,-0.007,1
29.2480,0.40340,0.00879,-0.00114,0.38690,0.00000,-0.028,-0.007,1
29.3000,0.41159,0.00902,-0.00114,0.39470,0.00000,-0.031,-0.007,1
29.3520,0.41973,0.00923,-0.00114,0.40250,0.00000,-0.033,-0.006,1
29.4040,0.42781,0.00942,-0.00114,0.41030,0.00000,-0.035,-0.006,1
29.4560,0.43585,0.00959,-0.00114,0.41810,0.00000,-0.037,-0.006,1
29.5080,0.44385,0.00976,-0.00114,0.42590,0.00000,-0.039,-0.006,1
29.5600,0.45182,0.00991,-0.00114,0.43370,0.00000,-0.041,-0.005,1
29.6120,0.45975,0.01005,-0.00114,0.44150,0.00000,-0.043,-0.005,1
29.6640,0.46765,0.01017,-0.00114,0.44930,0.00000,-0.045,-0.005,1
29.7160,0.47551,0.01028,-0.00114,0.45710,0.00000,-0.046,-0.005,1
29.7680,0.48335,0.01038,-0.00114,0.46490,0.00000,-0.048,-0.004,1
29.8200,0.49117,0.01046,-0.00114,0.47270,0.00000,-0.049,-0.004,1
29.8720,0.49895,0.01053,-0.00114,0.48050,0.00000,-0.050,-0.004,1
29.9240,0.50672,0.01058,-0.00114,0.48830,0.00000,-0.051,-0.004,1
29.9760,0.51446,0.01061,-0.00114,0.49610,0.00000,-0.052,-0.004,1
30.0280,0.52219,0.01064,-0.00114,0.50390,0.00000,-0.053,-0.003,1
30.0800,0.52991,0.01066,-0.00114,0.51170,0.00000,-0.054,-0.003,1
30.1320,0.53762,0.01067,-0.00114,0.51950,0.00000,-0.054,-0.003,1
30.1840,0.54532,0.01068,-0.00114,0.52730,0.00000,-0.055,-0.003,1
30.2360,0.55302,0.01067,-0.00114,0.53510,0.00000,-0.055,-0.003,1
30.2880,0.56071,0.01066,-0.00114,0.54290,0.00000,-0.055,-0.003,1
30.3400,0.56841,0.01065,-0.00114,0.55070,0.00000,-0.056,-0.003,1
30.3920,0.57611,0.01064,-0.00114,0.55850,0.00000,-0.056,-0.003,1
30.4440,0.58381,0.01062,-0.00114,0.56630,0.00000,-0.056,-0.003,1
30.4960,0.59151,0.01061,-0.00114,0.57410,0.00000,-0.056,-0.003,1
30.5480,0.59922,0.01059,-0.00114,0.58190,0.00000,-0.056,-0.002,1
30.6000,0.60694,0.01058,-0.00114,0.58970,0.00000,-0.056,-0.002,1
30.6520,0.61467,0.01057,-0.00114,0.59750,0.00000,-0.056,-0.002,1
30.7040,0.62241,0.01056,-0.00114,0.60530,0.00000,-0.057,-0.002,1
30.7560,0.63015,0.01055,-0.00114,0.61310,0.00000,-0.057,-0.002,1
30.8080,0.63788,0.01053,-0.00114,0.62090,0.00000,-0.057,-0.002,1
30.8600,0.64561,0.01050,-0.00114,0.62870,0.00000,-0.057,-0.002,1
30.9120,0.65334,0.01047,-0.00114,0.63650,0.00000,-0.056,-0.002,1
30.9640,0.66109,0.01045,-0.00114,0.64430,0.00000,-0.056,-0.002,1
31.0160,0.66884,0.01043,-0.00114,0.65210,0.00000,-0.056,-0.002,1
31.0680,0.67659,0.01040,-0.00114,0.65990,0.00000,-0.056,-0.002,1
31.1200,0.68434,0.01038,-0.00114,0.66770,0.00000,-0.056,-0.002,1
31.1720,0.69210,0.01035,-0.00114,0.67550,0.00000,-0.056,-0.002,1
31.2240,0.69985,0.01032,-0.00114,0.68330,0.00000,-0.056,-0.002,1
31.2760,0.70762,0.01030,-0.00114,0.69110,0.00000,-0.055,-0.002,1
31.3280,0.71539,0.01028,-0.00114,0.69890,0.00000,-0.055,-0.002,1
31.3800,0.72316,0.01025,-0.00114,0.70670,0.00000,-0.055,-0.002,1
31.4320,0.73094,0.01023,-0.00114,0.71450,0.00000,-0.055,-0.002,1
31.4840,0.73871,0.01021,-0.00114,0.72230,0.00000,-0.055,-0.002,1
31.5360,0.74650,0.01019,-0.00114,0.73010,0.00000,-0.054,-0.002,1
31.5880,0.75429,0.01018,-0.00114,0.73790,0.00000,-0.054,-0.002,1
31.6400,0.76208,0.01016,-0.00114,0.74570,0.00000,-0.054,-0.003,1
31.6920,0.76987,0.01015,-0.00114,0.75350,0.00000,-0.054,-0.003,1
31.7440,0.77767,0.01014,-0.00114,0.76130,0.00000,-0.054,-0.003,1
31.7960,0.78547,0.01013,-0.00114,0.76910,0.00000,-0.054,-0.003,1
31.8480,0.79326,0.01012,-0.00114,0.77690,0.00000,-0.054,-0.003,1
31.9000,0.80107,0.01011,-0.00114,0.78470,0.00000,-0.054,-0.003,1
31.9520,0.80887,0.01011,-0.00114,0.79250,0.00000,-0.053,-0.003,1
32.0040,0.81667,0.01010,-0.00114,0.80030,0.00000,-0.053,-0.003,1
32.0540,0.82417,0.01009,-0.00114,0.80780,0.00000,-0.053,-0.003,1
32.1040,0.83168,0.01008,-0.00114,0.81530,0.00000,-0.053,-0.003,1
32.1540,0.83918,0.01008,-0.00114,0.82280,0.00000,-0.053,-0.003,1
32.2040,0.84669,0.01008,-0.00114,0.83030,0.00000,-0.053,-0.003,1
32.2540,0.85420,0.01008,-0.00114,0.83780,0.00000,-0.053,-0.003,1
32.3040,0.86172,0.01009,-0.00114,0.84530,0.00000,-0.053,-0.003,1
32.3540,0.86925,0.01010,-0.00114,0.85280,0.00000,-0.053,-0.003,1
32.4040,0.87677,0.01012,-0.00114,0.86030,0.00000,-0.053,-0.003,1
32.4540,0.88430,0.01013,-0.00114,0.86780,0.00000,-0.053,-0.003,1
32.5040,0.89182,0.01014,-0.00114,0.87530,0.00000,-0.053,-0.003,1
32.5540,0.89934,0.01015,-0.00114,0.88280,0.00000,-0.053,-0.003,1
32.6040,0.90686,0.01016,-0.00114,0.89030,0.00000,-0.053,-0.003,1
32.6540,0.91437,0.01017,-0.00114,0.89780,0.00000,-0.054,-0.003,1
32.7040,0.92189,0.01018,-0.00114,0.90530,0.00000,-0.054,-0.003,1
32.7540,0.92940,0.01018,-0.00114,0.91280,0.00000,-0.054,-0.003,1
32.8040,0.93690,0.01019,-0.00114,0.92030,0.00000,-0.054,-0.003,1
32.8540,0.94440,0.01018,-0.00114,0.92780,0.00000,-0.054,-0.003,1
32.9040,0.95190,0.01018,-0.00114,0.93530,0.00000,-0.054,-0.003,1
32.9540,0.95940,0.01018,-0.00114,0.94280,0.00000,-0.054,-0.003,1
33.0040,0.96690,0.01018,-0.00114,0.95030,0.00000,-0.054,-0.003,1
33.0540,0.97440,0.01018,-0.00114,0.95780,0.00000,-0.054,-0.003,1
33.1040,0.98191,0.01019,-0.00114,0.96530,0.00000,-0.054,-0.003,1
33.1540,0.98941,0.01019,-0.00114,0.97280,0.00000,-0.054,-0.003,1
33.2040,0.99691,0.01018,-0.00114,0.98030,0.00000,-0.054,-0.003,1
33.2540,1.00441,0.01018,-0.00114,0.98780,0.00000,-0.054,-0.003,1
33.3040,1.01191,0.01019,-0.00114,0.99530,0.00000,-0.054,-0.003,1
33.3540,1.01941,0.01019,-0.00114,1.00000,0.00280,-0.052,-0.003,1
33.4040,1.02621,0.01069,-0.00114,1.00000,0.01030,1.027,0.010,1
33.4540,1.03182,0.01196,-0.00114,1.00000,0.01780,3.791,0.019,1
33.5040,1.03630,0.01395,-0.00114,1.00000,0.02530,7.277,0.013,1
33.5540,1.03980,0.01652,-0.00113,1.00000,0.03280,10.791,0.007,1
33.6040,1.04249,0.01961,-0.00113,1.00000,0.04030,14.232,0.004,1
33.6540,1.04452,0.02318,-0.00113,1.00000,0.04780,17.601,0.001,1
33.7040,1.04604,0.02721,-0.00113,1.00000,0.05530,20.913,0.000,1
33.7540,1.04715,0.03167,-0.00113,1.00000,0.06280,24.179,-0.000,1
33.8040,1.04796,0.03656,-0.00113,1.00000,0.07030,27.406,-0.000,1
33.8540,1.04855,0.04185,-0.00113,1.00000,0.07780,30.601,0.000,1
33.9040,1.04900,0.04754,-0.00113,1.00000,0.08530,33.769,0.000,1
33.9540,1.04934,0.05362,-0.00112,1.00000,0.09280,36.913,0.001,1
34.0040,1.04963,0.06008,-0.00112,1.00000,0.10030,40.038,0.001,1
34.0540,1.04989,0.06691,-0.00112,1.00000,0.10780,43.144,0.001,1
34.1040,1.05015,0.07411,-0.00112,1.00000,0.11530,46.235,0.001,1
34.1540,1.05044,0.08166,-0.00112,1.00000,0.12280,49.311,0.001,1
34.2040,1.05074,0.08956,-0.00112,1.00000,0.13030,52.375,0.001,1
34.2540,1.05105,0.09778,-0.00112,1.00000,0.13780,55.428,-0.000,1
34.3040,1.05137,0.10633,-0.00113,1.00000,0.14530,58.471,-0.001,1
34.3540,1.05169,0.11517,-0.00113,1.00000,0.15280,61.505,-0.002,1
34.4040,1.05198,0.12431,-0.00113,1.00000,0.16030,64.532,-0.004,1
34.4540,1.05224,0.13372,-0.00113,1.00000,0.16780,67.552,-0.006,1
34.5040,1.05244,0.14339,-0.00113,1.00000,0.17530,70.568,-0.007,1
34.5540,1.05256,0.15328,-0.00113,1.00000,0.18280,73.580,-0.009,1
34.6040,1.05259,0.16338,-0.00113,1.00000,0.19030,76.590,-0.011,1
34.6540,1.05251,0.17365,-0.00113,1.00000,0.19780,79.599,-0.013,1
34.7040,1.05229,0.18406,-0.00113,1.00000,0.20530,82.607,-0.015,1
34.7540,1.05192,0.19458,-0.00113,1.00000,0.21280,85.594,-0.016,1
34.8040,1.05138,0.20516,-0.00113,1.00000,0.22030,88.323,-0.018,1
34.8540,1.05067,0.21570,-0.00113,1.00000,0.22780,89.683,-0.019,1
34.9040,1.04987,0.22608,-0.00113,1.00000,0.23530,89.858,-0.021,1
34.9540,1.04900,0.23625,-0.00113,1.00000,0.24280,89.841,-0.022,1
35.0040,1.04805,0.24622,-0.00113,1.00000,0.25030,89.857,-0.022,1
35.0540,1.04707,0.25600,-0.00113,1.00000,0.25780,89.877,-0.023,1
35.1040,1.04606,0.26558,-0.00113,1.00000,0.26530,89.894,-0.024,1
35.1540,1.04505,0.27498,-0.00113,1.00000,0.27280,89.908,-0.024,1
35.2040,1.04404,0.28420,-0.00113,1.00000,0.28030,89.920,-0.024,1
35.2540,1.04304,0.29325,-0.00113,1.00000,0.28780,89.930,-0.024,1
35.3040,1.04204,0.30213,-0.00113,1.00000,0.29530,89.938,-0.024,1
35.3540,1.04105,0.31085,-0.00113,1.00000,0.30280,89.944,-0.024,1
35.4040,1.04010,0.31942,-0.00113,1.00000,0.31030,89.950,-0.024,1
35.4540,1.03918,0.32786,-0.00113,1.00000,0.31780,89.955,-0.023,1
35.5040,1.03829,0.33617,-0.00113,1.00000,0.32530,89.959,-0.023,1
35.5540,1.03744,0.34436,-0.00113,1.00000,0.33280,89.963,-0.023,1
35.6040,1.03662,0.35244,-0.00113,1.00000,0.34030,89.966,-0.022,1
35.6540,1.03584,0.36042,-0.00113,1.00000,0.34780,89.968,-0.022,1
35.7040,1.03510,0.36831,-0.00113,1.00000,0.35530,89.971,-0.021,1
35.7540,1.03439,0.37611,-0.00113,1.00000,0.36280,89.973,-0.021,1
35.8040,1.03372,0.38383,-0.00113,1.00000,0.37030,89.974,-0.020,1
35.8540,1.03308,0.39149,-0.00113,1.00000,0.37780,89.976,-0.020,1
35.9040,1.03249,0.39909,-0.00113,1.00000,0.38530,89.977,-0.019,1
35.9540,1.03193,0.40664,-0.00113,1.00000,0.39280,89.978,-0.019,1
36.0040,1.03141,0.41415,-0.00113,1.00000,0.40030,89.979,-0.019,1
36.0540,1.03093,0.42162,-0.00113,1.00000,0.40780,89.980,-0.018,1
36.1040,1.03048,0.42905,-0.00113,1.00000,0.41530,89.981,-0.018,1
36.1540,1.03005,0.43645,-0.00113,1.00000,0.42280,89.982,-0.018,1
36.2040,1.02965,0.44383,-0.00113,1.00000,0.43030,89.982,-0.017,1
36.2540,1.02928,0.45119,-0.00113,1.00000,0.43780,89.982,-0.017,1
36.3040,1.02893,0.45853,-0.00113,1.00000,0.44530,89.982,-0.017,1
36.3540,1.02862,0.46586,-0.00113,1.00000,0.45280,89.983,-0.016,1
36.4040,1.02833,0.47319,-0.00113,1.00000,0.46030,89.983,-0.016,1
36.4540,1.02807,0.48051,-0.00113,1.00000,0.46780,89.983,-0.016,1
36.5040,1.02783,0.48783,-0.00113,1.00000,0.47530,89.983,-0.016,1
36.5540,1.02761,0.49515,-0.00113,1.00000,0.48280,89.982,-0.016,1
36.6040,1.02742,0.50248,-0.00113,1.00000,0.49030,89.982,-0.015,1
36.6540,1.02725,0.50981,-0.00113,1.00000,0.49780,89.982,-0.015,1
36.7040,1.02710,0.51714,-0.00113,1.00000,0.50530,89.982,-0.015,1
36.7540,1.02697,0.52448,-0.00114,1.00000,0.51280,89.982,-0.015,1
36.8040,1.02686,0.53183,-0.00114,1.00000,0.52030,89.981,-0.015,1
36.8540,1.02677,0.53919,-0.00114,1.00000,0.52780,89.981,-0.015,1
36.9040,1.02670,0.54656,-0.00114,1.00000,0.53530,89.981,-0.015,1
36.9540,1.02663,0.55393,-0.00114,1.00000,0.54280,89.981,-0.015,1
37.0040,1.02659,0.56132,-0.00114,1.00000,0.55030,89.980,-0.015,1
37.0540,1.02656,0.56872,-0.00114,1.00000,0.55780,89.980,-0.015,1
37.1040,1.02655,0.57612,-0.00114,1.00000,0.56530,89.980,-0.015,1
37.1540,1.02653,0.58354,-0.00114,1.00000,0.57280,89.980,-0.015,1
37.2040,1.02651,0.59095,-0.00114,1.00000,0.58030,89.979,-0.015,1
37.2540,1.02650,0.59838,-0.00114,1.00000,0.58780,89.979,-0.015,1
37.3040,1.02649,0.60581,-0.00114,1.00000,0.59530,89.979,-0.015,1
37.3540,1.02647,0.61325,-0.00114,1.00000,0.60280,89.979,-0.015,1
37.4040,1.02645,0.62069,-0.00114,1.00000,0.61030,89.978,-0.015,1
37.4540,1.02645,0.62814,-0.00114,1.00000,0.61780,89.978,-0.015,1
37.5040,1.02644,0.63560,-0.00114,1.00000,0.62530,89.978,-0.015,1
37.5540,1.02644,0.64306,-0.00114,1.00000,0.63280,89.978,-0.015,1
37.6040,1.02646,0.65053,-0.00114,1.00000,0.64030,89.978,-0.015,1
37.6540,1.02649,0.65801,-0.00114,1.00000,0.64780,89.977,-0.015,1
37.7040,1.02652,0.66550,-0.00114,1.00000,0.65530,89.977,-0.015,1
37.7540,1.02655,0.67298,-0.00114,1.00000,0.66280,89.977,-0.015,1
37.8040,1.02657,0.68047,-0.00114,1.00000,0.67030,89.977,-0.015,1
37.8540,1.02660,0.68797,-0.00114,1.00000,0.67780,89.977,-0.015,1
37.9040,1.02662,0.69546,-0.00114,1.00000,0.68530,89.977,-0.015,1
37.9540,1.02664,0.70296,-0.00114,1.00000,0.69280,89.977,-0.015,1
38.0040,1.02667,0.71046,-0.00114,1.00000,0.70030,89.977,-0.015,1
38.0540,1.02668,0.71796,-0.00114,1.00000,0.70780,89.977,-0.015,1
38.1040,1.02669,0.72546,-0.00114,1.00000,0.71530,89.977,-0.015,1
38.1540,1.02669,0.73296,-0.00114,1.00000,0.72280,89.977,-0.015,1
38.2040,1.02669,0.74045,-0.00114,1.00000,0.73030,89.977,-0.015,1
38.2540,1.02669,0.74795,-0.00114,1.00000,0.73780,89.977,-0.015,1
38.3040,1.02669,0.75546,-0.00114,1.00000,0.74530,89.977,-0.015,1
38.3540,1.02669,0.76296,-0.00114,1.00000,0.75280,89.977,-0.015,1
38.4040,1.02668,0.77046,-0.00114,1.00000,0.76030,89.977,-0.015,1
38.4540,1.02668,0.77796,-0.00114,1.00000,0.76780,89.976,-0.015,1
38.5040,1.02667,0.78546,-0.00114,1.00000,0.77530,89.976,-0.015,1
38.5540,1.02666,0.79296,-0.00114,1.00000,0.78280,89.976,-0.015,1
38.6040,1.02666,0.80047,-0.00114,1.00000,0.79030,89.976,-0.015,1
38.6540,1.02665,0.80797,-0.00114,1.00000,0.79780,89.976,-0.015,1
38.7040,1.02664,0.81547,-0.00114,1.00000,0.80530,89.976,-0.015,1
38.7540,1.02663,0.82298,-0.00114,1.00000,0.81280,89.976,-0.015,1
38.8040,1.02662,0.83048,-0.00114,1.00000,0.82030,89.976,-0.015,1
38.8540,1.02661,0.83798,-0.00114,1.00000,0.82780,89.976,-0.015,1
38.9040,1.02661,0.84548,-0.00114,1.00000,0.83530,89.976,-0.015,1
38.9540,1.02661,0.85299,-0.00114,1.00000,0.84280,89.976,-0.015,1
39.0040,1.02661,0.86049,-0.00114,1.00000,0.85030,89.976,-0.015,1
39.0540,1.02661,0.86800,-0.00114,1.00000,0.85780,89.976,-0.015,1
39.1040,1.02662,0.87551,-0.00114,1.00000,0.86530,89.976,-0.015,1
39.1540,1.02663,0.88301,-0.00114,1.00000,0.87280,89.976,-0.015,1
39.2040,1.02663,0.89052,-0.00114,1.00000,0.88030,89.976,-0.015,1
39.2540,1.02663,0.89802,-0.00114,1.00000,0.88780,89.976,-0.015,1
39.3040,1.02662,0.90552,-0.00114,1.00000,0.89530,89.976,-0.015,1
39.3540,1.02662,0.91302,-0.00114,1.00000,0.90280,89.976,-0.015,1
39.4040,1.02660,0.92052,-0.00114,1.00000,0.91030,89.976,-0.015,1
39.4540,1.02657,0.92801,-0.00114,1.00000,0.91780,89.976,-0.015,1
39.5040,1.02654,0.93551,-0.00114,1.00000,0.92530,89.976,-0.015,1
39.5540,1.02653,0.94300,-0.00114,1.00000,0.93280,89.976,-0.015,1
39.6040,1.02650,0.95050,-0.00114,1.00000,0.94030,89.976,-0.015,1
39.6540,1.02646,0.95799,-0.00114,1.00000,0.94780,89.976,-0.015,1
39.7040,1.02642,0.96548,-0.00114,1.00000,0.95530,89.976,-0.015,1
39.7540,1.02638,0.97297,-0.00114,1.00000,0.96280,89.975,-0.015,1
39.8040,1.02635,0.98046,-0.00114,1.00000,0.97030,89.975,-0.015,1
39.8540,1.02630,0.98795,-0.00114,1.00000,0.97780,89.975,-0.015,1
39.9040,1.02626,0.99544,-0.00114,1.00000,0.98530,89.975,-0.015,1
39.9540,1.02622,1.00293,-0.00114,1.00000,0.99280,89.975,-0.015,1
40.0040,1.02617,1.01041,-0.00114,0.99970,1.00000,89.977,-0.015,1
40.0540,1.02566,1.01725,-0.00114,0.99220,1.00000,91.051,-0.002,1
40.1040,1.02436,1.02310,-0.00114,0.98470,1.00000,93.727,0.006,1
40.1540,1.02231,1.02810,-0.00113,0.97720,1.00000,97.072,-0.000,1
40.2040,1.01958,1.03237,-0.00113,0.96970,1.00000,100.463,-0.006,1
40.2540,1.01623,1.03601,-0.00113,0.96220,1.00000,103.799,-0.011,1
40.3040,1.01228,1.03911,-0.00113,0.95470,1.00000,107.077,-0.014,1
40.3540,1.00778,1.04176,-0.00112,0.94720,1.00000,110.307,-0.017,1
40.4040,1.00276,1.04404,-0.00112,0.93970,1.00000,113.497,-0.019,1
40.4540,0.99726,1.04601,-0.00112,0.93220,1.00000,116.653,-0.020,1
40.5040,0.99128,1.04773,-0.00112,0.92470,1.00000,119.781,-0.022,1
40.5540,0.98484,1.04923,-0.00112,0.91720,1.00000,122.885,-0.023,1
40.6040,0.97798,1.05055,-0.00112,0.90970,1.00000,125.968,-0.024,1
40.6540,0.97071,1.05170,-0.00112,0.90220,1.00000,129.035,-0.026,1
40.7040,0.96304,1.05270,-0.00112,0.89470,1.00000,132.087,-0.027,1
40.7540,0.95500,1.05355,-0.00112,0.88720,1.00000,135.128,-0.029,1
40.8040,0.94661,1.05424,-0.00112,0.87970,1.00000,138.159,-0.030,1
40.8540,0.93788,1.05476,-0.00112,0.87220,1.00000,141.183,-0.032,1
40.9040,0.92884,1.05509,-0.00112,0.86470,1.00000,144.202,-0.034,1
40.9540,0.91953,1.05522,-0.00112,0.85720,1.00000,147.218,-0.036,1
41.0040,0.90997,1.05513,-0.00112,0.84970,1.00000,150.234,-0.039,1
41.0540,0.90022,1.05483,-0.00111,0.84220,1.00000,153.250,-0.041,1
41.1040,0.89033,1.05429,-0.00111,0.83470,1.00000,156.270,-0.043,1
41.1540,0.88032,1.05351,-0.00111,0.82720,1.00000,159.296,-0.045,1
41.2040,0.87024,1.05247,-0.00111,0.81970,1.00000,162.328,-0.048,1
41.2540,0.86013,1.05117,-0.00111,0.81220,1.00000,165.371,-0.050,1
41.3040,0.85002,1.04961,-0.00111,0.80470,1.00000,168.427,-0.052,1
41.3540,0.83997,1.04779,-0.00111,0.79720,1.00000,171.496,-0.053,1
41.4040,0.82999,1.04572,-0.00110,0.78970,1.00000,174.562,-0.055,1
41.4540,0.82014,1.04340,-0.00110,0.78220,1.00000,177.393,-0.056,1
41.5040,0.81050,1.04093,-0.00110,0.77470,1.00000,178.835,-0.058,1
41.5540,0.80115,1.03846,-0.00110,0.76720,1.00000,179.085,-0.059,1
41.6040,0.79209,1.03610,-0.00110,0.75970,1.00000,179.155,-0.060,1
41.6540,0.78327,1.03384,-0.00110,0.75220,1.00000,179.245,-0.061,1
41.7040,0.77468,1.03169,-0.00110,0.74470,1.00000,179.327,-0.062,1
41.7540,0.76629,1.02965,-0.00110,0.73720,1.00000,179.396,-0.062,1
41.8040,0.75808,1.02774,-0.00110,0.72970,1.00000,179.452,-0.062,1
41.8540,0.75003,1.02594,-0.00110,0.72220,1.00000,179.499,-0.062,1
41.9040,0.74212,1.02425,-0.00110,0.71470,1.00000,179.538,-0.062,1
41.9540,0.73432,1.02268,-0.00110,0.70720,1.00000,179.571,-0.061,1
42.0040,0.72662,1.02121,-0.00110,0.69970,1.00000,179.598,-0.061,1
42.0540,0.71901,1.01985,-0.00110,0.69220,1.00000,179.621,-0.061,1
42.1040,0.71147,1.01859,-0.00110,0.68470,1.00000,179.641,-0.060,1
42.1540,0.70400,1.01744,-0.00110,0.67720,1.00000,179.657,-0.060,1
42.2040,0.69658,1.01638,-0.00110,0.66970,1.00000,179.671,-0.059,1
42.2540,0.68920,1.01541,-0.00110,0.66220,1.00000,179.683,-0.059,1
42.3040,0.68186,1.01452,-0.00111,0.65470,1.00000,179.693,-0.059,1
42.3540,0.67454,1.01372,-0.00111,0.64720,1.00000,179.702,-0.058,1
42.4040,0.66724,1.01299,-0.00111,0.63970,1.00000,179.709,-0.058,1
42.4540,0.65994,1.01233,-0.00111,0.63220,1.00000,179.716,-0.058,1
42.5040,0.65267,1.01174,-0.00111,0.62470,1.00000,179.722,-0.057,1
42.5540,0.64540,1.01122,-0.00111,0.61720,1.00000,179.727,-0.057,1
42.6040,0.63812,1.01075,-0.00111,0.60970,1.00000,179.731,-0.057,1
42.6540,0.63085,1.01034,-0.00111,0.60220,1.00000,179.735,-0.056,1
42.7040,0.62357,1.00998,-0.00112,0.59470,1.00000,179.738,-0.056,1
42.7540,0.61630,1.00967,-0.00112,0.58720,1.00000,179.741,-0.056,1
42.8040,0.60902,1.00941,-0.00112,0.57970,1.00000,179.744,-0.056,1
42.8540,0.60174,1.00919,-0.00112,0.57220,1.00000,179.746,-0.056,1
42.9040,0.59445,1.00900,-0.00112,0.56470,1.00000,179.749,-0.056,1
42.9540,0.58714,1.00884,-0.00112,0.55720,1.00000,179.751,-0.056,1
43.0040,0.57982,1.00871,-0.00112,0.54970,1.00000,179.752,-0.055,1
43.0540,0.57250,1.00862,-0.00112,0.54220,1.00000,179.754,-0.055,1
43.1040,0.56518,1.00855,-0.00112,0.53470,1.00000,179.755,-0.055,1
43.1540,0.55783,1.00850,-0.00113,0.52720,1.00000,179.757,-0.055,1
43.2040,0.55048,1.00847,-0.00113,0.51970,1.00000,179.758,-0.055,1
43.2540,0.54312,1.00845,-0.00113,0.51220,1.00000,179.759,-0.055,1
43.3040,0.53574,1.00845,-0.00113,0.50470,1.00000,179.760,-0.055,1
43.3540,0.52835,1.00846,-0.00113,0.49720,1.00000,179.761,-0.055,1
43.4040,0.52096,1.00848,-0.00113,0.48970,1.00000,179.762,-0.055,1
43.4540,0.51355,1.00851,-0.00113,0.48220,1.00000,179.762,-0.055,1
43.5040,0.50615,1.00855,-0.00113,0.47470,1.00000,179.763,-0.055,1
43.5540,0.49872,1.00859,-0.00113,0.46720,1.00000,179.764,-0.055,1
43.6040,0.49130,1.00865,-0.00113,0.45970,1.00000,179.764,-0.055,1
43.6540,0.48386,1.00870,-0.00113,0.45220,1.00000,179.765,-0.055,1
43.7040,0.47643,1.00877,-0.00113,0.44470,1.00000,179.765,-0.055,1
43.7540,0.46899,1.00884,-0.00113,0.43720,1.00000,179.766,-0.055,1
43.8040,0.46155,1.00891,-0.00113,0.42970,1.00000,179.766,-0.055,1
43.8540,0.45409,1.00897,-0.00113,0.42220,1.00000,179.766,-0.055,1
43.9040,0.44662,1.00903,-0.00113,0.41470,1.00000,179.767,-0.056,1
43.9540,0.43916,1.00910,-0.00113,0.40720,1.00000,179.767,-0.056,1
44.0040,0.43169,1.00916,-0.00113,0.39970,1.00000,179.767,-0.056,1
44.0540,0.42422,1.00923,-0.00113,0.39220,1.00000,179.768,-0.056,1
44.1040,0.41675,1.00930,-0.00113,0.38470,1.00000,179.768,-0.056,1
44.1540,0.40927,1.00936,-0.00113,0.37720,1.00000,179.768,-0.056,1
44.2040,0.40178,1.00942,-0.00113,0.36970,1.00000,179.768,-0.056,1
44.2540,0.39430,1.00948,-0.00113,0.36220,1.00000,179.768,-0.056,1
44.3040,0.38682,1.00954,-0.00113,0.35470,1.00000,179.768,-0.056,1
44.3540,0.37933,1.00959,-0.00113,0.34720,1.00000,179.768,-0.056,1
44.4040,0.37185,1.00964,-0.00113,0.33970,1.00000,179.769,-0.056,1
44.4540,0.36436,1.00970,-0.00113,0.33220,1.00000,179.769,-0.056,1
44.5040,0.35688,1.00975,-0.00113,0.32470,1.00000,179.769,-0.056,1
44.5540,0.34939,1.00980,-0.00113,0.31720,1.00000,179.768,-0.056,1
44.6040,0.34191,1.00985,-0.00113,0.30970,1.00000,179.768,-0.056,1
44.6540,0.33442,1.00989,-0.00113,0.30220,1.00000,179.768,-0.056,1
44.7040,0.32694,1.00994,-0.00113,0.29470,1.00000,179.768,-0.056,1
44.7540,0.31946,1.00998,-0.00113,0.28720,1.00000,179.768,-0.056,1
44.8040,0.31197,1.01002,-0.00113,0.27970,1.00000,179.768,-0.056,1
44.8540,0.30448,1.01005,-0.00113,0.27220,1.00000,179.768,-0.056,1
44.9040,0.29699,1.01008,-0.00113,0.26470,1.00000,179.768,-0.056,1
44.9540,0.28949,1.01010,-0.00113,0.25720,1.00000,179.768,-0.056,1
45.0040,0.28198,1.01012,-0.00113,0.24970,1.00000,179.768,-0.056,1
45.0540,0.27448,1.01013,-0.00113,0.24220,1.00000,179.768,-0.056,1
45.1040,0.26698,1.01015,-0.00113,0.23470,1.00000,179.768,-0.056,1
45.1540,0.25949,1.01017,-0.00113,0.22720,1.00000,179.768,-0.056,1
45.2040,0.25199,1.01019,-0.00113,0.21970,1.00000,179.768,-0.056,1
45.2540,0.24449,1.01020,-0.00113,0.21220,1.00000,179.768,-0.056,1
45.3040,0.23699,1.01022,-0.00113,0.20470,1.00000,179.768,-0.056,1
45.3540,0.22950,1.01023,-0.00113,0.19720,1.00000,179.768,-0.056,1
45.4040,0.22200,1.01024,-0.00113,0.18970,1.00000,179.768,-0.056,1
45.4540,0.21450,1.01026,-0.00113,0.18220,1.00000,179.768,-0.056,1
45.5040,0.20701,1.01027,-0.00113,0.17470,1.00000,179.768,-0.056,1
45.5540,0.19951,1.01027,-0.00113,0.16720,1.00000,179.768,-0.056,1
45.6040,0.19202,1.01028,-0.00113,0.15970,1.00000,179.768,-0.056,1
45.6540,0.18453,1.01029,-0.00113,0.15220,1.00000,179.767,-0.056,1
45.7040,0.17703,1.01030,-0.00113,0.14470,1.00000,179.767,-0.056,1
45.7540,0.16952,1.01029,-0.00113,0.13720,1.00000,179.767,-0.056,1
45.8040,0.16201,1.01029,-0.00113,0.12970,1.00000,179.767,-0.056,1
45.8540,0.15451,1.01029,-0.00113,0.12220,1.00000,179.767,-0.056,1
45.9040,0.14700,1.01028,-0.00113,0.11470,1.00000,179.768,-0.056,1
45.9540,0.13949,1.01028,-0.00113,0.10720,1.00000,179.768,-0.056,1
46.0040,0.13199,1.01028,-0.00113,0.09970,1.00000,179.768,-0.056,1
46.0540,0.12449,1.01028,-0.00113,0.09220,1.00000,179.768,-0.056,1
46.1040,0.11699,1.01028,-0.00113,0.08470,1.00000,179.768,-0.056,1
46.1540,0.10949,1.01028,-0.00113,0.07720,1.00000,179.767,-0.056,1
46.2040,0.10199,1.01028,-0.00113,0.06970,1.00000,179.767,-0.056,1
46.2540,0.09449,1.01028,-0.00113,0.06220,1.00000,179.767,-0.056,1
46.3040,0.08699,1.01027,-0.00113,0.05470,1.00000,179.767,-0.056,1
46.3540,0.07949,1.01028,-0.00113,0.04720,1.00000,179.767,-0.056,1
46.4040,0.07199,1.01028,-0.00113,0.03970,1.00000,179.767,-0.056,1
46.4540,0.06450,1.01028,-0.00113,0.03220,1.00000,179.767,-0.056,1
46.5040,0.05700,1.01028,-0.00113,0.02470,1.00000,179.767,-0.056,1
46.5540,0.04950,1.01028,-0.00113,0.01720,1.00000,179.767,-0.056,1
46.6040,0.04201,1.01028,-0.00113,0.00970,1.00000,179.767,-0.056,1
46.6540,0.03451,1.01028,-0.00113,0.00220,1.00000,179.767,-0.056,1
46.7040,0.02702,1.01028,-0.00113,0.00000,0.99470,179.769,-0.056,1
46.7540,0.02024,1.00980,-0.00113,0.00000,0.98720,-179.173,-0.042,1
46.8040,0.01482,1.00750,-0.00113,0.00000,0.97970,-176.372,-0.009,1
46.8540,0.01040,1.00382,-0.00112,0.00000,0.97220,-172.789,-0.009,1
46.9040,0.00669,0.99941,-0.00112,0.00000,0.96470,-169.144,-0.028,1
46.9540,0.00365,0.99434,-0.00111,0.00000,0.95720,-165.572,-0.034,1
47.0040,0.00121,0.98867,-0.00110,0.00000,0.94970,-162.100,-0.037,1
47.0540,-0.00068,0.98247,-0.00109,0.00000,0.94220,-158.709,-0.040,1
47.1040,-0.00209,0.97582,-0.00109,0.00000,0.93470,-155.385,-0.042,1
47.1540,-0.00307,0.96874,-0.00108,0.00000,0.92720,-152.116,-0.043,1
47.2040,-0.00368,0.96130,-0.00108,0.00000,0.91970,-148.892,-0.044,1
47.2540,-0.00397,0.95353,-0.00108,0.00000,0.91220,-145.704,-0.045,1
47.3040,-0.00395,0.94548,-0.00107,0.00000,0.90470,-142.548,-0.046,1
47.3540,-0.00367,0.93719,-0.00107,0.00000,0.89720,-139.417,-0.046,1
47.4040,-0.00314,0.92870,-0.00107,0.00000,0.88970,-136.307,-0.047,1
47.4540,-0.00239,0.92006,-0.00107,0.00000,0.88220,-133.214,-0.047,1
47.5040,-0.00143,0.91129,-0.00107,0.00000,0.87470,-130.135,-0.047,1
47.5540,-0.00029,0.90243,-0.00107,0.00000,0.86720,-127.069,-0.048,1
47.6040,0.00102,0.89352,-0.00107,0.00000,0.85970,-124.012,-0.048,1
47.6540,0.00245,0.88458,-0.00107,0.00000,0.85220,-120.965,-0.048,1
47.7040,0.00401,0.87564,-0.00107,0.00000,0.84470,-117.924,-0.049,1
47.7540,0.00567,0.86674,-0.00107,0.00000,0.83720,-114.890,-0.049,1
47.8040,0.00740,0.85789,-0.00107,0.00000,0.82970,-111.862,-0.049,1
47.8540,0.00920,0.84912,-0.00107,0.00000,0.82220,-108.839,-0.049,1
47.9040,0.01104,0.84045,-0.00107,0.00000,0.81470,-105.823,-0.049,1
47.9540,0.01291,0.83187,-0.00107,0.00000,0.80720,-102.812,-0.048,1
48.0040,0.01480,0.82342,-0.00107,0.00000,0.79970,-99.808,-0.048,1
48.0540,0.01669,0.81509,-0.00108,0.00000,0.79220,-96.814,-0.048,1
48.1040,0.01859,0.80690,-0.00108,0.00000,0.78470,-93.851,-0.047,1
48.1540,0.02046,0.79883,-0.00108,0.00000,0.77720,-91.163,-0.047,1
48.2040,0.02226,0.79084,-0.00108,0.00000,0.76970,-89.802,-0.046,1
48.2540,0.02391,0.78288,-0.00109,0.00000,0.76220,-89.628,-0.046,1
48.3040,0.02537,0.77490,-0.00109,0.00000,0.75470,-89.679,-0.046,1
48.3540,0.02663,0.76693,-0.00109,0.00000,0.74720,-89.695,-0.046,1
48.4040,0.02772,0.75898,-0.00109,0.00000,0.73970,-89.700,-0.045,1
48.4540,0.02866,0.75103,-0.00110,0.00000,0.73220,-89.702,-0.045,1
48.5040,0.02945,0.74310,-0.00110,0.00000,0.72470,-89.704,-0.045,1
48.5540,0.03012,0.73519,-0.00110,0.00000,0.71720,-89.706,-0.045,1
48.6040,0.03066,0.72730,-0.00110,0.00000,0.70970,-89.706,-0.044,1
48.6540,0.03111,0.71943,-0.00110,0.00000,0.70220,-89.707,-0.044,1
48.7040,0.03148,0.71159,-0.00111,0.00000,0.69470,-89.706,-0.044,1
48.7540,0.03175,0.70377,-0.00111,0.00000,0.68720,-89.706,-0.044,1
48.8040,0.03197,0.69597,-0.00111,0.00000,0.67970,-89.705,-0.044,1
48.8540,0.03211,0.68819,-0.00111,0.00000,0.67220,-89.704,-0.044,1
48.9040,0.03220,0.68043,-0.00111,0.00000,0.66470,-89.703,-0.044,1
48.9540,0.03222,0.67269,-0.00111,0.00000,0.65720,-89.702,-0.043,1
49.0040,0.03219,0.66497,-0.00112,0.00000,0.64970,-89.702,-0.043,1
49.0540,0.03212,0.65727,-0.00112,0.00000,0.64220,-89.701,-0.043,1
49.1040,0.03201,0.64958,-0.00112,0.00000,0.63470,-89.700,-0.043,1
49.1540,0.03188,0.64191,-0.00112,0.00000,0.62720,-89.699,-0.043,1
49.2040,0.03171,0.63425,-0.00112,0.00000,0.61970,-89.698,-0.043,1
49.2540,0.03154,0.62661,-0.00112,0.00000,0.61220,-89.698,-0.043,1
49.3040,0.03135,0.61898,-0.00112,0.00000,0.60470,-89.697,-0.043,1
49.3540,0.03115,0.61137,-0.00112,0.00000,0.59720,-89.696,-0.042,1
49.4040,0.03095,0.60377,-0.00112,0.00000,0.58970,-89.696,-0.042,1
49.4540,0.03074,0.59619,-0.00112,0.00000,0.58220,-89.695,-0.042,1
49.5040,0.03053,0.58861,-0.00113,0.00000,0.57470,-89.694,-0.042,1
49.5540,0.03034,0.58105,-0.00113,0.00000,0.56720,-89.693,-0.042,1
49.6040,0.03015,0.57350,-0.00113,0.00000,0.55970,-89.693,-0.042,1
49.6540,0.02996,0.56596,-0.00113,0.00000,0.55220,-89.692,-0.042,1
49.7040,0.02978,0.55843,-0.00113,0.00000,0.54470,-89.691,-0.042,1
49.7540,0.02960,0.55090,-0.00113,0.00000,0.53720,-89.691,-0.042,1
49.8040,0.02942,0.54338,-0.00113,0.00000,0.52970,-89.690,-0.042,1
49.8540,0.02924,0.53586,-0.00113,0.00000,0.52220,-89.689,-0.042,1
49.9040,0.02907,0.52834,-0.00113,0.00000,0.51470,-89.689,-0.042,1
49.9540,0.02891,0.52083,-0.00113,0.00000,0.50720,-89.689,-0.042,1
50.0040,0.02875,0.51333,-0.00113,0.00000,0.49970,-89.688,-0.042,1
50.0540,0.02860,0.50582,-0.00113,0.00000,0.49220,-89.688,-0.042,1
50.1040,0.02846,0.49832,-0.00113,0.00000,0.48470,-89.687,-0.042,1
50.1540,0.02833,0.49083,-0.00113,0.00000,0.47720,-89.687,-0.041,1
50.2040,0.02821,0.48333,-0.00113,0.00000,0.46970,-89.687,-0.041,1
50.2540,0.02811,0.47584,-0.00113,0.00000,0.46220,-89.686,-0.041,1
50.3040,0.02802,0.46836,-0.00113,0.00000,0.45470,-89.686,-0.041,1
50.3540,0.02793,0.46087,-0.00113,0.00000,0.44720,-89.685,-0.041,1
50.4040,0.02784,0.45338,-0.00113,0.00000,0.43970,-89.685,-0.041,1
50.4540,0.02775,0.44589,-0.00113,0.00000,0.43220,-89.685,-0.041,1
50.5040,0.02766,0.43840,-0.00113,0.00000,0.42470,-89.685,-0.041,1
50.5540,0.02757,0.43091,-0.00113,0.00000,0.41720,-89.685,-0.041,1
50.6040,0.02748,0.42341,-0.00113,0.00000,0.40970,-89.684,-0.041,1
50.6540,0.02741,0.41592,-0.00113,0.00000,0.40220,-89.684,-0.041,1
50.7040,0.02733,0.40843,-0.00113,0.00000,0.39470,-89.684,-0.041,1
50.7540,0.02726,0.40093,-0.00113,0.00000,0.38720,-89.684,-0.041,1
50.8040,0.02720,0.39344,-0.00113,0.00000,0.37970,-89.684,-0.041,1
50.8540,0.02715,0.38595,-0.00113,0.00000,0.37220,-89.684,-0.041,1
50.9040,0.02710,0.37845,-0.00113,0.00000,0.36470,-89.684,-0.041,1
50.9540,0.02704,0.37096,-0.00113,0.00000,0.35720,-89.684,-0.041,1
51.0040,0.02698,0.36346,-0.00113,0.00000,0.34970,-89.684,-0.041,1
51.0540,0.02693,0.35596,-0.00113,0.00000,0.34220,-89.684,-0.041,1
51.1040,0.02689,0.34846,-0.00113,0.00000,0.33470,-89.685,-0.041,1
51.1540,0.02685,0.34096,-0.00113,0.00000,0.32720,-89.685,-0.041,1
51.2040,0.02681,0.33346,-0.00113,0.00000,0.31970,-89.685,-0.041,1
51.2540,0.02679,0.32597,-0.00113,0.00000,0.31220,-89.685,-0.041,1
51.3040,0.02675,0.31847,-0.00113,0.00000,0.30470,-89.685,-0.041,1
51.3540,0.02672,0.31097,-0.00113,0.00000,0.29720,-89.685,-0.041,1
51.4040,0.02671,0.30347,-0.00113,0.00000,0.28970,-89.685,-0.041,1
51.4540,0.02668,0.29597,-0.00113,0.00000,0.28220,-89.685,-0.041,1
51.5040,0.02666,0.28847,-0.00113,0.00000,0.27470,-89.685,-0.041,1
51.5540,0.02665,0.28097,-0.00113,0.00000,0.26720,-89.685,-0.041,1
51.6040,0.02663,0.27347,-0.00113,0.00000,0.25970,-89.685,-0.041,1
51.6540,0.02661,0.26597,-0.00113,0.00000,0.25220,-89.685,-0.041,1
51.7040,0.02658,0.25846,-0.00113,0.00000,0.24470,-89.685,-0.041,1
51.7540,0.02654,0.25095,-0.00113,0.00000,0.23720,-89.685,-0.041,1
51.8040,0.02650,0.24344,-0.00113,0.00000,0.22970,-89.686,-0.041,1
51.8540,0.02646,0.23593,-0.00113,0.00000,0.22220,-89.686,-0.041,1
51.9040,0.02643,0.22842,-0.00113,0.00000,0.21470,-89.686,-0.041,1
51.9540,0.02640,0.22091,-0.00113,0.00000,0.20720,-89.687,-0.041,1
52.0040,0.02638,0.21341,-0.00113,0.00000,0.19970,-89.687,-0.041,1
52.0540,0.02636,0.20590,-0.00113,0.00000,0.19220,-89.687,-0.041,1
52.1040,0.02634,0.19839,-0.00113,0.00000,0.18470,-89.687,-0.041,1
52.1540,0.02633,0.19089,-0.00113,0.00000,0.17720,-89.687,-0.041,1
52.2040,0.02631,0.18338,-0.00113,0.00000,0.16970,-89.687,-0.041,1
52.2540,0.02629,0.17587,-0.00113,0.00000,0.16220,-89.687,-0.041,1
52.3040,0.02629,0.16837,-0.00113,0.00000,0.15470,-89.687,-0.041,1
52.3540,0.02629,0.16087,-0.00113,0.00000,0.14720,-89.688,-0.041,1
52.4040,0.02629,0.15337,-0.00113,0.00000,0.13970,-89.688,-0.041,1
52.4540,0.02629,0.14587,-0.00113,0.00000,0.13220,-89.688,-0.041,1
52.5040,0.02629,0.13837,-0.00113,0.00000,0.12470,-89.688,-0.041,1
52.5540,0.02629,0.13086,-0.00113,0.00000,0.11720,-89.688,-0.041,1
52.6040,0.02629,0.12336,-0.00113,0.00000,0.10970,-89.688,-0.041,1
52.6540,0.02628,0.11586,-0.00113,0.00000,0.10220,-89.688,-0.041,1
52.7040,0.02626,0.10835,-0.00113,0.00000,0.09470,-89.688,-0.041,1
52.7540,0.02624,0.10084,-0.00113,0.00000,0.08720,-89.688,-0.041,1
52.8040,0.02621,0.09333,-0.00113,0.00000,0.07970,-89.688,-0.041,1
52.8540,0.02618,0.08582,-0.00113,0.00000,0.07220,-89.689,-0.041,1
52.9040,0.02617,0.07831,-0.00113,0.00000,0.06470,-89.689,-0.041,1
52.9540,0.02616,0.07081,-0.00113,0.00000,0.05720,-89.689,-0.041,1
53.0040,0.02616,0.06331,-0.00113,0.00000,0.04970,-89.689,-0.041,1
53.0540,0.02616,0.05580,-0.00113,0.00000,0.04220,-89.689,-0.041,1
53.1040,0.02614,0.04830,-0.00113,0.00000,0.03470,-89.689,-0.041,1
53.1540,0.02613,0.04079,-0.00113,0.00000,0.02720,-89.690,-0.041,1
53.2040,0.02610,0.03328,-0.00113,0.00000,0.01970,-89.690,-0.041,1
53.2540,0.02607,0.02577,-0.00113,0.00000,0.01220,-89.690,-0.041,1
53.3040,0.02602,0.01825,-0.00113,0.00000,0.00470,-89.690,-0.041,1
53.3540,0.02598,0.01074,-0.00113,0.00280,0.00000,-89.689,-0.041,2
53.4040,0.02642,0.00397,-0.00113,0.01030,0.00000,-88.576,-0.028,2
53.4540,0.02775,-0.00154,-0.00113,0.01780,0.00000,-85.786,-0.019,2
53.5040,0.02996,-0.00585,-0.00113,0.02530,0.00000,-82.314,-0.023,2
53.5540,0.03296,-0.00910,-0.00113,0.03280,0.00000,-78.827,-0.028,2
53.6040,0.03661,-0.01146,-0.00113,0.04030,0.00000,-75.421,-0.031,2
53.6540,0.04082,-0.01309,-0.00113,0.04780,0.00000,-72.090,-0.032,2
53.7040,0.04551,-0.01410,-0.00113,0.05530,0.00000,-68.820,-0.032,2
53.7540,0.05065,-0.01462,-0.00113,0.06280,0.00000,-65.600,-0.031,2
53.8040,0.05617,-0.01475,-0.00113,0.07030,0.00000,-62.418,-0.029,2
53.8540,0.06204,-0.01456,-0.00113,0.07780,0.00000,-59.268,-0.028,2
53.9040,0.06825,-0.01414,-0.00113,0.08530,0.00000,-56.144,-0.026,2
53.9540,0.07476,-0.01353,-0.00113,0.09280,0.00000,-53.041,-0.024,2
54.0040,0.08156,-0.01280,-0.00113,0.10030,0.00000,-49.955,-0.022,2
54.0540,0.08862,-0.01198,-0.00113,0.10780,0.00000,-46.884,-0.020,2
54.1040,0.09591,-0.01112,-0.00113,0.11530,0.00000,-43.824,-0.018,2
54.1540,0.10342,-0.01023,-0.00113,0.12280,0.00000,-40.774,-0.017,2
54.2040,0.11113,-0.00934,-0.00113,0.13030,0.00000,-37.732,-0.016,2
54.2540,0.11903,-0.00847,-0.00113,0.13780,0.00000,-34.696,-0.014,2
54.3040,0.12707,-0.00764,-0.00113,0.14530,0.00000,-31.667,-0.013,2
54.3540,0.13527,-0.00683,-0.00113,0.15280,0.00000,-28.641,-0.013,2
54.4040,0.14359,-0.00607,-0.00113,0.16030,0.00000,-25.619,-0.012,2
54.4540,0.15203,-0.00534,-0.00113,0.16780,0.00000,-22.599,-0.012,2
54.5040,0.16056,-0.00464,-0.00113,0.17530,0.00000,-19.581,-0.011,2
54.5540,0.16919,-0.00397,-0.00114,0.18280,0.00000,-16.563,-0.011,2
54.6040,0.17788,-0.00333,-0.00114,0.19030,0.00000,-13.545,-0.011,2
54.6540,0.18662,-0.00271,-0.00114,0.19780,0.00000,-10.525,-0.011,2
54.7040,0.19539,-0.00212,-0.00114,0.20530,0.00000,-7.505,-0.010,2
54.7540,0.20418,-0.00155,-0.00114,0.21280,0.00000,-4.505,-0.010,2
54.8040,0.21298,-0.00098,-0.00114,0.22030,0.00000,-1.762,-0.010,2
54.8540,0.22180,-0.00042,-0.00114,0.22780,0.00000,-0.371,-0.010,2
54.9040,0.23067,0.00014,-0.00114,0.23530,0.00000,-0.170,-0.010,2
54.9540,0.23958,0.00070,-0.00114,0.24280,0.00000,-0.175,-0.010,2
55.0040,0.24851,0.00126,-0.00114,0.25030,0.00000,-0.153,-0.010,2
55.0540,0.25745,0.00182,-0.00114,0.25780,0.00000,-0.127,-0.009,2
55.1040,0.26638,0.00237,-0.00114,0.26530,0.00000,-0.105,-0.009,2
55.1540,0.27528,0.00291,-0.00114,0.27280,0.00000,-0.088,-0.009,2
55.2040,0.28414,0.00344,-0.00114,0.28030,0.00000,-0.074,-0.009,2
55.2540,0.29296,0.00395,-0.00114,0.28780,0.00000,-0.063,-0.009,2
55.3040,0.30173,0.00444,-0.00114,0.29530,0.00000,-0.054,-0.009,2
55.3540,0.31043,0.00492,-0.00114,0.30280,0.00000,-0.048,-0.009,2
55.4040,0.31907,0.00537,-0.00114,0.31030,0.00000,-0.043,-0.009,2
55.4540,0.32765,0.00581,-0.00114,0.31780,0.00000,-0.039,-0.009,2
55.5040,0.33616,0.00623,-0.00114,0.32530,0.00000,-0.036,-0.008,2
55.5540,0.34460,0.00663,-0.00114,0.33280,0.00000,-0.035,-0.008,2
55.6040,0.35296,0.00700,-0.00114,0.34030,0.00000,-0.034,-0.008,2
55.6540,0.36126,0.00736,-0.00114,0.34780,0.00000,-0.033,-0.008,2
55.7040,0.36950,0.00770,-0.00114,0.35530,0.00000,-0.033,-0.008,2
55.7540,0.37766,0.00802,-0.00114,0.36280,0.00000,-0.034,-0.007,2
55.8040,0.38575,0.00831,-0.00114,0.37030,0.00000,-0.035,-0.007,2
55.8540,0.39377,0.00858,-0.00114,0.37780,0.00000,-0.036,-0.007,2
55.9040,0.40173,0.00882,-0.00114,0.38530,0.00000,-0.037,-0.007,2
55.9540,0.40963,0.00905,-0.00114,0.39280,0.00000,-0.038,-0.006,2
56.0040,0.41747,0.00926,-0.00114,0.40030,0.00000,-0.039,-0.006,2
56.0540,0.42527,0.00945,-0.00114,0.40780,0.00000,-0.040,-0.006,2
56.1040,0.43303,0.00962,-0.00114,0.41530,0.00000,-0.042,-0.006,2
56.1540,0.44073,0.00978,-0.00114,0.42280,0.00000,-0.043,-0.005,2
56.2040,0.44839,0.00991,-0.00114,0.43030,0.00000,-0.044,-0.005,2
56.2540,0.45601,0.01004,-0.00114,0.43780,0.00000,-0.046,-0.005,2
56.3040,0.46361,0.01015,-0.00114,0.44530,0.00000,-0.047,-0.005,2
56.3540,0.47118,0.01025,-0.00114,0.45280,0.00000,-0.048,-0.004,2
56.4040,0.47874,0.01035,-0.00114,0.46030,0.00000,-0.049,-0.004,2
56.4540,0.48627,0.01044,-0.00114,0.46780,0.00000,-0.050,-0.004,2
56.5040,0.49378,0.01052,-0.00114,0.47530,0.00000,-0.051,-0.004,2
56.5540,0.50128,0.01059,-0.00114,0.48280,0.00000,-0.052,-0.004,2
56.6040,0.50876,0.01064,-0.00114,0.49030,0.00000,-0.053,-0.003,2
56.6540,0.51622,0.01069,-0.00114,0.49780,0.00000,-0.054,-0.003,2
56.7040,0.52368,0.01074,-0.00114,0.50530,0.00000,-0.055,-0.003,2
56.7540,0.53113,0.01077,-0.00114,0.51280,0.00000,-0.056,-0.003,2
56.8040,0.53857,0.01080,-0.00114,0.52030,0.00000,-0.056,-0.003,2
56.8540,0.54601,0.01083,-0.00114,0.52780,0.00000,-0.057,-0.003,2
56.9040,0.55344,0.01085,-0.00114,0.53530,0.00000,-0.057,-0.003,2
56.9540,0.56087,0.01086,-0.00114,0.54280,0.00000,-0.058,-0.002,2
57.0040,0.56829,0.01087,-0.00114,0.55030,0.00000,-0.058,-0.002,2
57.0540,0.57572,0.01088,-0.00114,0.55780,0.00000,-0.059,-0.002,2
57.1040,0.58314,0.01088,-0.00114,0.56530,0.00000,-0.059,-0.002,2
57.1540,0.59056,0.01088,-0.00114,0.57280,0.00000,-0.059,-0.002,2
57.2040,0.59798,0.01087,-0.00114,0.58030,0.00000,-0.060,-0.002,2
57.2540,0.60540,0.01085,-0.00114,0.58780,0.00000,-0.060,-0.002,2
57.3040,0.61282,0.01084,-0.00114,0.59530,0.00000,-0.060,-0.002,2
57.3540,0.62025,0.01082,-0.00114,0.60280,0.00000,-0.060,-0.002,2
57.4040,0.62767,0.01080,-0.00114,0.61030,0.00000,-0.060,-0.002,2
57.4540,0.63509,0.01077,-0.00114,0.61780,0.00000,-0.060,-0.002,2
57.5040,0.64252,0.01074,-0.00114,0.62530,0.00000,-0.060,-0.002,2
57.5540,0.64995,0.01072,-0.00114,0.63280,0.00000,-0.060,-0.002,2
57.6040,0.65739,0.01069,-0.00114,0.64030,0.00000,-0.060,-0.002,2
57.6540,0.66484,0.01068,-0.00114,0.64780,0.00000,-0.060,-0.002,2
57.7040,0.67230,0.01066,-0.00114,0.65530,0.00000,-0.060,-0.002,2
57.7540,0.67975,0.01064,-0.00114,0.66280,0.00000,-0.059,-0.002,2
57.8040,0.68720,0.01061,-0.00114,0.67030,0.00000,-0.059,-0.002,2
57.8540,0.69466,0.01058,-0.00114,0.67780,0.00000,-0.059,-0.002,2
57.9040,0.70213,0.01057,-0.00114,0.68530,0.00000,-0.059,-0.002,2
57.9540,0.70960,0.01055,-0.00114,0.69280,0.00000,-0.059,-0.002,2
58.0040,0.71707,0.01053,-0.00114,0.70030,0.00000,-0.059,-0.002,2
58.0540,0.72455,0.01051,-0.00114,0.70780,0.00000,-0.059,-0.002,2
58.1040,0.73203,0.01049,-0.00114,0.71530,0.00000,-0.059,-0.002,2
58.1540,0.73950,0.01047,-0.00114,0.72280,0.00000,-0.058,-0.002,2
58.2040,0.74699,0.01045,-0.00114,0.73030,0.00000,-0.058,-0.002,2
58.2540,0.75447,0.01044,-0.00114,0.73780,0.00000,-0.058,-0.002,2
58.3040,0.76197,0.01043,-0.00114,0.74530,0.00000,-0.058,-0.002,2
58.3540,0.76946,0.01042,-0.00114,0.75280,0.00000,-0.058,-0.002,2
58.4040,0.77697,0.01042,-0.00114,0.76030,0.00000,-0.058,-0.002,2
58.4540,0.78448,0.01042,-0.00114,0.76780,0.00000,-0.058,-0.002,2
58.5040,0.79198,0.01041,-0.00114,0.77530,0.00000,-0.058,-0.002,2
58.5540,0.79949,0.01041,-0.00114,0.78280,0.00000,-0.058,-0.002,2
58.6040,0.80700,0.01041,-0.00114,0.79030,0.00000,-0.058,-0.002,2
58.6540,0.81450,0.01040,-0.00114,0.79780,0.00000,-0.058,-0.002,2
58.7040,0.82202,0.01041,-0.00114,0.80530,0.00000,-0.058,-0.002,2
58.7540,0.82954,0.01042,-0.00114,0.81280,0.00000,-0.058,-0.002,2
58.8040,0.83705,0.01041,-0.00114,0.82030,0.00000,-0.058,-0.002,2
58.8540,0.84455,0.01041,-0.00114,0.82780,0.00000,-0.058,-0.002,2
58.9040,0.85205,0.01040,-0.00114,0.83530,0.00000,-0.058,-0.002,2
58.9540,0.85955,0.01039,-0.00114,0.84280,0.00000,-0.058,-0.002,2
59.0040,0.86704,0.01038,-0.00114,0.85030,0.00000,-0.057,-0.002,2
59.0540,0.87453,0.01037,-0.00114,0.85780,0.00000,-0.057,-0.002,2
59.1040,0.88203,0.01036,-0.00114,0.86530,0.00000,-0.057,-0.002,2
59.1540,0.88952,0.01035,-0.00114,0.87280,0.00000,-0.057,-0.002,2
59.2040,0.89702,0.01035,-0.00114,0.88030,0.00000,-0.057,-0.002,2
59.2540,0.90453,0.01034,-0.00114,0.88780,0.00000,-0.057,-0.002,2
59.3040,0.91202,0.01033,-0.00114,0.89530,0.00000,-0.057,-0.002,2
59.3540,0.91951,0.01032,-0.00114,0.90280,0.00000,-0.057,-0.002,2
59.4040,0.92700,0.01031,-0.00114,0.91030,0.00000,-0.057,-0.002,2
59.4540,0.93448,0.01029,-0.00114,0.91780,0.00000,-0.057,-0.002,2
59.5040,0.94197,0.01028,-0.00114,0.92530,0.00000,-0.056,-0.002,2
59.5540,0.94946,0.01027,-0.00114,0.93280,0.00000,-0.056,-0.002,2
59.6040,0.95696,0.01026,-0.00114,0.94030,0.00000,-0.056,-0.002,2
59.6540,0.96445,0.01026,-0.00114,0.94780,0.00000,-0.056,-0.002,2
59.7040,0.97194,0.01025,-0.00114,0.95530,0.00000,-0.056,-0.002,2
59.7540,0.97944,0.01024,-0.00114,0.96280,0.00000,-0.056,-0.002,2
59.8040,0.98693,0.01023,-0.00114,0.97030,0.00000,-0.056,-0.002,2
59.8540,0.99444,0.01024,-0.00114,0.97780,0.00000,-0.056,-0.002,2
59.9040,1.00194,0.01024,-0.00114,0.98530,0.00000,-0.056,-0.002,2
59.9540,1.00944,0.01024,-0.00114,0.99280,0.00000,-0.056,-0.002,2
60.0040,1.01694,0.01024,-0.00114,1.00000,0.00030,-0.054,-0.002,2
60.0540,1.02373,0.01071,-0.00114,1.00000,0.00780,1.025,0.011,2
60.1040,1.02934,0.01196,-0.00114,1.00000,0.01530,3.705,0.019,2
60.1540,1.03384,0.01390,-0.00114,1.00000,0.02280,7.051,0.014,2
60.2040,1.03739,0.01642,-0.00114,1.00000,0.03030,10.439,0.008,2
60.2540,1.04013,0.01946,-0.00113,1.00000,0.03780,13.774,0.004,2
60.3040,1.04224,0.02299,-0.00113,1.00000,0.04530,17.056,0.002,2
60.3540,1.04384,0.02697,-0.00113,1.00000,0.05280,20.296,0.001,2
60.4040,1.04503,0.03138,-0.00113,1.00000,0.06030,23.503,0.000,2
60.4540,1.04592,0.03620,-0.00113,1.00000,0.06780,26.681,0.000,2
60.5040,1.04660,0.04143,-0.00113,1.00000,0.07530,29.837,0.001,2
60.5540,1.04712,0.04704,-0.00113,1.00000,0.08280,32.973,0.001,2
60.6040,1.04754,0.05303,-0.00113,1.00000,0.09030,36.092,0.001,2
60.6540,1.04791,0.05940,-0.00112,1.00000,0.09780,39.197,0.002,2
60.7040,1.04824,0.06613,-0.00112,1.00000,0.10530,42.289,0.002,2
60.7540,1.04858,0.07321,-0.00112,1.00000,0.11280,45.369,0.002,2
60.8040,1.04893,0.08064,-0.00112,1.00000,0.12030,48.440,0.002,2
60.8540,1.04929,0.08841,-0.00112,1.00000,0.12780,51.502,0.001,2
60.9040,1.04967,0.09650,-0.00113,1.00000,0.13530,54.556,0.000,2
60.9540,1.05005,0.10491,-0.00113,1.00000,0.14280,57.603,-0.001,2
61.0040,1.05043,0.11362,-0.00113,1.00000,0.15030,60.646,-0.002,2
61.0540,1.05079,0.12262,-0.00113,1.00000,0.15780,63.685,-0.003,2
61.1040,1.05112,0.13189,-0.00113,1.00000,0.16530,66.723,-0.005,2
61.1540,1.05140,0.14142,-0.00113,1.00000,0.17280,69.761,-0.007,2
61.2040,1.05161,0.15119,-0.00113,1.00000,0.18030,72.801,-0.008,2
61.2540,1.05174,0.16117,-0.00113,1.00000,0.18780,75.845,-0.010,2
61.3040,1.05176,0.17134,-0.00113,1.00000,0.19530,78.897,-0.012,2
61.3540,1.05164,0.18166,-0.00113,1.00000,0.20280,81.958,-0.014,2
61.4040,1.05139,0.19210,-0.00113,1.00000,0.21030,85.009,-0.016,2
61.4540,1.05095,0.20261,-0.00113,1.00000,0.21780,87.818,-0.017,2
61.5040,1.05035,0.21310,-0.00113,1.00000,0.22530,89.261,-0.019,2
61.5540,1.04964,0.22344,-0.00113,1.00000,0.23280,89.508,-0.020,2
61.6040,1.04884,0.23358,-0.00113,1.00000,0.24030,89.555,-0.021,2
61.6540,1.04800,0.24355,-0.00113,1.00000,0.24780,89.621,-0.022,2
61.7040,1.04711,0.25332,-0.00113,1.00000,0.25530,89.684,-0.023,2
61.7540,1.04618,0.26291,-0.00113,1.00000,0.26280,89.736,-0.023,2
61.8040,1.04523,0.27231,-0.00113,1.00000,0.27030,89.778,-0.023,2
61.8540,1.04429,0.28154,-0.00113,1.00000,0.27780,89.813,-0.024,2
61.9040,1.04334,0.29060,-0.00113,1.00000,0.28530,89.842,-0.024,2
61.9540,1.04240,0.29949,-0.00113,1.00000,0.29280,89.866,-0.024,2
62.0040,1.04147,0.30823,-0.00113,1.00000,0.30030,89.886,-0.023,2
62.0540,1.04055,0.31682,-0.00113,1.00000,0.30780,89.902,-0.023,2
62.1040,1.03965,0.32528,-0.00113,1.00000,0.31530,89.916,-0.023,2
62.1540,1.03877,0.33359,-0.00113,1.00000,0.32280,89.927,-0.023,2
62.2040,1.03791,0.34179,-0.00113,1.00000,0.33030,89.937,-0.022,2
62.2540,1.03708,0.34988,-0.00113,1.00000,0.33780,89.945,-0.022,2
62.3040,1.03629,0.35786,-0.00113,1.00000,0.34530,89.951,-0.022,2
62.3540,1.03553,0.36575,-0.00113,1.00000,0.35280,89.957,-0.021,2
62.4040,1.03481,0.37356,-0.00113,1.00000,0.36030,89.961,-0.021,2
62.4540,1.03411,0.38130,-0.00113,1.00000,0.36780,89.965,-0.020,2
62.5040,1.03346,0.38896,-0.00113,1.00000,0.37530,89.969,-0.020,2
62.5540,1.03283,0.39656,-0.00113,1.00000,0.38280,89.971,-0.019,2
62.6040,1.03224,0.40411,-0.00113,1.00000,0.39030,89.974,-0.019,2
62.6540,1.03168,0.41161,-0.00113,1.00000,0.39780,89.976,-0.019,2
62.7040,1.03115,0.41907,-0.00113,1.00000,0.40530,89.977,-0.018,2
62.7540,1.03064,0.42650,-0.00113,1.00000,0.41280,89.978,-0.018,2
62.8040,1.03015,0.43389,-0.00113,1.00000,0.42030,89.979,-0.018,2
62.8540,1.02969,0.44126,-0.00113,1.00000,0.42780,89.980,-0.017,2
62.9040,1.02927,0.44861,-0.00113,1.00000,0.43530,89.981,-0.017,2
62.9540,1.02886,0.45595,-0.00113,1.00000,0.44280,89.981,-0.017,2
63.0040,1.02849,0.46327,-0.00113,1.00000,0.45030,89.981,-0.016,2
63.0540,1.02814,0.47059,-0.00113,1.00000,0.45780,89.981,-0.016,2
63.1040,1.02781,0.47789,-0.00113,1.00000,0.46530,89.981,-0.016,2
63.1540,1.02752,0.48520,-0.00113,1.00000,0.47280,89.981,-0.016,2
63.2040,1.02725,0.49251,-0.00113,1.00000,0.48030,89.981,-0.016,2
63.2540,1.02699,0.49983,-0.00113,1.00000,0.48780,89.981,-0.016,2
63.3040,1.02675,0.50714,-0.00113,1.00000,0.49530,89.980,-0.015,2
63.3540,1.02654,0.51446,-0.00114,1.00000,0.50280,89.980,-0.015,2
63.4040,1.02635,0.52179,-0.00114,1.00000,0.51030,89.980,-0.015,2
63.4540,1.02620,0.52913,-0.00114,1.00000,0.51780,89.979,-0.015,2
63.5040,1.02605,0.53648,-0.00114,1.00000,0.52530,89.979,-0.015,2
63.5540,1.02593,0.54384,-0.00114,1.00000,0.53280,89.978,-0.015,2
63.6040,1.02583,0.55121,-0.00114,1.00000,0.54030,89.978,-0.015,2
63.6540,1.02575,0.55859,-0.00114,1.00000,0.54780,89.978,-0.015,2
63.7040,1.02569,0.56598,-0.00114,1.00000,0.55530,89.977,-0.015,2
63.7540,1.02563,0.57338,-0.00114,1.00000,0.56280,89.977,-0.015,2
63.8040,1.02558,0.58079,-0.00114,1.00000,0.57030,89.976,-0.015,2
63.8540,1.02555,0.58821,-0.00114,1.00000,0.57780,89.976,-0.015,2
63.9040,1.02552,0.59563,-0.00114,1.00000,0.58530,89.976,-0.015,2
63.9540,1.02549,0.60306,-0.00114,1.00000,0.59280,89.975,-0.015,2
64.0040,1.02548,0.61050,-0.00114,1.00000,0.60030,89.975,-0.015,2
64.0560,1.02548,0.61825,-0.00114,1.00000,0.60810,89.975,-0.015,2
64.1080,1.02549,0.62601,-0.00114,1.00000,0.61590,89.975,-0.015,2
64.1600,1.02552,0.63378,-0.00114,1.00000,0.62370,89.974,-0.015,2
64.2120,1.02555,0.64155,-0.00114,1.00000,0.63150,89.974,-0.015,2
64.2640,1.02558,0.64933,-0.00114,1.00000,0.63930,89.974,-0.015,2
64.3160,1.02562,0.65712,-0.00114,1.00000,0.64710,89.974,-0.015,2
64.3680,1.02566,0.66491,-0.00114,1.00000,0.65490,89.974,-0.015,2
64.4200,1.02570,0.67270,-0.00114,1.00000,0.66270,89.974,-0.015,2
64.4720,1.02574,0.68050,-0.00114,1.00000,0.67050,89.974,-0.015,2
64.5240,1.02579,0.68830,-0.00114,1.00000,0.67830,89.974,-0.015,2
64.5760,1.02584,0.69610,-0.00114,1.00000,0.68610,89.974,-0.015,2
64.6280,1.02588,0.70391,-0.00114,1.00000,0.69390,89.974,-0.015,2
64.6800,1.02591,0.71171,-0.00114,1.00000,0.70170,89.974,-0.015,2
64.7320,1.02596,0.71952,-0.00114,1.00000,0.70950,89.974,-0.015,2
64.7840,1.02601,0.72733,-0.00114,1.00000,0.71730,89.974,-0.015,2
64.8360,1.02606,0.73515,-0.00114,1.00000,0.72510,89.974,-0.015,2
64.8880,1.02610,0.74296,-0.00114,1.00000,0.73290,89.974,-0.015,2
64.9400,1.02613,0.75077,-0.00114,1.00000,0.74070,89.974,-0.015,2
64.9920,1.02616,0.75858,-0.00114,1.00000,0.74850,89.974,-0.015,2
65.0440,1.02619,0.76639,-0.00114,1.00000,0.75630,89.974,-0.015,2
65.0960,1.02620,0.77419,-0.00114,1.00000,0.76410,89.974,-0.015,2
65.1480,1.02621,0.78200,-0.00114,1.00000,0.77190,89.974,-0.015,2
65.2000,1.02622,0.78981,-0.00114,1.00000,0.77970,89.974,-0.015,2
65.2520,1.02623,0.79761,-0.00114,1.00000,0.78750,89.974,-0.015,2
65.3040,1.02623,0.80542,-0.00114,1.00000,0.79530,89.974,-0.015,2
65.3560,1.02624,0.81322,-0.00114,1.00000,0.80310,89.974,-0.015,2
65.4080,1.02625,0.82103,-0.00114,1.00000,0.81090,89.974,-0.015,2
65.4600,1.02625,0.82883,-0.00114,1.00000,0.81870,89.974,-0.015,2
65.5120,1.02625,0.83663,-0.00114,1.00000,0.82650,89.974,-0.015,2
65.5640,1.02626,0.84444,-0.00114,1.00000,0.83430,89.974,-0.015,2
65.6160,1.02626,0.85224,-0.00114,1.00000,0.84210,89.974,-0.015,2
65.6680,1.02626,0.86004,-0.00114,1.00000,0.84990,89.974,-0.015,2
65.7200,1.02626,0.86785,-0.00114,1.00000,0.85770,89.974,-0.015,2
65.7720,1.02626,0.87565,-0.00114,1.00000,0.86550,89.974,-0.015,2
65.8240,1.02626,0.88345,-0.00114,1.00000,0.87330,89.974,-0.015,2
65.8760,1.02627,0.89126,-0.00114,1.00000,0.88110,89.974,-0.015,2
65.9280,1.02630,0.89907,-0.00114,1.00000,0.88890,89.974,-0.015,2
65.9800,1.02632,0.90687,-0.00114,1.00000,0.89670,89.975,-0.015,2
66.0320,1.02635,0.91468,-0.00114,1.00000,0.90450,89.975,-0.015,2
66.0840,1.02638,0.92250,-0.00114,1.00000,0.91230,89.975,-0.015,2
66.1360,1.02642,0.93031,-0.00114,1.00000,0.92010,89.975,-0.015,2
66.1880,1.02645,0.93812,-0.00114,1.00000,0.92790,89.975,-0.015,2
66.2400,1.02647,0.94592,-0.00114,1.00000,0.93570,89.975,-0.015,2
66.2920,1.02648,0.95373,-0.00114,1.00000,0.94350,89.975,-0.015,2
66.3440,1.02646,0.96152,-0.00114,1.00000,0.95130,89.975,-0.015,2
66.3960,1.02644,0.96932,-0.00114,1.00000,0.95910,89.975,-0.015,2
66.4480,1.02642,0.97711,-0.00114,1.00000,0.96690,89.975,-0.015,2
66.5000,1.02640,0.98490,-0.00114,1.00000,0.97470,89.975,-0.015,2
66.5520,1.02637,0.99269,-0.00114,1.00000,0.98250,89.975,-0.015,2
66.6040,1.02634,1.00048,-0.00114,1.00000,0.99030,89.975,-0.015,2
66.6560,1.02631,1.00827,-0.00114,1.00000,0.99810,89.975,-0.015,2
66.7080,1.02628,1.01605,-0.00114,0.99410,1.00000,89.991,-0.015,2
66.7600,1.02567,1.02302,-0.00114,0.98630,1.00000,91.305,0.001,2
66.8120,1.02416,1.02890,-0.00113,0.97850,1.00000,94.464,0.006,2
66.8640,1.02183,1.03385,-0.00113,0.97070,1.00000,98.256,-0.002,2
66.9160,1.01874,1.03802,-0.00113,0.96290,1.00000,102.025,-0.008,2
66.9680,1.01498,1.04153,-0.00113,0.95510,1.00000,105.687,-0.013,2
67.0200,1.01059,1.04449,-0.00112,0.94730,1.00000,109.251,-0.016,2
67.0720,1.00561,1.04700,-0.00112,0.93950,1.00000,112.734,-0.018,2
67.1240,1.00007,1.04914,-0.00112,0.93170,1.00000,116.150,-0.020,2
67.1760,0.99398,1.05097,-0.00112,0.92390,1.00000,119.510,-0.022,2
67.2280,0.98738,1.05254,-0.00112,0.91610,1.00000,122.824,-0.023,2
67.2800,0.98027,1.05390,-0.00112,0.90830,1.00000,126.098,-0.025,2
67.3320,0.97266,1.05504,-0.00112,0.90050,1.00000,129.339,-0.026,2
67.3840,0.96459,1.05600,-0.00112,0.89270,1.00000,132.552,-0.028,2
67.4360,0.95609,1.05677,-0.00112,0.88490,1.00000,135.742,-0.030,2
67.4880,0.94719,1.05736,-0.00112,0.87710,1.00000,138.913,-0.031,2
67.5400,0.93793,1.05777,-0.00112,0.86930,1.00000,142.067,-0.033,2
67.5920,0.92835,1.05797,-0.00112,0.86150,1.00000,145.207,-0.035,2
67.6440,0.91847,1.05795,-0.00111,0.85370,1.00000,148.337,-0.038,2
67.6960,0.90835,1.05769,-0.00111,0.84590,1.00000,151.457,-0.040,2
67.7480,0.89803,1.05718,-0.00111,0.83810,1.00000,154.570,-0.042,2
67.8000,0.88756,1.05641,-0.00111,0.83030,1.00000,157.677,-0.045,2
67.8520,0.87698,1.05537,-0.00111,0.82250,1.00000,160.779,-0.047,2
67.9040,0.86635,1.05405,-0.00111,0.81470,1.00000,163.877,-0.049,2
67.9560,0.85571,1.05246,-0.00111,0.80690,1.00000,166.972,-0.052,2
68.0080,0.84511,1.05058,-0.00111,0.79910,1.00000,170.063,-0.054,2
68.0600,0.83459,1.04845,-0.00110,0.79130,1.00000,173.147,-0.055,2
68.1120,0.82420,1.04606,-0.00110,0.78350,1.00000,176.188,-0.057,2
68.1640,0.81400,1.04345,-0.00110,0.77570,1.00000,178.831,-0.058,2
68.2160,0.80404,1.04072,-0.00110,0.76790,1.00000,179.746,-0.060,2
68.2680,0.79440,1.03805,-0.00110,0.76010,1.00000,179.764,-0.061,2
68.3200,0.78506,1.03553,-0.00110,0.75230,1.00000,179.726,-0.062,2
68.3720,0.77600,1.03315,-0.00110,0.74450,1.00000,179.718,-0.063,2
68.4240,0.76718,1.03092,-0.00110,0.73670,1.00000,179.716,-0.063,2
68.4760,0.75858,1.02883,-0.00110,0.72890,1.00000,179.714,-0.063,2
68.5280,0.75014,1.02688,-0.00110,0.72110,1.00000,179.713,-0.063,2
68.5800,0.74186,1.02505,-0.00110,0.71330,1.00000,179.713,-0.063,2
68.6320,0.73371,1.02335,-0.00110,0.70550,1.00000,179.714,-0.062,2
68.6840,0.72569,1.02178,-0.00110,0.69770,1.00000,179.714,-0.062,2
68.7360,0.71776,1.02033,-0.00110,0.68990,1.00000,179.715,-0.062,2
68.7880,0.70993,1.01902,-0.00110,0.68210,1.00000,179.717,-0.061,2
68.8400,0.70217,1.01781,-0.00110,0.67430,1.00000,179.718,-0.061,2
68.8920,0.69447,1.01671,-0.00110,0.66650,1.00000,179.720,-0.060,2
68.9440,0.68682,1.01571,-0.00110,0.65870,1.00000,179.721,-0.060,2
68.9960,0.67920,1.01481,-0.00110,0.65090,1.00000,179.723,-0.060,2
69.0480,0.67161,1.01399,-0.00111,0.64310,1.00000,179.724,-0.059,2
69.1000,0.66403,1.01325,-0.00111,0.63530,1.00000,179.726,-0.059,2
69.1520,0.65646,1.01258,-0.00111,0.62750,1.00000,179.728,-0.058,2
69.2040,0.64890,1.01200,-0.00111,0.61970,1.00000,179.730,-0.058,2
69.2560,0.64135,1.01148,-0.00111,0.61190,1.00000,179.732,-0.058,2
69.3080,0.63380,1.01102,-0.00111,0.60410,1.00000,179.733,-0.057,2
69.3600,0.62624,1.01061,-0.00112,0.59630,1.00000,179.735,-0.057,2
69.4120,0.61868,1.01026,-0.00112,0.58850,1.00000,179.737,-0.057,2
69.4640,0.61112,1.00997,-0.00112,0.58070,1.00000,179.738,-0.057,2
69.5160,0.60356,1.00972,-0.00112,0.57290,1.00000,179.740,-0.057,2
69.5680,0.59597,1.00950,-0.00112,0.56510,1.00000,179.741,-0.057,2
69.6200,0.58839,1.00933,-0.00112,0.55730,1.00000,179.742,-0.056,2
69.6720,0.58079,1.00919,-0.00112,0.54950,1.00000,179.744,-0.056,2
69.7240,0.57319,1.00909,-0.00112,0.54170,1.00000,179.745,-0.056,2
69.7760,0.56558,1.00901,-0.00112,0.53390,1.00000,179.746,-0.056,2
69.8280,0.55797,1.00897,-0.00113,0.52610,1.00000,179.747,-0.056,2
69.8800,0.55035,1.00895,-0.00113,0.51830,1.00000,179.747,-0.056,2
69.9320,0.54272,1.00894,-0.00113,0.51050,1.00000,179.748,-0.056,2
69.9840,0.53508,1.00895,-0.00113,0.50270,1.00000,179.748,-0.056,2
70.0360,0.52742,1.00897,-0.00113,0.49490,1.00000,179.749,-0.056,2
70.0880,0.51974,1.00900,-0.00113,0.48710,1.00000,179.750,-0.056,2
70.1400,0.51206,1.00903,-0.00113,0.47930,1.00000,179.750,-0.056,2
70.1920,0.50436,1.00907,-0.00113,0.47150,1.00000,179.751,-0.056,2
70.2440,0.49666,1.00913,-0.00113,0.46370,1.00000,179.751,-0.056,2
70.2960,0.48895,1.00919,-0.00113,0.45590,1.00000,179.752,-0.056,2
70.3480,0.48124,1.00926,-0.00113,0.44810,1.00000,179.752,-0.056,2
70.4000,0.47352,1.00933,-0.00113,0.44030,1.00000,179.752,-0.056,2
70.4520,0.46579,1.00940,-0.00113,0.43250,1.00000,179.753,-0.057,2
70.5040,0.45805,1.00947,-0.00113,0.42470,1.00000,179.753,-0.057,2
70.5560,0.45030,1.00953,-0.00113,0.41690,1.00000,179.753,-0.057,2
70.6080,0.44254,1.00960,-0.00113,0.40910,1.00000,179.753,-0.057,2
70.6600,0.43477,1.00965,-0.00113,0.40130,1.00000,179.754,-0.057,2
70.7120,0.42699,1.00971,-0.00113,0.39350,1.00000,179.754,-0.057,2
70.7640,0.41919,1.00975,-0.00113,0.38570,1.00000,179.755,-0.057,2
70.8160,0.41138,1.00979,-0.00113,0.37790,1.00000,179.755,-0.057,2
70.8680,0.40357,1.00983,-0.00113,0.37010,1.00000,179.756,-0.057,2
70.9200,0.39576,1.00987,-0.00113,0.36230,1.00000,179.756,-0.057,2
70.9720,0.38794,1.00990,-0.00113,0.35450,1.00000,179.757,-0.057,2
71.0240,0.38011,1.00993,-0.00113,0.34670,1.00000,179.757,-0.057,2
71.0760,0.37229,1.00996,-0.00113,0.33890,1.00000,179.758,-0.057,2
71.1280,0.36447,1.01000,-0.00113,0.33110,1.00000,179.758,-0.057,2
71.1800,0.35666,1.01004,-0.00113,0.32330,1.00000,179.758,-0.057,2
71.2320,0.34885,1.01007,-0.00113,0.31550,1.00000,179.758,-0.057,2
71.2840,0.34103,1.01011,-0.00113,0.30770,1.00000,179.759,-0.057,2
71.3360,0.33322,1.01015,-0.00113,0.29990,1.00000,179.759,-0.057,2
71.3880,0.32542,1.01018,-0.00113,0.29210,1.00000,179.759,-0.057,2
71.4400,0.31761,1.01022,-0.00113,0.28430,1.00000,179.759,-0.057,2
71.4920,0.30981,1.01025,-0.00113,0.27650,1.00000,179.759,-0.057,2
71.5440,0.30200,1.01028,-0.00113,0.26870,1.00000,179.759,-0.057,2
71.5960,0.29420,1.01031,-0.00113,0.26090,1.00000,179.759,-0.057,2
71.6480,0.28639,1.01033,-0.00113,0.25310,1.00000,179.759,-0.057,2
71.7000,0.27858,1.01035,-0.00113,0.24530,1.00000,179.759,-0.057,2
71.7520,0.27078,1.01037,-0.00113,0.23750,1.00000,179.759,-0.057,2
71.8040,0.26297,1.01039,-0.00113,0.22970,1.00000,179.759,-0.057,2
71.8560,0.25516,1.01041,-0.00113,0.22190,1.00000,179.759,-0.057,2
71.9080,0.24736,1.01042,-0.00113,0.21410,1.00000,179.759,-0.057,2
71.9600,0.23955,1.01044,-0.00113,0.20630,1.00000,179.759,-0.057,2
72.0120,0.23174,1.01045,-0.00113,0.19850,1.00000,179.759,-0.057,2
72.0640,0.22392,1.01045,-0.00113,0.19070,1.00000,179.759,-0.057,2
72.1160,0.21610,1.01045,-0.00113,0.18290,1.00000,179.759,-0.057,2
72.1680,0.20828,1.01045,-0.00113,0.17510,1.00000,179.760,-0.057,2
72.2200,0.20047,1.01045,-0.00113,0.16730,1.00000,179.760,-0.057,2
72.2720,0.19267,1.01046,-0.00113,0.15950,1.00000,179.760,-0.057,2
72.3240,0.18487,1.01047,-0.00113,0.15170,1.00000,179.760,-0.057,2
72.3760,0.17705,1.01047,-0.00113,0.14390,1.00000,179.760,-0.057,2
72.4280,0.16924,1.01047,-0.00113,0.13610,1.00000,179.760,-0.057,2
72.4800,0.16142,1.01046,-0.00113,0.12830,1.00000,179.760,-0.057,2
72.5320,0.15359,1.01045,-0.00113,0.12050,1.00000,179.760,-0.057,2
72.5840,0.14576,1.01044,-0.00113,0.11270,1.00000,179.760,-0.057,2
72.6360,0.13792,1.01042,-0.00113,0.10490,1.00000,179.761,-0.057,2
72.6880,0.13008,1.01040,-0.00113,0.09710,1.00000,179.761,-0.057,2
72.7400,0.12223,1.01037,-0.00113,0.08930,1.00000,179.762,-0.057,2
72.7920,0.11438,1.01034,-0.00113,0.08150,1.00000,179.762,-0.057,2
72.8440,0.10653,1.01031,-0.00113,0.07370,1.00000,179.763,-0.056,2
72.8960,0.09868,1.01029,-0.00113,0.06590,1.00000,179.763,-0.056,2
72.9480,0.09084,1.01027,-0.00113,0.05810,1.00000,179.763,-0.056,2
73.0000,0.08299,1.01024,-0.00113,0.05030,1.00000,179.764,-0.056,2
73.0520,0.07514,1.01022,-0.00113,0.04250,1.00000,179.764,-0.056,2
73.1040,0.06729,1.01019,-0.00113,0.03470,1.00000,179.765,-0.056,2
73.1560,0.05944,1.01017,-0.00113,0.02690,1.00000,179.765,-0.056,2
73.2080,0.05159,1.01015,-0.00113,0.01910,1.00000,179.765,-0.056,2
73.2600,0.04375,1.01013,-0.00113,0.01130,1.00000,179.766,-0.056,2
73.3120,0.03591,1.01012,-0.00113,0.00350,1.00000,179.766,-0.056,2
73.3640,0.02813,1.01007,-0.00113,0.00000,0.99570,179.828,-0.055,2
73.4160,0.02130,1.00929,-0.00113,0.00000,0.98790,-178.650,-0.036,2
73.4680,0.01596,1.00633,-0.00113,0.00000,0.98010,-175.402,-0.000,2
73.5200,0.01149,1.00225,-0.00112,0.00000,0.97230,-171.764,-0.016,2
73.5720,0.00779,0.99743,-0.00111,0.00000,0.96450,-168.133,-0.029,2
73.6240,0.00477,0.99195,-0.00111,0.00000,0.95670,-164.582,-0.034,2
73.6760,0.00238,0.98588,-0.00110,0.00000,0.94890,-161.109,-0.037,2
73.7280,0.00054,0.97928,-0.00109,0.00000,0.94110,-157.697,-0.040,2
73.7800,-0.00081,0.97223,-0.00109,0.00000,0.93330,-154.335,-0.042,2
73.8320,-0.00174,0.96476,-0.00108,0.00000,0.92550,-151.015,-0.043,2
73.8840,-0.00229,0.95693,-0.00108,0.00000,0.91770,-147.728,-0.044,2
73.9360,-0.00250,0.94878,-0.00107,0.00000,0.90990,-144.468,-0.045,2
73.9880,-0.00240,0.94037,-0.00107,0.00000,0.90210,-141.230,-0.046,2
74.0400,-0.00202,0.93173,-0.00107,0.00000,0.89430,-138.010,-0.046,2
74.0920,-0.00139,0.92290,-0.00107,0.00000,0.88650,-134.804,-0.047,2
74.1440,-0.00054,0.91393,-0.00107,0.00000,0.87870,-131.609,-0.047,2
74.1960,0.00053,0.90485,-0.00107,0.00000,0.87090,-128.424,-0.047,2
74.2480,0.00178,0.89571,-0.00107,0.00000,0.86310,-125.246,-0.048,2
74.3000,0.00319,0.88653,-0.00107,0.00000,0.85530,-122.072,-0.048,2
74.3520,0.00475,0.87735,-0.00107,0.00000,0.84750,-118.903,-0.048,2
74.4040,0.00642,0.86819,-0.00107,0.00000,0.83970,-115.736,-0.048,2
74.4560,0.00818,0.85910,-0.00107,0.00000,0.83190,-112.570,-0.049,2
74.5080,0.01001,0.85007,-0.00107,0.00000,0.82410,-109.405,-0.049,2
74.5600,0.01189,0.84115,-0.00107,0.00000,0.81630,-106.240,-0.048,2
74.6120,0.01379,0.83233,-0.00107,0.00000,0.80850,-103.073,-0.048,2
74.6640,0.01573,0.82364,-0.00107,0.00000,0.80070,-99.905,-0.048,2
74.7160,0.01766,0.81507,-0.00108,0.00000,0.79290,-96.739,-0.047,2
74.7680,0.01958,0.80665,-0.00108,0.00000,0.78510,-93.624,-0.047,2
74.8200,0.02148,0.79835,-0.00108,0.00000,0.77730,-90.992,-0.046,2
74.8720,0.02330,0.79012,-0.00108,0.00000,0.76950,-90.077,-0.046,2
74.9240,0.02491,0.78189,-0.00109,0.00000,0.76170,-89.984,-0.046,2
74.9760,0.02630,0.77365,-0.00109,0.00000,0.75390,-89.959,-0.046,2
75.0280,0.02751,0.76542,-0.00109,0.00000,0.74610,-89.918,-0.045,2
75.0800,0.02855,0.75720,-0.00109,0.00000,0.73830,-89.881,-0.045,2
75.1320,0.02944,0.74900,-0.00110,0.00000,0.73050,-89.850,-0.045,2
75.1840,0.03018,0.74081,-0.00110,0.00000,0.72270,-89.825,-0.045,2
75.2360,0.03080,0.73264,-0.00110,0.00000,0.71490,-89.804,-0.044,2
75.2880,0.03130,0.72448,-0.00110,0.00000,0.70710,-89.786,-0.044,2
75.3400,0.03169,0.71635,-0.00111,0.00000,0.69930,-89.771,-0.044,2
75.3920,0.03198,0.70823,-0.00111,0.00000,0.69150,-89.759,-0.044,2
75.4440,0.03218,0.70013,-0.00111,0.00000,0.68370,-89.748,-0.044,2
75.4960,0.03231,0.69205,-0.00111,0.00000,0.67590,-89.739,-0.044,2
75.5480,0.03237,0.68398,-0.00111,0.00000,0.66810,-89.732,-0.043,2
75.6000,0.03237,0.67594,-0.00111,0.00000,0.66030,-89.726,-0.043,2
75.6520,0.03232,0.66791,-0.00112,0.00000,0.65250,-89.721,-0.043,2
75.7040,0.03222,0.65990,-0.00112,0.00000,0.64470,-89.716,-0.043,2
75.7560,0.03209,0.65190,-0.00112,0.00000,0.63690,-89.713,-0.043,2
75.8080,0.03194,0.64392,-0.00112,0.00000,0.62910,-89.709,-0.043,2
75.8600,0.03176,0.63596,-0.00112,0.00000,0.62130,-89.707,-0.043,2
75.9120,0.03156,0.62802,-0.00112,0.00000,0.61350,-89.704,-0.043,2
75.9640,0.03137,0.62009,-0.00112,0.00000,0.60570,-89.702,-0.043,2
76.0160,0.03116,0.61218,-0.00112,0.00000,0.59790,-89.700,-0.042,2
76.0680,0.03096,0.60428,-0.00112,0.00000,0.59010,-89.699,-0.042,2
76.1200,0.03074,0.59639,-0.00113,0.00000,0.58230,-89.697,-0.042,2
76.1720,0.03052,0.58851,-0.00113,0.00000,0.57450,-89.696,-0.042,2
76.2240,0.03032,0.58065,-0.00113,0.00000,0.56670,-89.695,-0.042,2
76.2760,0.03011,0.57279,-0.00113,0.00000,0.55890,-89.693,-0.042,2
76.3280,0.02990,0.56494,-0.00113,0.00000,0.55110,-89.692,-0.042,2
76.3800,0.02969,0.55710,-0.00113,0.00000,0.54330,-89.692,-0.042,2
76.4320,0.02949,0.54926,-0.00113,0.00000,0.53550,-89.691,-0.042,2
76.4840,0.02930,0.54143,-0.00113,0.00000,0.52770,-89.690,-0.042,2
76.5360,0.02912,0.53361,-0.00113,0.00000,0.51990,-89.690,-0.042,2
76.5880,0.02896,0.52580,-0.00113,0.00000,0.51210,-89.689,-0.042,2
76.6400,0.02880,0.51799,-0.00113,0.00000,0.50430,-89.688,-0.042,2
76.6920,0.02864,0.51018,-0.00113,0.00000,0.49650,-89.688,-0.042,2
76.7440,0.02849,0.50237,-0.00113,0.00000,0.48870,-89.687,-0.042,2
76.7960,0.02833,0.49456,-0.00113,0.00000,0.48090,-89.687,-0.041,2
76.8480,0.02817,0.48675,-0.00113,0.00000,0.47310,-89.687,-0.041,2
76.9000,0.02803,0.47895,-0.00113,0.00000,0.46530,-89.687,-0.041,2
76.9520,0.02790,0.47115,-0.00113,0.00000,0.45750,-89.687,-0.041,2
77.0040,0.02778,0.46335,-0.00113,0.00000,0.44970,-89.686,-0.041,2
77.0560,0.02765,0.45555,-0.00113,0.00000,0.44190,-89.686,-0.041,2
77.1080,0.02754,0.44775,-0.00113,0.00000,0.43410,-89.686,-0.041,2
77.1600,0.02742,0.43995,-0.00113,0.00000,0.42630,-89.686,-0.041,2
77.2120,0.02731,0.43214,-0.00113,0.00000,0.41850,-89.686,-0.041,2
77.2640,0.02720,0.42434,-0.00113,0.00000,0.41070,-89.686,-0.041,2
77.3160,0.02710,0.41654,-0.00113,0.00000,0.40290,-89.687,-0.041,2
77.3680,0.02701,0.40873,-0.00113,0.00000,0.39510,-89.687,-0.041,2
77.4200,0.02693,0.40094,-0.00113,0.00000,0.38730,-89.687,-0.041,2
77.4720,0.02687,0.39314,-0.00113,0.00000,0.37950,-89.687,-0.041,2
77.5240,0.02684,0.38535,-0.00113,0.00000,0.37170,-89.687,-0.041,2
77.5760,0.02682,0.37756,-0.00113,0.00000,0.36390,-89.686,-0.041,2
77.6280,0.02680,0.36977,-0.00113,0.00000,0.35610,-89.686,-0.041,2
77.6800,0.02678,0.36199,-0.00113,0.00000,0.34830,-89.686,-0.041,2
77.7320,0.02674,0.35419,-0.00113,0.00000,0.34050,-89.686,-0.041,2
77.7840,0.02670,0.34639,-0.00113,0.00000,0.33270,-89.686,-0.041,2
77.8360,0.02666,0.33860,-0.00113,0.00000,0.32490,-89.686,-0.041,2
77.8880,0.02664,0.33080,-0.00113,0.00000,0.31710,-89.686,-0.041,2
77.9400,0.02661,0.32300,-0.00113,0.00000,0.30930,-89.686,-0.041,2
77.9920,0.02659,0.31521,-0.00113,0.00000,0.30150,-89.686,-0.041,2
78.0440,0.02657,0.30741,-0.00113,0.00000,0.29370,-89.686,-0.041,2
78.0960,0.02655,0.29961,-0.00113,0.00000,0.28590,-89.686,-0.041,2
78.1480,0.02655,0.29182,-0.00113,0.00000,0.27810,-89.686,-0.041,2
78.2000,0.02654,0.28402,-0.00113,0.00000,0.27030,-89.686,-0.041,2
78.2520,0.02652,0.27622,-0.00113,0.00000,0.26250,-89.686,-0.041,2
78.3040,0.02650,0.26842,-0.00113,0.00000,0.25470,-89.686,-0.041,2
78.3560,0.02650,0.26062,-0.00113,0.00000,0.24690,-89.686,-0.041,2
78.4080,0.02650,0.25282,-0.00113,0.00000,0.23910,-89.686,-0.041,2
78.4600,0.02649,0.24502,-0.00113,0.00000,0.23130,-89.686,-0.041,2
78.5120,0.02647,0.23722,-0.00113,0.00000,0.22350,-89.686,-0.041,2
78.5640,0.02645,0.22942,-0.00113,0.00000,0.21570,-89.686,-0.041,2
78.6160,0.02644,0.22161,-0.00113,0.00000,0.20790,-89.687,-0.041,2
78.6680,0.02643,0.21381,-0.00113,0.00000,0.20010,-89.687,-0.041,2
78.7200,0.02642,0.20601,-0.00113,0.00000,0.19230,-89.687,-0.041,2
78.7720,0.02642,0.19821,-0.00113,0.00000,0.18450,-89.687,-0.041,2
78.8240,0.02642,0.19041,-0.00113,0.00000,0.17670,-89.687,-0.041,2
78.8760,0.02642,0.18261,-0.00113,0.00000,0.16890,-89.687,-0.041,2
78.9280,0.02643,0.17481,-0.00113,0.00000,0.16110,-89.687,-0.041,2
78.9800,0.02643,0.16701,-0.00113,0.00000,0.15330,-89.687,-0.041,2
79.0320,0.02644,0.15921,-0.00113,0.00000,0.14550,-89.687,-0.041,2
79.0840,0.02644,0.15141,-0.00113,0.00000,0.13770,-89.687,-0.041,2
79.1360,0.02644,0.14361,-0.00113,0.00000,0.12990,-89.687,-0.041,2
79.1880,0.02644,0.13581,-0.00113,0.00000,0.12210,-89.687,-0.041,2
79.2400,0.02644,0.12801,-0.00113,0.00000,0.11430,-89.687,-0.041,2
79.2920,0.02643,0.12021,-0.00113,0.00000,0.10650,-89.687,-0.041,2
79.3440,0.02642,0.11240,-0.00113,0.00000,0.09870,-89.687,-0.041,2
79.3960,0.02639,0.10460,-0.00113,0.00000,0.09090,-89.687,-0.041,2
79.4480,0.02638,0.09679,-0.00113,0.00000,0.08310,-89.688,-0.041,2
79.5000,0.02637,0.08898,-0.00113,0.00000,0.07530,-89.688,-0.041,2
79.5520,0.02635,0.08118,-0.00113,0.00000,0.06750,-89.688,-0.041,2
79.6040,0.02630,0.07336,-0.00113,0.00000,0.05970,-89.688,-0.041,2
79.6560,0.02626,0.06554,-0.00113,0.00000,0.05190,-89.689,-0.041,2
79.7080,0.02621,0.05773,-0.00113,0.00000,0.04410,-89.689,-0.041,2
79.7600,0.02616,0.04991,-0.00113,0.00000,0.03630,-89.690,-0.041,2
79.8120,0.02612,0.04209,-0.00113,0.00000,0.02850,-89.690,-0.041,2
79.8640,0.02608,0.03428,-0.00113,0.00000,0.02070,-89.690,-0.041,2
79.9160,0.02606,0.02647,-0.00113,0.00000,0.01290,-89.691,-0.041,2
79.9680,0.02606,0.01867,-0.00113,0.00000,0.00510,-89.691,-0.041,2
80.0200,0.02605,0.01086,-0.00113,0.00270,0.00000,-89.691,-0.041,3
80.0720,0.02613,0.00318,-0.00113,0.01050,0.00000,-89.516,-0.039,3
80.1240,0.02698,-0.00330,-0.00113,0.01830,0.00000,-87.600,-0.021,3
80.1760,0.02884,-0.00836,-0.00113,0.02610,0.00000,-84.007,-0.020,3
80.2280,0.03164,-0.01215,-0.00113,0.03390,0.00000,-80.081,-0.026,3
80.2800,0.03522,-0.01483,-0.00113,0.04170,0.00000,-76.246,-0.030,3
80.3320,0.03946,-0.01662,-0.00112,0.04950,0.00000,-72.542,-0.032,3
80.3840,0.04427,-0.01767,-0.00112,0.05730,0.00000,-68.948,-0.032,3
80.4360,0.04959,-0.01814,-0.00112,0.06510,0.00000,-65.441,-0.032,3
80.4880,0.05536,-0.01813,-0.00112,0.07290,0.00000,-62.005,-0.030,3
80.5400,0.06153,-0.01778,-0.00113,0.08070,0.00000,-58.624,-0.028,3
80.5920,0.06806,-0.01717,-0.00113,0.08850,0.00000,-55.289,-0.026,3
80.6440,0.07494,-0.01636,-0.00113,0.09630,0.00000,-51.991,-0.024,3
80.6960,0.08213,-0.01542,-0.00113,0.10410,0.00000,-48.723,-0.022,3
80.7480,0.08959,-0.01441,-0.00113,0.11190,0.00000,-45.478,-0.020,3
80.8000,0.09732,-0.01335,-0.00113,0.11970,0.00000,-42.253,-0.018,3
80.8520,0.10529,-0.01229,-0.00113,0.12750,0.00000,-39.043,-0.017,3
80.9040,0.11346,-0.01124,-0.00113,0.13530,0.00000,-35.844,-0.015,3
80.9560,0.12185,-0.01022,-0.00113,0.14310,0.00000,-32.655,-0.014,3
81.0080,0.13042,-0.00923,-0.00113,0.15090,0.00000,-29.472,-0.013,3
81.0600,0.13915,-0.00828,-0.00113,0.15870,0.00000,-26.292,-0.013,3
81.1120,0.14803,-0.00737,-0.00113,0.16650,0.00000,-23.114,-0.012,3
81.1640,0.15703,-0.00649,-0.00113,0.17430,0.00000,-19.934,-0.012,3
81.2160,0.16613,-0.00565,-0.00113,0.18210,0.00000,-16.750,-0.011,3
81.2680,0.17532,-0.00485,-0.00113,0.18990,0.00000,-13.559,-0.011,3
81.3200,0.18456,-0.00409,-0.00114,0.19770,0.00000,-10.358,-0.011,3
81.3720,0.19383,-0.00335,-0.00114,0.20550,0.00000,-7.149,-0.011,3
81.4240,0.20312,-0.00264,-0.00114,0.21330,0.00000,-3.999,-0.011,3
81.4760,0.21242,-0.00194,-0.00114,0.22110,0.00000,-1.437,-0.011,3
81.5280,0.22177,-0.00126,-0.00114,0.22890,0.00000,-0.655,-0.011,3
81.5800,0.23115,-0.00058,-0.00114,0.23670,0.00000,-0.542,-0.010,3
81.6320,0.24057,0.00009,-0.00114,0.24450,0.00000,-0.460,-0.010,3
81.6840,0.24998,0.00074,-0.00114,0.25230,0.00000,-0.377,-0.010,3
81.7360,0.25938,0.00138,-0.00114,0.26010,0.00000,-0.307,-0.010,3
81.7880,0.26876,0.00201,-0.00114,0.26790,0.00000,-0.251,-0.010,3
81.8400,0.27810,0.00261,-0.00114,0.27570,0.00000,-0.206,-0.010,3
81.8920,0.28738,0.00320,-0.00114,0.28350,0.00000,-0.169,-0.010,3
81.9440,0.29661,0.00377,-0.00114,0.29130,0.00000,-0.140,-0.009,3
81.9960,0.30576,0.00431,-0.00114,0.29910,0.00000,-0.116,-0.009,3
82.0480,0.31484,0.00482,-0.00114,0.30690,0.00000,-0.098,-0.009,3
82.1000,0.32384,0.00531,-0.00114,0.31470,0.00000,-0.083,-0.009,3
82.1520,0.33275,0.00577,-0.00114,0.32250,0.00000,-0.072,-0.009,3
82.2040,0.34157,0.00620,-0.00114,0.33030,0.00000,-0.063,-0.009,3
82.2560,0.35031,0.00660,-0.00114,0.33810,0.00000,-0.056,-0.009,3
82.3080,0.35896,0.00698,-0.00114,0.34590,0.00000,-0.051,-0.008,3
82.3600,0.36754,0.00733,-0.00114,0.35370,0.00000,-0.047,-0.008,3
82.4120,0.37604,0.00766,-0.00114,0.36150,0.00000,-0.044,-0.008,3
82.4640,0.38447,0.00797,-0.00114,0.36930,0.00000,-0.042,-0.008,3
82.5160,0.39283,0.00825,-0.00114,0.37710,0.00000,-0.041,-0.007,3
82.5680,0.40112,0.00852,-0.00114,0.38490,0.00000,-0.041,-0.007,3
82.6200,0.40935,0.00876,-0.00114,0.39270,0.00000,-0.040,-0.007,3
82.6720,0.41751,0.00899,-0.00114,0.40050,0.00000,-0.041,-0.007,3
82.7240,0.42562,0.00919,-0.00114,0.40830,0.00000,-0.041,-0.006,3
82.7760,0.43367,0.00937,-0.00114,0.41610,0.00000,-0.042,-0.006,3
82.8280,0.44168,0.00953,-0.00114,0.42390,0.00000,-0.043,-0.006,3
82.8800,0.44964,0.00968,-0.00114,0.43170,0.00000,-0.043,-0.006,3
82.9320,0.45757,0.00980,-0.00114,0.43950,0.00000,-0.044,-0.005,3
82.9840,0.46545,0.00991,-0.00114,0.44730,0.00000,-0.045,-0.005,3
83.0360,0.47330,0.01001,-0.00114,0.45510,0.00000,-0.046,-0.005,3
83.0880,0.48113,0.01010,-0.00114,0.46290,0.00000,-0.047,-0.005,3
83.1400,0.48894,0.01018,-0.00114,0.47070,0.00000,-0.048,-0.004,3
83.1920,0.49672,0.01024,-0.00114,0.47850,0.00000,-0.049,-0.004,3
83.2440,0.50449,0.01030,-0.00114,0.48630,0.00000,-0.049,-0.004,3
83.2960,0.51224,0.01035,-0.00114,0.49410,0.00000,-0.050,-0.004,3
83.3480,0.51999,0.01039,-0.00114,0.50190,0.00000,-0.051,-0.004,3
83.4000,0.52771,0.01041,-0.00114,0.50970,0.00000,-0.051,-0.004,3
83.4520,0.53542,0.01042,-0.00114,0.51750,0.00000,-0.052,-0.003,3
83.5040,0.54313,0.01043,-0.00114,0.52530,0.00000,-0.052,-0.003,3
83.5560,0.55083,0.01044,-0.00114,0.53310,0.00000,-0.052,-0.003,3
83.6080,0.55854,0.01044,-0.00114,0.54090,0.00000,-0.053,-0.003,3
83.6600,0.56624,0.01044,-0.00114,0.54870,0.00000,-0.053,-0.003,3
83.7120,0.57394,0.01043,-0.00114,0.55650,0.00000,-0.053,-0.003,3
83.7640,0.58164,0.01042,-0.00114,0.56430,0.00000,-0.053,-0.003,3
83.8160,0.58934,0.01040,-0.00114,0.57210,0.00000,-0.053,-0.003,3
83.8680,0.59704,0.01038,-0.00114,0.57990,0.00000,-0.054,-0.003,3
83.9200,0.60475,0.01036,-0.00114,0.58770,0.00000,-0.054,-0.003,3
83.9720,0.61247,0.01035,-0.00114,0.59550,0.00000,-0.054,-0.003,3
84.0240,0.62020,0.01034,-0.00114,0.60330,0.00000,-0.054,-0.003,3
84.0760,0.62794,0.01033,-0.00114,0.61110,0.00000,-0.054,-0.003,3
84.1280,0.63569,0.01032,-0.00114,0.61890,0.00000,-0.054,-0.003,3
84.1800,0.64343,0.01031,-0.00114,0.62670,0.00000,-0.054,-0.003,3
84.2320,0.65118,0.01029,-0.00114,0.63450,0.00000,-0.054,-0.003,3
84.2840,0.65892,0.01027,-0.00114,0.64230,0.00000,-0.054,-0.003,3
84.3360,0.66668,0.01025,-0.00114,0.65010,0.00000,-0.053,-0.003,3
84.3880,0.67443,0.01024,-0.00114,0.65790,0.00000,-0.053,-0.003,3
84.4400,0.68220,0.01022,-0.00114,0.66570,0.00000,-0.053,-0.003,3
84.4920,0.68997,0.01021,-0.00114,0.67350,0.00000,-0.053,-0.003,3
84.5440,0.69773,0.01019,-0.00114,0.68130,0.00000,-0.053,-0.003,3
84.5960,0.70550,0.01017,-0.00114,0.68910,0.00000,-0.053,-0.003,3
84.6480,0.71327,0.01015,-0.00114,0.69690,0.00000,-0.053,-0.003,3
84.7000,0.72104,0.01013,-0.00114,0.70470,0.00000,-0.053,-0.003,3
84.7520,0.72881,0.01010,-0.00114,0.71250,0.00000,-0.052,-0.003,3
84.8040,0.73658,0.01008,-0.00114,0.72030,0.00000,-0.052,-0.003,3
84.8560,0.74436,0.01006,-0.00114,0.72810,0.00000,-0.052,-0.003,3
84.9080,0.75214,0.01004,-0.00114,0.73590,0.00000,-0.052,-0.003,3
84.9600,0.75993,0.01002,-0.00114,0.74370,0.00000,-0.052,-0.003,3
85.0120,0.76772,0.01000,-0.00114,0.75150,0.00000,-0.052,-0.003,3
85.0640,0.77551,0.01000,-0.00114,0.75930,0.00000,-0.051,-0.003,3
85.1160,0.78331,0.00999,-0.00114,0.76710,0.00000,-0.051,-0.003,3
85.1680,0.79110,0.00997,-0.00114,0.77490,0.00000,-0.051,-0.003,3
85.2200,0.79890,0.00996,-0.00114,0.78270,0.00000,-0.051,-0.003,3
85.2720,0.80669,0.00995,-0.00114,0.79050,0.00000,-0.051,-0.003,3
85.3240,0.81449,0.00994,-0.00114,0.79830,0.00000,-0.051,-0.003,3
85.3760,0.82230,0.00993,-0.00114,0.80610,0.00000,-0.051,-0.003,3
85.4280,0.83011,0.00993,-0.00114,0.81390,0.00000,-0.051,-0.003,3
85.4800,0.83792,0.00993,-0.00114,0.82170,0.00000,-0.051,-0.003,3
85.5320,0.84573,0.00993,-0.00114,0.82950,0.00000,-0.051,-0.003,3
85.5840,0.85354,0.00993,-0.00114,0.83730,0.00000,-0.050,-0.003,3
85.6360,0.86135,0.00993,-0.00114,0.84510,0.00000,-0.050,-0.003,3
85.6880,0.86916,0.00993,-0.00114,0.85290,0.00000,-0.050,-0.003,3
85.7400,0.87698,0.00994,-0.00114,0.86070,0.00000,-0.050,-0.003,3
85.7920,0.88480,0.00995,-0.00114,0.86850,0.00000,-0.051,-0.003,3
85.8440,0.89262,0.00996,-0.00114,0.87630,0.00000,-0.051,-0.003,3
85.8960,0.90044,0.00997,-0.00114,0.88410,0.00000,-0.051,-0.003,3
85.9480,0.90827,0.00999,-0.00114,0.89190,0.00000,-0.051,-0.003,3
86.0000,0.91610,0.01002,-0.00114,0.89970,0.00000,-0.051,-0.003,3
86.0520,0.92394,0.01004,-0.00114,0.90750,0.00000,-0.051,-0.003,3
86.1040,0.93178,0.01007,-0.00114,0.91530,0.00000,-0.051,-0.003,3
86.1560,0.93962,0.01010,-0.00114,0.92310,0.00000,-0.052,-0.003,3
86.2080,0.94745,0.01012,-0.00114,0.93090,0.00000,-0.052,-0.003,3
86.2600,0.95527,0.01014,-0.00114,0.93870,0.00000,-0.052,-0.003,3
86.3120,0.96310,0.01016,-0.00114,0.94650,0.00000,-0.052,-0.003,3
86.3640,0.97093,0.01018,-0.00114,0.95430,0.00000,-0.052,-0.003,3
86.4160,0.97876,0.01021,-0.00114,0.96210,0.00000,-0.053,-0.003,3
86.4680,0.98658,0.01022,-0.00114,0.96990,0.00000,-0.053,-0.003,3
86.5200,0.99439,0.01023,-0.00114,0.97770,0.00000,-0.053,-0.003,3
86.5720,1.00219,0.01024,-0.00114,0.98550,0.00000,-0.053,-0.003,3
86.6240,1.00999,0.01024,-0.00114,0.99330,0.00000,-0.053,-0.003,3
86.6760,1.01778,0.01023,-0.00114,1.00000,0.00110,-0.053,-0.003,3
86.7280,1.02538,0.01037,-0.00114,1.00000,0.00890,0.228,0.001,3
86.7800,1.03181,0.01130,-0.00114,1.00000,0.01670,2.308,0.018,3
86.8320,1.03697,0.01306,-0.00114,1.00000,0.02450,5.888,0.016,3
86.8840,1.04097,0.01552,-0.00114,1.00000,0.03230,9.695,0.009,3
86.9360,1.04400,0.01856,-0.00113,1.00000,0.04010,13.423,0.004,3
86.9880,1.04625,0.02215,-0.00113,1.00000,0.04790,17.048,0.002,3
87.0400,1.04789,0.02624,-0.00113,1.00000,0.05570,20.588,-0.000,3
87.0920,1.04905,0.03082,-0.00113,1.00000,0.06350,24.061,-0.001,3
87.1440,1.04986,0.03586,-0.00113,1.00000,0.07130,27.478,-0.001,3
87.1960,1.05042,0.04135,-0.00113,1.00000,0.07910,30.849,-0.001,3
87.2480,1.05081,0.04729,-0.00112,1.00000,0.08690,34.181,-0.000,3
87.3000,1.05109,0.05366,-0.00112,1.00000,0.09470,37.481,0.000,3
87.3520,1.05130,0.06045,-0.00112,1.00000,0.10250,40.752,0.001,3
87.4040,1.05149,0.06765,-0.00112,1.00000,0.11030,43.998,0.001,3
87.4560,1.05167,0.07525,-0.00112,1.00000,0.11810,47.223,0.001,3
87.5080,1.05185,0.08324,-0.00112,1.00000,0.12590,50.427,0.000,3
87.5600,1.05204,0.09161,-0.00112,1.00000,0.13370,53.614,-0.000,3
87.6120,1.05225,0.10034,-0.00112,1.00000,0.14150,56.785,-0.001,3
87.6640,1.05248,0.10942,-0.00112,1.00000,0.14930,59.942,-0.002,3
87.7160,1.05270,0.11884,-0.00113,1.00000,0.15710,63.085,-0.004,3
87.7680,1.05289,0.12856,-0.00113,1.00000,0.16490,66.216,-0.005,3
87.8200,1.05305,0.13857,-0.00113,1.00000,0.17270,69.337,-0.007,3
87.8720,1.05315,0.14885,-0.00113,1.00000,0.18050,72.447,-0.009,3
87.9240,1.05315,0.15936,-0.00113,1.00000,0.18830,75.547,-0.011,3
87.9760,1.05303,0.17006,-0.00113,1.00000,0.19610,78.637,-0.013,3
88.0280,1.05279,0.18093,-0.00113,1.00000,0.20390,81.718,-0.015,3
88.0800,1.05240,0.19192,-0.00113,1.00000,0.21170,84.779,-0.016,3
88.1320,1.05184,0.20298,-0.00113,1.00000,0.21950,87.714,-0.018,3
88.1840,1.05109,0.21405,-0.00113,1.00000,0.22730,89.840,-0.020,3
88.2360,1.05022,0.22496,-0.00113,1.00000,0.23510,90.224,-0.021,3
88.2880,1.04927,0.23565,-0.00113,1.00000,0.24290,90.145,-0.022,3
88.3400,1.04825,0.24612,-0.00113,1.00000,0.25070,90.099,-0.023,3
88.3920,1.04720,0.25635,-0.00113,1.00000,0.25850,90.074,-0.024,3
88.4440,1.04611,0.26638,-0.00113,1.00000,0.26630,90.056,-0.024,3
88.4960,1.04501,0.27619,-0.00113,1.00000,0.27410,90.040,-0.025,3
88.5480,1.04392,0.28580,-0.00113,1.00000,0.28190,90.028,-0.025,3
88.6000,1.04282,0.29521,-0.00113,1.00000,0.28970,90.017,-0.025,3
88.6520,1.04173,0.30444,-0.00113,1.00000,0.29750,90.009,-0.025,3
88.7040,1.04068,0.31350,-0.00113,1.00000,0.30530,90.003,-0.024,3
88.7560,1.03965,0.32239,-0.00113,1.00000,0.31310,89.998,-0.024,3
88.8080,1.03865,0.33114,-0.00113,1.00000,0.32090,89.994,-0.024,3
88.8600,1.03768,0.33974,-0.00113,1.00000,0.32870,89.990,-0.023,3
88.9120,1.03676,0.34822,-0.00113,1.00000,0.33650,89.988,-0.023,3
88.9640,1.03588,0.35658,-0.00113,1.00000,0.34430,89.986,-0.022,3
89.0160,1.03505,0.36483,-0.00113,1.00000,0.35210,89.985,-0.022,3
89.0680,1.03426,0.37299,-0.00113,1.00000,0.35990,89.984,-0.021,3
89.1200,1.03351,0.38106,-0.00113,1.00000,0.36770,89.983,-0.021,3
89.1720,1.03281,0.38906,-0.00113,1.00000,0.37550,89.983,-0.020,3
89.2240,1.03214,0.39698,-0.00113,1.00000,0.38330,89.982,-0.020,3
89.2760,1.03150,0.40484,-0.00113,1.00000,0.39110,89.982,-0.019,3
89.3280,1.03089,0.41264,-0.00113,1.00000,0.39890,89.982,-0.019,3
89.3800,1.03031,0.42040,-0.00113,1.00000,0.40670,89.982,-0.019,3
89.4320,1.02976,0.42812,-0.00113,1.00000,0.41450,89.982,-0.018,3
89.4840,1.02924,0.43580,-0.00113,1.00000,0.42230,89.981,-0.018,3
89.5360,1.02877,0.44346,-0.00113,1.00000,0.43010,89.981,-0.018,3
89.5880,1.02831,0.45110,-0.00113,1.00000,0.43790,89.981,-0.017,3
89.6400,1.02790,0.45872,-0.00113,1.00000,0.44570,89.981,-0.017,3
89.6920,1.02752,0.46633,-0.00113,1.00000,0.45350,89.980,-0.017,3
89.7440,1.02718,0.47394,-0.00113,1.00000,0.46130,89.980,-0.016,3
89.7960,1.02687,0.48154,-0.00113,1.00000,0.46910,89.980,-0.016,3
89.8480,1.02660,0.48915,-0.00113,1.00000,0.47690,89.979,-0.016,3
89.9000,1.02634,0.49675,-0.00113,1.00000,0.48470,89.979,-0.016,3
89.9520,1.02613,0.50437,-0.00113,1.00000,0.49250,89.978,-0.016,3
90.0040,1.02594,0.51198,-0.00113,1.00000,0.50030,89.978,-0.016,3
90.0560,1.02575,0.51960,-0.00113,1.00000,0.50810,89.978,-0.015,3
90.1080,1.02557,0.52723,-0.00113,1.00000,0.51590,89.977,-0.015,3
90.1600,1.02540,0.53485,-0.00113,1.00000,0.52370,89.977,-0.015,3
90.2120,1.02524,0.54249,-0.00114,1.00000,0.53150,89.976,-0.015,3
90.2640,1.02511,0.55014,-0.00114,1.00000,0.53930,89.976,-0.015,3
90.3160,1.02497,0.55779,-0.00114,1.00000,0.54710,89.975,-0.015,3
90.3680,1.02484,0.56545,-0.00114,1.00000,0.55490,89.974,-0.015,3
90.4200,1.02473,0.57313,-0.00114,1.00000,0.56270,89.974,-0.015,3
90.4720,1.02462,0.58081,-0.00114,1.00000,0.57050,89.973,-0.015,3
90.5240,1.02452,0.58850,-0.00114,1.00000,0.57830,89.973,-0.015,3
90.5760,1.02442,0.59620,-0.00114,1.00000,0.58610,89.972,-0.015,3
90.6280,1.02434,0.60390,-0.00114,1.00000,0.59390,89.972,-0.015,3
90.6800,1.02427,0.61162,-0.00114,1.00000,0.60170,89.971,-0.015,3
90.7320,1.02421,0.61935,-0.00114,1.00000,0.60950,89.971,-0.015,3
90.7840,1.02416,0.62709,-0.00114,1.00000,0.61730,89.970,-0.015,3
90.8360,1.02411,0.63484,-0.00114,1.00000,0.62510,89.970,-0.015,3
90.8880,1.02408,0.64259,-0.00114,1.00000,0.63290,89.970,-0.015,3
90.9400,1.02405,0.65035,-0.00114,1.00000,0.64070,89.969,-0.015,3
90.9920,1.02402,0.65812,-0.00114,1.00000,0.64850,89.969,-0.015,3
91.0440,1.02400,0.66589,-0.00114,1.00000,0.65630,89.969,-0.015,3
91.0960,1.02397,0.67366,-0.00114,1.00000,0.66410,89.968,-0.015,3
91.1480,1.02395,0.68144,-0.00114,1.00000,0.67190,89.968,-0.015,3
91.2000,1.02394,0.68923,-0.00114,1.00000,0.67970,89.968,-0.015,3
91.2520,1.02394,0.69702,-0.00114,1.00000,0.68750,89.967,-0.015,3
91.3040,1.02393,0.70481,-0.00114,1.00000,0.69530,89.967,-0.015,3
91.3560,1.02391,0.71261,-0.00114,1.00000,0.70310,89.967,-0.016,3
91.4080,1.02390,0.72040,-0.00114,1.00000,0.71090,89.967,-0.016,3
91.4600,1.02390,0.72820,-0.00114,1.00000,0.71870,89.967,-0.016,3
91.5120,1.02389,0.73600,-0.00114,1.00000,0.72650,89.967,-0.016,3
91.5640,1.02388,0.74380,-0.00114,1.00000,0.73430,89.966,-0.016,3
91.6160,1.02385,0.75160,-0.00114,1.00000,0.74210,89.966,-0.016,3
91.6680,1.02385,0.75940,-0.00114,1.00000,0.74990,89.966,-0.016,3
91.7200,1.02384,0.76721,-0.00114,1.00000,0.75770,89.966,-0.016,3
91.7720,1.02384,0.77502,-0.00114,1.00000,0.76550,89.966,-0.016,3
91.8240,1.02383,0.78282,-0.00114,1.00000,0.77330,89.966,-0.016,3
91.8760,1.02383,0.79063,-0.00114,1.00000,0.78110,89.966,-0.016,3
91.9280,1.02384,0.79844,-0.00114,1.00000,0.78890,89.966,-0.016,3
91.9800,1.02387,0.80625,-0.00114,1.00000,0.79670,89.966,-0.016,3
92.0320,1.02390,0.81407,-0.00114,1.00000,0.80450,89.966,-0.016,3
92.0840,1.02392,0.82188,-0.00114,1.00000,0.81230,89.966,-0.016,3
92.1360,1.02395,0.82970,-0.00114,1.00000,0.82010,89.966,-0.016,3
92.1880,1.02397,0.83751,-0.00114,1.00000,0.82790,89.966,-0.016,3
92.2400,1.02400,0.84533,-0.00114,1.00000,0.83570,89.966,-0.016,3
92.2920,1.02403,0.85314,-0.00114,1.00000,0.84350,89.966,-0.016,3
92.3440,1.02407,0.86096,-0.00114,1.00000,0.85130,89.966,-0.016,3
92.3960,1.02412,0.86878,-0.00114,1.00000,0.85910,89.966,-0.016,3
92.4480,1.02418,0.87660,-0.00114,1.00000,0.86690,89.966,-0.016,3
92.5000,1.02424,0.88442,-0.00114,1.00000,0.87470,89.966,-0.016,3
92.5520,1.02430,0.89225,-0.00114,1.00000,0.88250,89.966,-0.016,3
92.6040,1.02436,0.90007,-0.00114,1.00000,0.89030,89.966,-0.016,3
92.6560,1.02441,0.90788,-0.00114,1.00000,0.89810,89.967,-0.016,3
92.7080,1.02445,0.91570,-0.00114,1.00000,0.90590,89.967,-0.016,3
92.7600,1.02449,0.92351,-0.00114,1.00000,0.91370,89.967,-0.016,3
92.8120,1.02453,0.93132,-0.00114,1.00000,0.92150,89.967,-0.016,3
92.8640,1.02457,0.93913,-0.00114,1.00000,0.92930,89.967,-0.016,3
92.9160,1.02460,0.94694,-0.00114,1.00000,0.93710,89.967,-0.016,3
92.9680,1.02464,0.95475,-0.00114,1.00000,0.94490,89.968,-0.016,3
93.0200,1.02466,0.96256,-0.00114,1.00000,0.95270,89.968,-0.016,3
93.0720,1.02467,0.97036,-0.00114,1.00000,0.96050,89.968,-0.016,3
93.1240,1.02466,0.97816,-0.00114,1.00000,0.96830,89.968,-0.016,3
93.1760,1.02465,0.98595,-0.00114,1.00000,0.97610,89.968,-0.016,3
93.2280,1.02465,0.99375,-0.00114,1.00000,0.98390,89.968,-0.016,3
93.2800,1.02466,1.00155,-0.00114,1.00000,0.99170,89.968,-0.016,3
93.3320,1.02467,1.00935,-0.00114,1.00000,0.99950,89.968,-0.016,3
93.3840,1.02450,1.01688,-0.00114,0.99270,1.00000,90.387,-0.011,3
93.4360,1.02349,1.02332,-0.00114,0.98490,1.00000,92.643,0.006,3
93.4880,1.02160,1.02875,-0.00113,0.97710,1.00000,96.158,0.002,3
93.5400,1.01891,1.03332,-0.00113,0.96930,1.00000,99.830,-0.006,3
93.5920,1.01551,1.03717,-0.00113,0.96150,1.00000,103.432,-0.011,3
93.6440,1.01146,1.04040,-0.00112,0.95370,1.00000,106.949,-0.014,3
93.6960,1.00681,1.04313,-0.00112,0.94590,1.00000,110.394,-0.017,3
93.7480,1.00160,1.04544,-0.00112,0.93810,1.00000,113.780,-0.019,3
93.8000,0.99584,1.04741,-0.00112,0.93030,1.00000,117.117,-0.021,3
93.8520,0.98956,1.04909,-0.00112,0.92250,1.00000,120.413,-0.022,3
93.9040,0.98277,1.05053,-0.00112,0.91470,1.00000,123.675,-0.024,3
93.9560,0.97552,1.05176,-0.00112,0.90690,1.00000,126.908,-0.025,3
94.0080,0.96780,1.05281,-0.00112,0.89910,1.00000,130.117,-0.026,3
94.0600,0.95963,1.05368,-0.00112,0.89130,1.00000,133.306,-0.028,3
94.1120,0.95106,1.05438,-0.00112,0.88350,1.00000,136.478,-0.029,3
94.1640,0.94212,1.05490,-0.00112,0.87570,1.00000,139.636,-0.031,3
94.2160,0.93282,1.05523,-0.00112,0.86790,1.00000,142.783,-0.033,3
94.2680,0.92323,1.05537,-0.00112,0.86010,1.00000,145.921,-0.035,3
94.3200,0.91336,1.05529,-0.00111,0.85230,1.00000,149.053,-0.037,3
94.3720,0.90327,1.05499,-0.00111,0.84450,1.00000,152.181,-0.040,3
94.4240,0.89300,1.05444,-0.00111,0.83670,1.00000,155.306,-0.042,3
94.4760,0.88259,1.05364,-0.00111,0.82890,1.00000,158.431,-0.044,3
94.5280,0.87208,1.05257,-0.00111,0.82110,1.00000,161.557,-0.046,3
94.5800,0.86152,1.05122,-0.00111,0.81330,1.00000,164.686,-0.049,3
94.6320,0.85097,1.04961,-0.00111,0.80550,1.00000,167.819,-0.051,3
94.6840,0.84046,1.04773,-0.00111,0.79770,1.00000,170.956,-0.052,3
94.7360,0.83004,1.04558,-0.00110,0.78990,1.00000,174.089,-0.054,3
94.7880,0.81975,1.04319,-0.00110,0.78210,1.00000,177.083,-0.056,3
94.8400,0.80965,1.04061,-0.00110,0.77430,1.00000,179.111,-0.057,3
94.8920,0.79986,1.03800,-0.00110,0.76650,1.00000,179.459,-0.058,3
94.9440,0.79038,1.03551,-0.00110,0.75870,1.00000,179.462,-0.059,3
94.9960,0.78118,1.03315,-0.00110,0.75090,1.00000,179.499,-0.060,3
95.0480,0.77222,1.03091,-0.00110,0.74310,1.00000,179.540,-0.061,3
95.1000,0.76347,1.02880,-0.00110,0.73530,1.00000,179.575,-0.061,3
95.1520,0.75491,1.02681,-0.00110,0.72750,1.00000,179.603,-0.061,3
95.2040,0.74651,1.02495,-0.00110,0.71970,1.00000,179.627,-0.061,3
95.2560,0.73825,1.02321,-0.00110,0.71190,1.00000,179.647,-0.061,3
95.3080,0.73012,1.02160,-0.00110,0.70410,1.00000,179.664,-0.060,3
95.3600,0.72210,1.02010,-0.00110,0.69630,1.00000,179.679,-0.060,3
95.4120,0.71417,1.01873,-0.00110,0.68850,1.00000,179.691,-0.060,3
95.4640,0.70633,1.01747,-0.00110,0.68070,1.00000,179.701,-0.059,3
95.5160,0.69855,1.01632,-0.00110,0.67290,1.00000,179.710,-0.059,3
95.5680,0.69083,1.01527,-0.00110,0.66510,1.00000,179.717,-0.058,3
95.6200,0.68315,1.01432,-0.00110,0.65730,1.00000,179.724,-0.058,3
95.6720,0.67551,1.01346,-0.00111,0.64950,1.00000,179.730,-0.057,3
95.7240,0.66789,1.01268,-0.00111,0.64170,1.00000,179.735,-0.057,3
95.7760,0.66029,1.01198,-0.00111,0.63390,1.00000,179.739,-0.057,3
95.8280,0.65271,1.01136,-0.00111,0.62610,1.00000,179.743,-0.056,3
95.8800,0.64513,1.01081,-0.00111,0.61830,1.00000,179.747,-0.056,3
95.9320,0.63756,1.01033,-0.00111,0.61050,1.00000,179.750,-0.056,3
95.9840,0.63000,1.00990,-0.00111,0.60270,1.00000,179.753,-0.056,3
96.0360,0.62244,1.00954,-0.00112,0.59490,1.00000,179.755,-0.055,3
96.0880,0.61488,1.00923,-0.00112,0.58710,1.00000,179.757,-0.055,3
96.1400,0.60732,1.00897,-0.00112,0.57930,1.00000,179.759,-0.055,3
96.1920,0.59974,1.00874,-0.00112,0.57150,1.00000,179.761,-0.055,3
96.2440,0.59215,1.00856,-0.00112,0.56370,1.00000,179.763,-0.055,3
96.2960,0.58456,1.00840,-0.00112,0.55590,1.00000,179.764,-0.055,3
96.3480,0.57695,1.00828,-0.00112,0.54810,1.00000,179.766,-0.055,3
96.4000,0.56932,1.00818,-0.00112,0.54030,1.00000,179.767,-0.054,3
96.4520,0.56168,1.00810,-0.00112,0.53250,1.00000,179.769,-0.054,3
96.5040,0.55402,1.00804,-0.00112,0.52470,1.00000,179.770,-0.054,3
96.5560,0.54635,1.00801,-0.00113,0.51690,1.00000,179.771,-0.054,3
96.6080,0.53867,1.00799,-0.00113,0.50910,1.00000,179.772,-0.054,3
96.6600,0.53099,1.00799,-0.00113,0.50130,1.00000,179.773,-0.054,3
96.7120,0.52332,1.00802,-0.00113,0.49350,1.00000,179.774,-0.054,3
96.7640,0.51564,1.00806,-0.00113,0.48570,1.00000,179.775,-0.054,3
96.8160,0.50795,1.00811,-0.00113,0.47790,1.00000,179.775,-0.054,3
96.8680,0.50026,1.00817,-0.00113,0.47010,1.00000,179.776,-0.054,3
96.9200,0.49257,1.00825,-0.00113,0.46230,1.00000,179.776,-0.054,3
96.9720,0.48488,1.00833,-0.00113,0.45450,1.00000,179.776,-0.054,3
97.0240,0.47718,1.00842,-0.00113,0.44670,1.00000,179.776,-0.055,3
97.0760,0.46947,1.00850,-0.00113,0.43890,1.00000,179.776,-0.055,3
97.1280,0.46173,1.00857,-0.00113,0.43110,1.00000,179.777,-0.055,3
97.1800,0.45400,1.00865,-0.00113,0.42330,1.00000,179.777,-0.055,3
97.2320,0.44625,1.00872,-0.00113,0.41550,1.00000,179.777,-0.055,3
97.2840,0.43850,1.00880,-0.00113,0.40770,1.00000,179.777,-0.055,3
97.3360,0.43075,1.00887,-0.00113,0.39990,1.00000,179.778,-0.055,3
97.3880,0.42298,1.00894,-0.00113,0.39210,1.00000,179.778,-0.055,3
97.4400,0.41521,1.00900,-0.00113,0.38430,1.00000,179.778,-0.055,3
97.4920,0.40743,1.00906,-0.00113,0.37650,1.00000,179.778,-0.055,3
97.5440,0.39966,1.00912,-0.00113,0.36870,1.00000,179.778,-0.055,3
97.5960,0.39187,1.00918,-0.00113,0.36090,1.00000,179.779,-0.055,3
97.6480,0.38408,1.00923,-0.00113,0.35310,1.00000,179.779,-0.055,3
97.7000,0.37629,1.00928,-0.00113,0.34530,1.00000,179.779,-0.055,3
97.7520,0.36849,1.00932,-0.00113,0.33750,1.00000,179.779,-0.055,3
97.8040,0.36069,1.00936,-0.00113,0.32970,1.00000,179.779,-0.055,3
97.8560,0.35289,1.00940,-0.00113,0.32190,1.00000,179.779,-0.055,3
97.9080,0.34509,1.00944,-0.00113,0.31410,1.00000,179.780,-0.055,3
97.9600,0.33729,1.00948,-0.00113,0.30630,1.00000,179.780,-0.055,3
98.0120,0.32950,1.00952,-0.00113,0.29850,1.00000,179.780,-0.055,3
98.0640,0.32171,1.00956,-0.00113,0.29070,1.00000,179.780,-0.055,3
98.1160,0.31392,1.00960,-0.00113,0.28290,1.00000,179.779,-0.055,3
98.1680,0.30613,1.00964,-0.00113,0.27510,1.00000,179.779,-0.055,3
98.2200,0.29835,1.00968,-0.00113,0.26730,1.00000,179.779,-0.055,3
98.2720,0.29057,1.00972,-0.00113,0.25950,1.00000,179.779,-0.055,3
98.3240,0.28279,1.00975,-0.00113,0.25170,1.00000,179.779,-0.055,3
98.3760,0.27500,1.00978,-0.00113,0.24390,1.00000,179.779,-0.055,3
98.4280,0.26721,1.00981,-0.00113,0.23610,1.00000,179.778,-0.055,3
98.4800,0.25942,1.00983,-0.00113,0.22830,1.00000,179.778,-0.055,3
98.5320,0.25163,1.00985,-0.00113,0.22050,1.00000,179.778,-0.055,3
98.5840,0.24383,1.00986,-0.00113,0.21270,1.00000,179.778,-0.055,3
98.6360,0.23603,1.00987,-0.00113,0.20490,1.00000,179.778,-0.055,3
98.6880,0.22823,1.00988,-0.00113,0.19710,1.00000,179.778,-0.055,3
98.7400,0.22042,1.00988,-0.00113,0.18930,1.00000,179.778,-0.055,3
98.7920,0.21260,1.00988,-0.00113,0.18150,1.00000,179.778,-0.055,3
98.8440,0.20479,1.00987,-0.00113,0.17370,1.00000,179.779,-0.055,3
98.8960,0.19698,1.00988,-0.00113,0.16590,1.00000,179.779,-0.055,3
98.9480,0.18919,1.00989,-0.00113,0.15810,1.00000,179.779,-0.055,3
99.0000,0.18140,1.00990,-0.00113,0.15030,1.00000,179.778,-0.055,3
99.0520,0.17361,1.00991,-0.00113,0.14250,1.00000,179.778,-0.055,3
99.1040,0.16582,1.00992,-0.00113,0.13470,1.00000,179.778,-0.055,3
99.1560,0.15803,1.00993,-0.00113,0.12690,1.00000,179.778,-0.055,3
99.2080,0.15024,1.00994,-0.00113,0.11910,1.00000,179.778,-0.055,3
99.2600,0.14246,1.00995,-0.00113,0.11130,1.00000,179.778,-0.055,3
99.3120,0.13467,1.00996,-0.00113,0.10350,1.00000,179.777,-0.055,3
99.3640,0.12688,1.00997,-0.00113,0.09570,1.00000,179.777,-0.055,3
99.4160,0.11910,1.00998,-0.00113,0.08790,1.00000,179.777,-0.055,3
99.4680,0.11132,1.00999,-0.00113,0.08010,1.00000,179.777,-0.055,3
99.5200,0.10354,1.01000,-0.00113,0.07230,1.00000,179.777,-0.055,3
99.5720,0.09575,1.01000,-0.00113,0.06450,1.00000,179.777,-0.055,3
99.6240,0.08796,1.01001,-0.00113,0.05670,1.00000,179.776,-0.055,3
99.6760,0.08018,1.01001,-0.00113,0.04890,1.00000,179.776,-0.055,3
99.7280,0.07240,1.01002,-0.00113,0.04110,1.00000,179.776,-0.055,3
99.7800,0.06463,1.01004,-0.00113,0.03330,1.00000,179.776,-0.055,3
99.8320,0.05685,1.01005,-0.00113,0.02550,1.00000,179.776,-0.055,3
99.8840,0.04907,1.01006,-0.00113,0.01770,1.00000,179.775,-0.055,3
99.9360,0.04129,1.01007,-0.00113,0.00990,1.00000,179.775,-0.055,3
99.9880,0.03351,1.01007,-0.00113,0.00210,1.00000,179.775,-0.055,3
100.0400,0.02573,1.01007,-0.00113,0.00000,0.99430,179.775,-0.055,3
100.0920,0.01839,1.00977,-0.00113,0.00000,0.98650,-179.588,-0.047,3
100.1440,0.01244,1.00795,-0.00113,0.00000,0.97870,-177.046,-0.017,3
100.1960,0.00777,1.00430,-0.00113,0.00000,0.97090,-173.295,-0.005,3
100.2480,0.00386,0.99983,-0.00112,0.00000,0.96310,-169.348,-0.028,3
100.3000,0.00070,0.99460,-0.00111,0.00000,0.95530,-165.483,-0.034,3
100.3520,-0.00178,0.98871,-0.00110,0.00000,0.94750,-161.753,-0.038,3
100.4040,-0.00367,0.98222,-0.00109,0.00000,0.93970,-158.131,-0.040,3
100.4560,-0.00503,0.97522,-0.00109,0.00000,0.93190,-154.597,-0.042,3
100.5080,-0.00593,0.96776,-0.00108,0.00000,0.92410,-151.135,-0.044,3
100.5600,-0.00643,0.95990,-0.00108,0.00000,0.91630,-147.731,-0.045,3
100.6120,-0.00656,0.95170,-0.00108,0.00000,0.90850,-144.374,-0.045,3
100.6640,-0.00636,0.94319,-0.00107,0.00000,0.90070,-141.055,-0.046,3
100.7160,-0.00589,0.93443,-0.00107,0.00000,0.89290,-137.768,-0.046,3
100.7680,-0.00517,0.92545,-0.00107,0.00000,0.88510,-134.505,-0.047,3
100.8200,-0.00423,0.91631,-0.00107,0.00000,0.87730,-131.261,-0.047,3
100.8720,-0.00309,0.90704,-0.00107,0.00000,0.86950,-128.032,-0.047,3
100.9240,-0.00176,0.89769,-0.00107,0.00000,0.86170,-124.815,-0.048,3
100.9760,-0.00027,0.88829,-0.00107,0.00000,0.85390,-121.605,-0.048,3
101.0280,0.00136,0.87888,-0.00107,0.00000,0.84610,-118.399,-0.048,3
101.0800,0.00311,0.86949,-0.00107,0.00000,0.83830,-115.196,-0.048,3
101.1320,0.00495,0.86015,-0.00107,0.00000,0.83050,-111.992,-0.048,3
101.1840,0.00687,0.85089,-0.00107,0.00000,0.82270,-108.785,-0.049,3
101.2360,0.00886,0.84173,-0.00107,0.00000,0.81490,-105.572,-0.048,3
101.2880,0.01089,0.83269,-0.00107,0.00000,0.80710,-102.350,-0.048,3
101.3400,0.01294,0.82378,-0.00108,0.00000,0.79930,-99.118,-0.048,3
101.3920,0.01501,0.81501,-0.00108,0.00000,0.79150,-95.885,-0.048,3
101.4440,0.01708,0.80638,-0.00108,0.00000,0.78370,-92.819,-0.047,3
101.4960,0.01912,0.79788,-0.00108,0.00000,0.77590,-90.855,-0.047,3
101.5480,0.02099,0.78943,-0.00108,0.00000,0.76810,-90.421,-0.047,3
101.6000,0.02265,0.78098,-0.00109,0.00000,0.76030,-90.334,-0.047,3
101.6520,0.02409,0.77257,-0.00109,0.00000,0.75250,-90.234,-0.046,3
101.7040,0.02533,0.76417,-0.00109,0.00000,0.74470,-90.142,-0.046,3
101.7560,0.02639,0.75580,-0.00109,0.00000,0.73690,-90.066,-0.046,3
101.8080,0.02726,0.74746,-0.00110,0.00000,0.72910,-90.004,-0.045,3
101.8600,0.02800,0.73914,-0.00110,0.00000,0.72130,-89.953,-0.045,3
101.9120,0.02862,0.73086,-0.00110,0.00000,0.71350,-89.911,-0.045,3
101.9640,0.02911,0.72261,-0.00110,0.00000,0.70570,-89.877,-0.045,3
102.0160,0.02950,0.71439,-0.00110,0.00000,0.69790,-89.849,-0.044,3
102.0680,0.02980,0.70620,-0.00111,0.00000,0.69010,-89.825,-0.044,3
102.1200,0.03003,0.69804,-0.00111,0.00000,0.68230,-89.806,-0.044,3
102.1720,0.03019,0.68991,-0.00111,0.00000,0.67450,-89.790,-0.044,3
102.2240,0.03029,0.68181,-0.00111,0.00000,0.66670,-89.776,-0.043,3
102.2760,0.03032,0.67374,-0.00111,0.00000,0.65890,-89.765,-0.043,3
102.3280,0.03030,0.66568,-0.00112,0.00000,0.65110,-89.756,-0.043,3
102.3800,0.03025,0.65766,-0.00112,0.00000,0.64330,-89.748,-0.043,3
102.4320,0.03015,0.64965,-0.00112,0.00000,0.63550,-89.742,-0.043,3
102.4840,0.03001,0.64166,-0.00112,0.00000,0.62770,-89.737,-0.043,3
102.5360,0.02986,0.63369,-0.00112,0.00000,0.61990,-89.732,-0.042,3
102.5880,0.02969,0.62574,-0.00112,0.00000,0.61210,-89.729,-0.042,3
102.6400,0.02950,0.61781,-0.00112,0.00000,0.60430,-89.726,-0.042,3
102.6920,0.02930,0.60989,-0.00112,0.00000,0.59650,-89.723,-0.042,3
102.7440,0.02909,0.60199,-0.00112,0.00000,0.58870,-89.721,-0.042,3
102.7960,0.02887,0.59409,-0.00112,0.00000,0.58090,-89.719,-0.042,3
102.8480,0.02866,0.58621,-0.00113,0.00000,0.57310,-89.717,-0.042,3
102.9000,0.02844,0.57835,-0.00113,0.00000,0.56530,-89.716,-0.042,3
102.9520,0.02821,0.57048,-0.00113,0.00000,0.55750,-89.715,-0.041,3
103.0040,0.02798,0.56263,-0.00113,0.00000,0.54970,-89.714,-0.041,3
103.0560,0.02774,0.55478,-0.00113,0.00000,0.54190,-89.713,-0.041,3
103.1080,0.02751,0.54694,-0.00113,0.00000,0.53410,-89.713,-0.041,3
103.1600,0.02728,0.53910,-0.00113,0.00000,0.52630,-89.712,-0.041,3
103.2120,0.02706,0.53127,-0.00113,0.00000,0.51850,-89.712,-0.041,3
103.2640,0.02685,0.52344,-0.00113,0.00000,0.51070,-89.712,-0.041,3
103.3160,0.02665,0.51562,-0.00113,0.00000,0.50290,-89.711,-0.041,3
103.3680,0.02647,0.50781,-0.00113,0.00000,0.49510,-89.711,-0.041,3
103.4200,0.02630,0.50000,-0.00113,0.00000,0.48730,-89.711,-0.041,3
103.4720,0.02613,0.49219,-0.00113,0.00000,0.47950,-89.711,-0.041,3
103.5240,0.02597,0.48438,-0.00113,0.00000,0.47170,-89.710,-0.041,3
103.5760,0.02582,0.47658,-0.00113,0.00000,0.46390,-89.710,-0.041,3
103.6280,0.02568,0.46878,-0.00113,0.00000,0.45610,-89.710,-0.041,3
103.6800,0.02554,0.46097,-0.00113,0.00000,0.44830,-89.710,-0.041,3
103.7320,0.02541,0.45317,-0.00113,0.00000,0.44050,-89.710,-0.041,3
103.7840,0.02529,0.44537,-0.00113,0.00000,0.43270,-89.710,-0.041,3
103.8360,0.02518,0.43757,-0.00113,0.00000,0.42490,-89.710,-0.040,3
103.8880,0.02507,0.42977,-0.00113,0.00000,0.41710,-89.710,-0.040,3
103.9400,0.02497,0.42197,-0.00113,0.00000,0.40930,-89.710,-0.040,3
103.9920,0.02490,0.41418,-0.00113,0.00000,0.40150,-89.710,-0.040,3
104.0440,0.02482,0.40639,-0.00113,0.00000,0.39370,-89.710,-0.040,3
104.0960,0.02476,0.39859,-0.00113,0.00000,0.38590,-89.710,-0.040,3
104.1480,0.02472,0.39080,-0.00113,0.00000,0.37810,-89.710,-0.040,3
104.2000,0.02469,0.38302,-0.00113,0.00000,0.37030,-89.710,-0.040,3
104.2520,0.02466,0.37523,-0.00113,0.00000,0.36250,-89.710,-0.040,3
104.3040,0.02463,0.36744,-0.00113,0.00000,0.35470,-89.710,-0.040,3
104.3560,0.02461,0.35965,-0.00113,0.00000,0.34690,-89.709,-0.040,3
104.4080,0.02459,0.35186,-0.00113,0.00000,0.33910,-89.709,-0.040,3
104.4600,0.02457,0.34407,-0.00113,0.00000,0.33130,-89.709,-0.040,3
104.5120,0.02456,0.33629,-0.00113,0.00000,0.32350,-89.709,-0.040,3
104.5640,0.02456,0.32850,-0.00113,0.00000,0.31570,-89.709,-0.040,3
104.6160,0.02455,0.32071,-0.00113,0.00000,0.30790,-89.709,-0.040,3
104.6680,0.02455,0.31292,-0.00113,0.00000,0.30010,-89.709,-0.040,3
104.7200,0.02455,0.30513,-0.00113,0.00000,0.29230,-89.709,-0.040,3
104.7720,0.02455,0.29734,-0.00113,0.00000,0.28450,-89.708,-0.040,3
104.8240,0.02455,0.28954,-0.00113,0.00000,0.27670,-89.708,-0.040,3
104.8760,0.02456,0.28175,-0.00113,0.00000,0.26890,-89.708,-0.040,3
104.9280,0.02456,0.27396,-0.00113,0.00000,0.26110,-89.708,-0.040,3
104.9800,0.02456,0.26617,-0.00113,0.00000,0.25330,-89.708,-0.040,3
105.0320,0.02456,0.25837,-0.00113,0.00000,0.24550,-89.708,-0.040,3
105.0840,0.02457,0.25058,-0.00113,0.00000,0.23770,-89.708,-0.040,3
105.1360,0.02459,0.24279,-0.00113,0.00000,0.22990,-89.708,-0.040,3
105.1880,0.02460,0.23500,-0.00113,0.00000,0.22210,-89.708,-0.040,3
105.2400,0.02462,0.22720,-0.00113,0.00000,0.21430,-89.708,-0.040,3
105.2920,0.02463,0.21941,-0.00113,0.00000,0.20650,-89.708,-0.040,3
105.3440,0.02464,0.21162,-0.00113,0.00000,0.19870,-89.708,-0.040,3
105.3960,0.02466,0.20382,-0.00113,0.00000,0.19090,-89.707,-0.040,3
105.4480,0.02467,0.19603,-0.00113,0.00000,0.18310,-89.707,-0.040,3
105.5000,0.02468,0.18823,-0.00113,0.00000,0.17530,-89.707,-0.040,3
105.5520,0.02469,0.18044,-0.00113,0.00000,0.16750,-89.707,-0.040,3
105.6040,0.02470,0.17264,-0.00113,0.00000,0.15970,-89.707,-0.040,3
105.6560,0.02470,0.16484,-0.00113,0.00000,0.15190,-89.707,-0.040,3
105.7080,0.02471,0.15704,-0.00113,0.00000,0.14410,-89.707,-0.040,3
105.7600,0.02472,0.14925,-0.00113,0.00000,0.13630,-89.707,-0.040,3
105.8120,0.02473,0.14145,-0.00113,0.00000,0.12850,-89.707,-0.040,3
105.8640,0.02475,0.13366,-0.00113,0.00000,0.12070,-89.707,-0.040,3
105.9160,0.02477,0.12586,-0.00113,0.00000,0.11290,-89.707,-0.040,3
105.9680,0.02481,0.11808,-0.00113,0.00000,0.10510,-89.707,-0.040,3
106.0200,0.02486,0.11029,-0.00113,0.00000,0.09730,-89.706,-0.040,3
106.0720,0.02491,0.10251,-0.00113,0.00000,0.08950,-89.706,-0.040,3
106.1240,0.02495,0.09472,-0.00113,0.00000,0.08170,-89.705,-0.040,3
106.1760,0.02500,0.08694,-0.00113,0.00000,0.07390,-89.705,-0.041,3
106.2280,0.02504,0.07915,-0.00113,0.00000,0.06610,-89.704,-0.041,3
106.2800,0.02507,0.07136,-0.00113,0.00000,0.05830,-89.704,-0.041,3
106.3320,0.02508,0.06357,-0.00113,0.00000,0.05050,-89.704,-0.041,3
106.3840,0.02510,0.05578,-0.00113,0.00000,0.04270,-89.704,-0.041,3
106.4360,0.02511,0.04798,-0.00113,0.00000,0.03490,-89.704,-0.041,3
106.4880,0.02511,0.04018,-0.00113,0.00000,0.02710,-89.704,-0.041,3
106.5400,0.02509,0.03238,-0.00113,0.00000,0.01930,-89.704,-0.041,3
106.5920,0.02507,0.02458,-0.00113,0.00000,0.01150,-89.704,-0.040,3
106.6440,0.02505,0.01677,-0.00113,0.00000,0.00370,-89.704,-0.040,3
106.6960,0.02504,0.00897,-0.00113,0.00410,0.00000,-89.705,-0.040,4
106.7480,0.02542,0.00177,-0.00113,0.01190,0.00000,-88.826,-0.030,4
106.8000,0.02676,-0.00404,-0.00113,0.01970,0.00000,-86.002,-0.018,4
106.8520,0.02907,-0.00852,-0.00113,0.02750,0.00000,-82.251,-0.022,4
106.9040,0.03222,-0.01184,-0.00113,0.03530,0.00000,-78.491,-0.028,4
106.9560,0.03609,-0.01418,-0.00112,0.04310,0.00000,-74.839,-0.031,4
107.0080,0.04057,-0.01571,-0.00112,0.05090,0.00000,-71.289,-0.032,4
107.0600,0.04557,-0.01661,-0.00112,0.05870,0.00000,-67.820,-0.032,4
107.1120,0.05104,-0.01698,-0.00112,0.06650,0.00000,-64.416,-0.031,4
107.1640,0.05693,-0.01695,-0.00112,0.07430,0.00000,-61.064,-0.029,4
107.2160,0.06320,-0.01660,-0.00113,0.08210,0.00000,-57.755,-0.027,4
107.2680,0.06983,-0.01603,-0.00113,0.08990,0.00000,-54.480,-0.025,4
107.3200,0.07677,-0.01529,-0.00113,0.09770,0.00000,-51.233,-0.023,4
107.3720,0.08402,-0.01443,-0.00113,0.10550,0.00000,-48.009,-0.021,4
107.4240,0.09154,-0.01352,-0.00113,0.11330,0.00000,-44.805,-0.019,4
107.4760,0.09931,-0.01256,-0.00113,0.12110,0.00000,-41.617,-0.018,4
107.5280,0.10731,-0.01161,-0.00113,0.12890,0.00000,-38.443,-0.016,4
107.5800,0.11554,-0.01065,-0.00113,0.13670,0.00000,-35.281,-0.015,4
107.6320,0.12395,-0.00973,-0.00113,0.14450,0.00000,-32.129,-0.014,4
107.6840,0.13255,-0.00883,-0.00113,0.15230,0.00000,-28.987,-0.013,4
107.7360,0.14129,-0.00797,-0.00113,0.16010,0.00000,-25.853,-0.013,4
107.7880,0.15017,-0.00716,-0.00113,0.16790,0.00000,-22.727,-0.012,4
107.8400,0.15916,-0.00637,-0.00113,0.17570,0.00000,-19.607,-0.012,4
107.8920,0.16824,-0.00562,-0.00113,0.18350,0.00000,-16.495,-0.012,4
107.9440,0.17740,-0.00490,-0.00113,0.19130,0.00000,-13.389,-0.012,4
107.9960,0.18661,-0.00420,-0.00114,0.19910,0.00000,-10.291,-0.012,4
108.0480,0.19586,-0.00352,-0.00114,0.20690,0.00000,-7.202,-0.011,4
108.1000,0.20514,-0.00285,-0.00114,0.21470,0.00000,-4.142,-0.011,4
108.1520,0.21442,-0.00219,-0.00114,0.22250,0.00000,-1.343,-0.011,4
108.2040,0.22371,-0.00153,-0.00114,0.23030,0.00000,0.064,-0.011,4
108.2560,0.23305,-0.00087,-0.00114,0.23810,0.00000,0.189,-0.011,4
108.3080,0.24241,-0.00021,-0.00114,0.24590,0.00000,0.122,-0.011,4
108.3600,0.25177,0.00043,-0.00114,0.25370,0.00000,0.094,-0.011,4
108.4120,0.26111,0.00105,-0.00114,0.26150,0.00000,0.077,-0.011,4
108.4640,0.27044,0.00167,-0.00114,0.26930,0.00000,0.064,-0.010,4
108.5160,0.27972,0.00227,-0.00114,0.27710,0.00000,0.052,-0.010,4
108.5680,0.28896,0.00285,-0.00114,0.28490,0.00000,0.042,-0.010,4
108.6200,0.29813,0.00341,-0.00114,0.29270,0.00000,0.034,-0.010,4
108.6720,0.30723,0.00394,-0.00114,0.30050,0.00000,0.026,-0.010,4
108.7240,0.31626,0.00445,-0.00114,0.30830,0.00000,0.020,-0.010,4
108.7760,0.32521,0.00493,-0.00114,0.31610,0.00000,0.014,-0.010,4
108.8280,0.33407,0.00538,-0.00114,0.32390,0.00000,0.009,-0.010,4
108.8800,0.34284,0.00580,-0.00114,0.33170,0.00000,0.004,-0.010,4
108.9320,0.35154,0.00620,-0.00114,0.33950,0.00000,-0.000,-0.009,4
108.9840,0.36016,0.00657,-0.00114,0.34730,0.00000,-0.004,-0.009,4
109.0360,0.36871,0.00693,-0.00114,0.35510,0.00000,-0.008,-0.009,4
109.0880,0.37718,0.00726,-0.00114,0.36290,0.00000,-0.011,-0.009,4
109.1400,0.38559,0.00757,-0.00114,0.37070,0.00000,-0.014,-0.009,4
109.1920,0.39392,0.00786,-0.00114,0.37850,0.00000,-0.017,-0.008,4
109.2440,0.40219,0.00812,-0.00114,0.38630,0.00000,-0.020,-0.008,4
109.2960,0.41040,0.00837,-0.00114,0.39410,0.00000,-0.022,-0.008,4
109.3480,0.41855,0.00859,-0.00114,0.40190,0.00000,-0.025,-0.007,4
109.4000,0.42664,0.00879,-0.00114,0.40970,0.00000,-0.027,-0.007,4
109.4520,0.43468,0.00897,-0.00114,0.41750,0.00000,-0.029,-0.007,4
109.5040,0.44268,0.00914,-0.00114,0.42530,0.00000,-0.031,-0.007,4
109.5560,0.45064,0.00929,-0.00114,0.43310,0.00000,-0.033,-0.006,4
109.6080,0.45856,0.00943,-0.00114,0.44090,0.00000,-0.034,-0.006,4
109.6600,0.46645,0.00955,-0.00114,0.44870,0.00000,-0.036,-0.006,4
109.7120,0.47432,0.00966,-0.00114,0.45650,0.00000,-0.037,-0.006,4
109.7640,0.48215,0.00976,-0.00114,0.46430,0.00000,-0.039,-0.005,4
109.8160,0.48996,0.00984,-0.00114,0.47210,0.00000,-0.040,-0.005,4
109.8680,0.49775,0.00991,-0.00114,0.47990,0.00000,-0.041,-0.005,4
109.9200,0.50551,0.00997,-0.00114,0.48770,0.00000,-0.042,-0.005,4
109.9720,0.51325,0.01001,-0.00114,0.49550,0.00000,-0.043,-0.005,4
110.0240,0.52097,0.01003,-0.00114,0.50330,0.00000,-0.044,-0.005,4
110.0760,0.52867,0.01004,-0.00114,0.51110,0.00000,-0.044,-0.004,4
110.1280,0.53638,0.01005,-0.00114,0.51890,0.00000,-0.045,-0.004,4
110.1800,0.54408,0.01006,-0.00114,0.52670,0.00000,-0.045,-0.004,4
110.2320,0.55179,0.01007,-0.00114,0.53450,0.00000,-0.046,-0.004,4
110.2840,0.55950,0.01007,-0.00114,0.54230,0.00000,-0.046,-0.004,4
110.3360,0.56721,0.01008,-0.00114,0.55010,0.00000,-0.046,-0.004,4
110.3880,0.57493,0.01008,-0.00114,0.55790,0.00000,-0.047,-0.004,4
110.4400,0.58266,0.01009,-0.00114,0.56570,0.00000,-0.047,-0.004,4
110.4920,0.59038,0.01009,-0.00114,0.57350,0.00000,-0.047,-0.004,4
110.5440,0.59811,0.01009,-0.00114,0.58130,0.00000,-0.048,-0.004,4
110.5960,0.60584,0.01009,-0.00114,0.58910,0.00000,-0.048,-0.003,4
110.6480,0.61356,0.01008,-0.00114,0.59690,0.00000,-0.048,-0.003,4
110.7000,0.62129,0.01006,-0.00114,0.60470,0.00000,-0.048,-0.003,4
110.7520,0.62903,0.01005,-0.00114,0.61250,0.00000,-0.048,-0.003,4
110.8040,0.63676,0.01004,-0.00114,0.62030,0.00000,-0.048,-0.003,4
110.8560,0.64451,0.01002,-0.00114,0.62810,0.00000,-0.048,-0.003,4
110.9080,0.65226,0.01001,-0.00114,0.63590,0.00000,-0.048,-0.003,4
110.9600,0.66003,0.01001,-0.00114,0.64370,0.00000,-0.048,-0.003,4
111.0120,0.66780,0.01000,-0.00114,0.65150,0.00000,-0.048,-0.003,4
111.0640,0.67557,0.01000,-0.00114,0.65930,0.00000,-0.048,-0.003,4
111.1160,0.68335,0.00999,-0.00114,0.66710,0.00000,-0.048,-0.003,4
111.1680,0.69112,0.00998,-0.00114,0.67490,0.00000,-0.048,-0.003,4
111.2200,0.69890,0.00997,-0.00114,0.68270,0.00000,-0.048,-0.003,4
111.2720,0.70668,0.00996,-0.00114,0.69050,0.00000,-0.048,-0.003,4
111.3240,0.71446,0.00995,-0.00114,0.69830,0.00000,-0.048,-0.003,4
111.3760,0.72224,0.00994,-0.00114,0.70610,0.00000,-0.048,-0.003,4
111.4280,0.73002,0.00992,-0.00114,0.71390,0.00000,-0.048,-0.003,4
111.4800,0.73780,0.00990,-0.00114,0.72170,0.00000,-0.048,-0.003,4
111.5320,0.74558,0.00989,-0.00114,0.72950,0.00000,-0.048,-0.003,4
111.5840,0.75336,0.00987,-0.00114,0.73730,0.00000,-0.048,-0.003,4
111.6360,0.76115,0.00985,-0.00114,0.74510,0.00000,-0.048,-0.003,4
111.6880,0.76893,0.00983,-0.00114,0.75290,0.00000,-0.048,-0.003,4
111.7400,0.77671,0.00981,-0.00114,0.76070,0.00000,-0.047,-0.003,4
111.7920,0.78448,0.00978,-0.00114,0.76850,0.00000,-0.047,-0.003,4
111.8440,0.79225,0.00975,-0.00114,0.77630,0.00000,-0.047,-0.003,4
111.8960,0.80002,0.00971,-0.00114,0.78410,0.00000,-0.047,-0.004,4
111.9480,0.80780,0.00969,-0.00114,0.79190,0.00000,-0.047,-0.004,4
112.0000,0.81558,0.00966,-0.00114,0.79970,0.00000,-0.046,-0.004,4
112.0520,0.82337,0.00965,-0.00114,0.80750,0.00000,-0.046,-0.004,4
112.1040,0.83117,0.00964,-0.00114,0.81530,0.00000,-0.046,-0.004,4
112.1560,0.83897,0.00963,-0.00114,0.82310,0.00000,-0.046,-0.004,4
112.2080,0.84677,0.00962,-0.00114,0.83090,0.00000,-0.046,-0.004,4
112.2600,0.85457,0.00961,-0.00114,0.83870,0.00000,-0.046,-0.004,4
112.3120,0.86237,0.00960,-0.00114,0.84650,0.00000,-0.046,-0.004,4
112.3640,0.87016,0.00959,-0.00114,0.85430,0.00000,-0.046,-0.004,4
112.4160,0.87796,0.00958,-0.00114,0.86210,0.00000,-0.045,-0.004,4
112.4680,0.88577,0.00958,-0.00114,0.86990,0.00000,-0.045,-0.004,4
112.5200,0.89358,0.00958,-0.00114,0.87770,0.00000,-0.045,-0.004,4
112.5720,0.90140,0.00958,-0.00114,0.88550,0.00000,-0.045,-0.004,4
112.6240,0.90921,0.00959,-0.00114,0.89330,0.00000,-0.045,-0.004,4
112.6760,0.91703,0.00960,-0.00114,0.90110,0.00000,-0.045,-0.004,4
112.7280,0.92484,0.00960,-0.00114,0.90890,0.00000,-0.045,-0.004,4
112.7800,0.93265,0.00960,-0.00114,0.91670,0.00000,-0.045,-0.004,4
112.8320,0.94045,0.00960,-0.00114,0.92450,0.00000,-0.045,-0.004,4
112.8840,0.94825,0.00960,-0.00114,0.93230,0.00000,-0.045,-0.004,4
112.9360,0.95605,0.00959,-0.00114,0.94010,0.00000,-0.045,-0.004,4
112.9880,0.96385,0.00959,-0.00114,0.94790,0.00000,-0.045,-0.004,4
113.0400,0.97166,0.00959,-0.00114,0.95570,0.00000,-0.045,-0.004,4
113.0920,0.97947,0.00959,-0.00114,0.96350,0.00000,-0.045,-0.004,4
113.1440,0.98728,0.00960,-0.00114,0.97130,0.00000,-0.045,-0.004,4
113.1960,0.99508,0.00960,-0.00114,0.97910,0.00000,-0.045,-0.004,4
113.2480,1.00290,0.00961,-0.00114,0.98690,0.00000,-0.045,-0.004,4
113.3000,1.01072,0.00963,-0.00114,0.99470,0.00000,-0.045,-0.004,4
113.3520,1.01854,0.00965,-0.00114,1.00000,0.00250,-0.045,-0.004,4
113.4040,1.02565,0.01015,-0.00114,1.00000,0.01030,1.036,0.010,4
113.4560,1.03146,0.01151,-0.00114,1.00000,0.01810,3.937,0.018,4
113.5080,1.03607,0.01363,-0.00114,1.00000,0.02590,7.569,0.012,4
113.5600,1.03963,0.01638,-0.00113,1.00000,0.03370,11.217,0.006,4
113.6120,1.04233,0.01970,-0.00113,1.00000,0.04150,14.783,0.002,4
113.6640,1.04434,0.02354,-0.00113,1.00000,0.04930,18.275,0.000,4
113.7160,1.04582,0.02788,-0.00113,1.00000,0.05710,21.707,-0.001,4
113.7680,1.04690,0.03268,-0.00113,1.00000,0.06490,25.091,-0.001,4
113.8200,1.04768,0.03794,-0.00113,1.00000,0.07270,28.435,-0.001,4
113.8720,1.04823,0.04364,-0.00113,1.00000,0.08050,31.747,-0.001,4
113.9240,1.04863,0.04975,-0.00112,1.00000,0.08830,35.030,-0.000,4
113.9760,1.04895,0.05628,-0.00112,1.00000,0.09610,38.290,0.000,4
114.0280,1.04923,0.06322,-0.00112,1.00000,0.10390,41.530,0.000,4
114.0800,1.04948,0.07055,-0.00112,1.00000,0.11170,44.751,0.001,4
114.1320,1.04973,0.07826,-0.00112,1.00000,0.11950,47.956,0.000,4
114.1840,1.04999,0.08635,-0.00112,1.00000,0.12730,51.146,-0.000,4
114.2360,1.05026,0.09479,-0.00112,1.00000,0.13510,54.324,-0.001,4
114.2880,1.05054,0.10359,-0.00112,1.00000,0.14290,57.491,-0.002,4
114.3400,1.05082,0.11271,-0.00113,1.00000,0.15070,60.648,-0.003,4
114.3920,1.05109,0.12216,-0.00113,1.00000,0.15850,63.797,-0.004,4
114.4440,1.05134,0.13190,-0.00113,1.00000,0.16630,66.939,-0.006,4
114.4960,1.05153,0.14191,-0.00113,1.00000,0.17410,70.076,-0.008,4
114.5480,1.05163,0.15218,-0.00113,1.00000,0.18190,73.209,-0.009,4
114.6000,1.05163,0.16266,-0.00113,1.00000,0.18970,76.340,-0.011,4
114.6520,1.05151,0.17332,-0.00113,1.00000,0.19750,79.470,-0.013,4
114.7040,1.05124,0.18413,-0.00113,1.00000,0.20530,82.599,-0.015,4
114.7560,1.05081,0.19505,-0.00113,1.00000,0.21310,85.704,-0.017,4
114.8080,1.05019,0.20603,-0.00113,1.00000,0.22090,88.503,-0.019,4
114.8600,1.04941,0.21694,-0.00113,1.00000,0.22870,89.723,-0.020,4
114.9120,1.04852,0.22768,-0.00113,1.00000,0.23650,89.846,-0.021,4
114.9640,1.04756,0.23819,-0.00113,1.00000,0.24430,89.838,-0.022,4
115.0160,1.04655,0.24849,-0.00113,1.00000,0.25210,89.857,-0.023,4
115.0680,1.04552,0.25858,-0.00113,1.00000,0.25990,89.878,-0.024,4
115.1200,1.04447,0.26847,-0.00113,1.00000,0.26770,89.895,-0.024,4
115.1720,1.04340,0.27816,-0.00113,1.00000,0.27550,89.909,-0.024,4
115.2240,1.04233,0.28766,-0.00113,1.00000,0.28330,89.920,-0.025,4
115.2760,1.04128,0.29697,-0.00113,1.00000,0.29110,89.929,-0.024,4
115.3280,1.04024,0.30611,-0.00113,1.00000,0.29890,89.937,-0.024,4
115.3800,1.03923,0.31509,-0.00113,1.00000,0.30670,89.944,-0.024,4
115.4320,1.03826,0.32392,-0.00113,1.00000,0.31450,89.949,-0.024,4
115.4840,1.03731,0.33260,-0.00113,1.00000,0.32230,89.953,-0.023,4
115.5360,1.03641,0.34115,-0.00113,1.00000,0.33010,89.957,-0.023,4
115.5880,1.03554,0.34958,-0.00113,1.00000,0.33790,89.961,-0.023,4
115.6400,1.03472,0.35790,-0.00113,1.00000,0.34570,89.963,-0.022,4
115.6920,1.03395,0.36612,-0.00113,1.00000,0.35350,89.966,-0.022,4
115.7440,1.03323,0.37426,-0.00113,1.00000,0.36130,89.968,-0.021,4
115.7960,1.03256,0.38231,-0.00113,1.00000,0.36910,89.970,-0.021,4
115.8480,1.03192,0.39029,-0.00113,1.00000,0.37690,89.971,-0.020,4
115.9000,1.03133,0.39821,-0.00113,1.00000,0.38470,89.973,-0.020,4
115.9520,1.03077,0.40607,-0.00113,1.00000,0.39250,89.974,-0.019,4
116.0040,1.03025,0.41388,-0.00113,1.00000,0.40030,89.975,-0.019,4
116.0560,1.02977,0.42165,-0.00113,1.00000,0.40810,89.976,-0.019,4
116.1080,1.02932,0.42938,-0.00113,1.00000,0.41590,89.977,-0.018,4
116.1600,1.02890,0.43708,-0.00113,1.00000,0.42370,89.977,-0.018,4
116.2120,1.02850,0.44476,-0.00113,1.00000,0.43150,89.978,-0.017,4
116.2640,1.02813,0.45241,-0.00113,1.00000,0.43930,89.978,-0.017,4
116.3160,1.02778,0.46005,-0.00113,1.00000,0.44710,89.978,-0.017,4
116.3680,1.02745,0.46767,-0.00113,1.00000,0.45490,89.978,-0.017,4
116.4200,1.02715,0.47528,-0.00113,1.00000,0.46270,89.978,-0.016,4
116.4720,1.02687,0.48289,-0.00113,1.00000,0.47050,89.978,-0.016,4
116.5240,1.02662,0.49051,-0.00113,1.00000,0.47830,89.978,-0.016,4
116.5760,1.02640,0.49812,-0.00113,1.00000,0.48610,89.978,-0.016,4
116.6280,1.02620,0.50574,-0.00113,1.00000,0.49390,89.978,-0.016,4
116.6800,1.02601,0.51335,-0.00113,1.00000,0.50170,89.977,-0.016,4
116.7320,1.02584,0.52098,-0.00113,1.00000,0.50950,89.977,-0.015,4
116.7840,1.02568,0.52861,-0.00113,1.00000,0.51730,89.977,-0.015,4
116.8360,1.02554,0.53625,-0.00113,1.00000,0.52510,89.976,-0.015,4
116.8880,1.02541,0.54389,-0.00114,1.00000,0.53290,89.976,-0.015,4
116.9400,1.02531,0.55155,-0.00114,1.00000,0.54070,89.976,-0.015,4
116.9920,1.02523,0.55923,-0.00114,1.00000,0.54850,89.975,-0.015,4
117.0440,1.02516,0.56691,-0.00114,1.00000,0.55630,89.975,-0.015,4
117.0960,1.02510,0.57460,-0.00114,1.00000,0.56410,89.974,-0.015,4
117.1480,1.02505,0.58230,-0.00114,1.00000,0.57190,89.974,-0.015,4
117.2000,1.02503,0.59001,-0.00114,1.00000,0.57970,89.974,-0.015,4
117.2520,1.02501,0.59774,-0.00114,1.00000,0.58750,89.974,-0.015,4
117.3040,1.02501,0.60547,-0.00114,1.00000,0.59530,89.973,-0.015,4
117.3560,1.02502,0.61322,-0.00114,1.00000,0.60310,89.973,-0.015,4
117.4080,1.02503,0.62097,-0.00114,1.00000,0.61090,89.973,-0.015,4
117.4600,1.02505,0.62873,-0.00114,1.00000,0.61870,89.973,-0.015,4
117.5120,1.02507,0.63649,-0.00114,1.00000,0.62650,89.972,-0.015,4
117.5640,1.02509,0.64426,-0.00114,1.00000,0.63430,89.972,-0.015,4
117.6160,1.02509,0.65203,-0.00114,1.00000,0.64210,89.972,-0.015,4
117.6680,1.02508,0.65980,-0.00114,1.00000,0.64990,89.972,-0.015,4
117.7200,1.02508,0.66757,-0.00114,1.00000,0.65770,89.972,-0.015,4
117.7720,1.02508,0.67535,-0.00114,1.00000,0.66550,89.971,-0.015,4
117.8240,1.02506,0.68313,-0.00114,1.00000,0.67330,89.971,-0.015,4
117.8760,1.02504,0.69091,-0.00114,1.00000,0.68110,89.971,-0.015,4
117.9280,1.02503,0.69870,-0.00114,1.00000,0.68890,89.971,-0.015,4
117.9800,1.02502,0.70649,-0.00114,1.00000,0.69670,89.971,-0.015,4
118.0320,1.02501,0.71428,-0.00114,1.00000,0.70450,89.971,-0.015,4
118.0840,1.02500,0.72207,-0.00114,1.00000,0.71230,89.971,-0.015,4
118.1360,1.02499,0.72987,-0.00114,1.00000,0.72010,89.970,-0.015,4
118.1880,1.02498,0.73767,-0.00114,1.00000,0.72790,89.970,-0.015,4
118.2400,1.02497,0.74547,-0.00114,1.00000,0.73570,89.970,-0.015,4
118.2920,1.02496,0.75326,-0.00114,1.00000,0.74350,89.970,-0.015,4
118.3440,1.02495,0.76106,-0.00114,1.00000,0.75130,89.970,-0.015,4
118.3960,1.02493,0.76886,-0.00114,1.00000,0.75910,89.970,-0.015,4
118.4480,1.02492,0.77667,-0.00114,1.00000,0.76690,89.970,-0.015,4
118.5000,1.02490,0.78447,-0.00114,1.00000,0.77470,89.970,-0.015,4
118.5520,1.02489,0.79227,-0.00114,1.00000,0.78250,89.970,-0.015,4
118.6040,1.02488,0.80007,-0.00114,1.00000,0.79030,89.970,-0.015,4
118.6560,1.02488,0.80788,-0.00114,1.00000,0.79810,89.969,-0.015,4
118.7080,1.02488,0.81568,-0.00114,1.00000,0.80590,89.969,-0.015,4
118.7600,1.02487,0.82349,-0.00114,1.00000,0.81370,89.969,-0.015,4
118.8120,1.02485,0.83129,-0.00114,1.00000,0.82150,89.969,-0.015,4
118.8640,1.02483,0.83909,-0.00114,1.00000,0.82930,89.969,-0.016,4
118.9160,1.02481,0.84689,-0.00114,1.00000,0.83710,89.969,-0.016,4
118.9680,1.02478,0.85469,-0.00114,1.00000,0.84490,89.969,-0.016,4
119.0200,1.02477,0.86249,-0.00114,1.00000,0.85270,89.969,-0.016,4
119.0720,1.02475,0.87029,-0.00114,1.00000,0.86050,89.969,-0.016,4
119.1240,1.02473,0.87809,-0.00114,1.00000,0.86830,89.969,-0.016,4
119.1760,1.02474,0.88589,-0.00114,1.00000,0.87610,89.969,-0.016,4
119.2280,1.02475,0.89370,-0.00114,1.00000,0.88390,89.969,-0.016,4
119.2800,1.02476,0.90151,-0.00114,1.00000,0.89170,89.969,-0.016,4
119.3320,1.02478,0.90932,-0.00114,1.00000,0.89950,89.969,-0.016,4
119.3840,1.02478,0.91712,-0.00114,1.00000,0.90730,89.969,-0.016,4
119.4360,1.02475,0.92492,-0.00114,1.00000,0.91510,89.969,-0.016,4
119.4880,1.02472,0.93271,-0.00114,1.00000,0.92290,89.969,-0.016,4
119.5400,1.02470,0.94051,-0.00114,1.00000,0.93070,89.969,-0.016,4
119.5920,1.02468,0.94830,-0.00114,1.00000,0.93850,89.969,-0.016,4
119.6440,1.02466,0.95610,-0.00114,1.00000,0.94630,89.969,-0.016,4
119.6960,1.02465,0.96390,-0.00114,1.00000,0.95410,89.969,-0.016,4
119.7480,1.02465,0.97170,-0.00114,1.00000,0.96190,89.968,-0.016,4
119.8000,1.02467,0.97951,-0.00114,1.00000,0.96970,89.968,-0.016,4
119.8520,1.02469,0.98732,-0.00114,1.00000,0.97750,89.969,-0.016,4
119.9040,1.02471,0.99512,-0.00114,1.00000,0.98530,89.969,-0.016,4
119.9560,1.02472,1.00293,-0.00114,1.00000,0.99310,89.969,-0.016,4
120.0080,1.02474,1.01074,-0.00114,0.99910,1.00000,89.969,-0.016,4
120.0600,1.02474,1.01852,-0.00114,0.99130,1.00000,89.997,-0.015,4
120.1120,1.02412,1.02544,-0.00114,0.98350,1.00000,91.389,0.001,4
120.1640,1.02258,1.03124,-0.00113,0.97570,1.00000,94.615,0.005,4
120.2160,1.02019,1.03610,-0.00113,0.96790,1.00000,98.534,-0.003,4
120.2680,1.01704,1.04017,-0.00113,0.96010,1.00000,102.449,-0.009,4
120.3200,1.01320,1.04357,-0.00113,0.95230,1.00000,106.234,-0.013,4
120.3720,1.00871,1.04642,-0.00112,0.94450,1.00000,109.899,-0.017,4
120.4240,1.00362,1.04880,-0.00112,0.93670,1.00000,113.467,-0.019,4
120.4760,0.99794,1.05081,-0.00112,0.92890,1.00000,116.953,-0.021,4
120.5280,0.99171,1.05250,-0.00112,0.92110,1.00000,120.373,-0.023,4
120.5800,0.98495,1.05393,-0.00112,0.91330,1.00000,123.737,-0.024,4
120.6320,0.97768,1.05514,-0.00112,0.90550,1.00000,127.055,-0.025,4
120.6840,0.96994,1.05615,-0.00112,0.89770,1.00000,130.334,-0.027,4
120.7360,0.96172,1.05696,-0.00112,0.88990,1.00000,133.583,-0.028,4
120.7880,0.95307,1.05759,-0.00112,0.88210,1.00000,136.806,-0.030,4
120.8400,0.94402,1.05803,-0.00112,0.87430,1.00000,140.009,-0.032,4
120.8920,0.93461,1.05827,-0.00112,0.86650,1.00000,143.195,-0.034,4
120.9440,0.92488,1.05830,-0.00111,0.85870,1.00000,146.370,-0.036,4
120.9960,0.91485,1.05810,-0.00111,0.85090,1.00000,149.538,-0.038,4
121.0480,0.90460,1.05766,-0.00111,0.84310,1.00000,152.700,-0.040,4
121.1000,0.89417,1.05698,-0.00111,0.83530,1.00000,155.862,-0.043,4
121.1520,0.88360,1.05604,-0.00111,0.82750,1.00000,159.026,-0.045,4
121.2040,0.87293,1.05483,-0.00111,0.81970,1.00000,162.196,-0.047,4
121.2560,0.86223,1.05334,-0.00111,0.81190,1.00000,165.375,-0.050,4
121.3080,0.85153,1.05156,-0.00111,0.80410,1.00000,168.567,-0.052,4
121.3600,0.84087,1.04950,-0.00110,0.79630,1.00000,171.773,-0.054,4
121.4120,0.83032,1.04718,-0.00110,0.78850,1.00000,174.963,-0.055,4
121.4640,0.81992,1.04461,-0.00110,0.78070,1.00000,177.790,-0.057,4
121.5160,0.80977,1.04191,-0.00110,0.77290,1.00000,178.884,-0.058,4
121.5680,0.79996,1.03926,-0.00110,0.76510,1.00000,179.059,-0.060,4
121.6200,0.79044,1.03672,-0.00110,0.75730,1.00000,179.151,-0.061,4
121.6720,0.78120,1.03431,-0.00110,0.74950,1.00000,179.251,-0.062,4
121.7240,0.77220,1.03201,-0.00110,0.74170,1.00000,179.336,-0.062,4
121.7760,0.76341,1.02984,-0.00110,0.73390,1.00000,179.406,-0.062,4
121.8280,0.75480,1.02779,-0.00110,0.72610,1.00000,179.464,-0.062,4
121.8800,0.74636,1.02587,-0.00110,0.71830,1.00000,179.512,-0.062,4
121.9320,0.73806,1.02408,-0.00110,0.71050,1.00000,179.551,-0.062,4
121.9840,0.72989,1.02241,-0.00110,0.70270,1.00000,179.584,-0.061,4
122.0360,0.72183,1.02087,-0.00110,0.69490,1.00000,179.611,-0.061,4
122.0880,0.71387,1.01944,-0.00110,0.68710,1.00000,179.634,-0.061,4
122.1400,0.70600,1.01814,-0.00110,0.67930,1.00000,179.653,-0.060,4
122.1920,0.69820,1.01695,-0.00110,0.67150,1.00000,179.669,-0.060,4
122.2440,0.69046,1.01587,-0.00110,0.66370,1.00000,179.682,-0.059,4
122.2960,0.68277,1.01489,-0.00110,0.65590,1.00000,179.693,-0.059,4
122.3480,0.67512,1.01400,-0.00110,0.64810,1.00000,179.703,-0.058,4
122.4000,0.66750,1.01320,-0.00111,0.64030,1.00000,179.711,-0.058,4
122.4520,0.65989,1.01248,-0.00111,0.63250,1.00000,179.718,-0.058,4
122.5040,0.65230,1.01184,-0.00111,0.62470,1.00000,179.724,-0.057,4
122.5560,0.64472,1.01127,-0.00111,0.61690,1.00000,179.729,-0.057,4
122.6080,0.63714,1.01075,-0.00111,0.60910,1.00000,179.734,-0.057,4
122.6600,0.62955,1.01030,-0.00111,0.60130,1.00000,179.738,-0.056,4
122.7120,0.62198,1.00991,-0.00112,0.59350,1.00000,179.742,-0.056,4
122.7640,0.61440,1.00958,-0.00112,0.58570,1.00000,179.745,-0.056,4
122.8160,0.60682,1.00929,-0.00112,0.57790,1.00000,179.747,-0.056,4
122.8680,0.59923,1.00905,-0.00112,0.57010,1.00000,179.750,-0.056,4
122.9200,0.59163,1.00884,-0.00112,0.56230,1.00000,179.752,-0.055,4
122.9720,0.58402,1.00867,-0.00112,0.55450,1.00000,179.754,-0.055,4
123.0240,0.57639,1.00853,-0.00112,0.54670,1.00000,179.756,-0.055,4
123.0760,0.56876,1.00842,-0.00112,0.53890,1.00000,179.758,-0.055,4
123.1280,0.56111,1.00834,-0.00112,0.53110,1.00000,179.760,-0.055,4
123.1800,0.55346,1.00828,-0.00113,0.52330,1.00000,179.761,-0.055,4
123.2320,0.54579,1.00825,-0.00113,0.51550,1.00000,179.762,-0.055,4
123.2840,0.53811,1.00822,-0.00113,0.50770,1.00000,179.764,-0.055,4
123.3360,0.53042,1.00821,-0.00113,0.49990,1.00000,179.765,-0.055,4
123.3880,0.52272,1.00822,-0.00113,0.49210,1.00000,179.766,-0.055,4
123.4400,0.51500,1.00823,-0.00113,0.48430,1.00000,179.767,-0.055,4
123.4920,0.50727,1.00825,-0.00113,0.47650,1.00000,179.768,-0.055,4
123.5440,0.49954,1.00829,-0.00113,0.46870,1.00000,179.769,-0.055,4
123.5960,0.49180,1.00833,-0.00113,0.46090,1.00000,179.770,-0.055,4
123.6480,0.48406,1.00838,-0.00113,0.45310,1.00000,179.770,-0.055,4
123.7000,0.47630,1.00843,-0.00113,0.44530,1.00000,179.771,-0.055,4
123.7520,0.46855,1.00850,-0.00113,0.43750,1.00000,179.772,-0.055,4
123.8040,0.46080,1.00856,-0.00113,0.42970,1.00000,179.772,-0.055,4
123.8560,0.45304,1.00863,-0.00113,0.42190,1.00000,179.773,-0.055,4
123.9080,0.44528,1.00871,-0.00113,0.41410,1.00000,179.773,-0.055,4
123.9600,0.43752,1.00879,-0.00113,0.40630,1.00000,179.773,-0.055,4
124.0120,0.42976,1.00887,-0.00113,0.39850,1.00000,179.774,-0.055,4
124.0640,0.42200,1.00894,-0.00113,0.39070,1.00000,179.774,-0.055,4
124.1160,0.41423,1.00902,-0.00113,0.38290,1.00000,179.774,-0.055,4
124.1680,0.40646,1.00909,-0.00113,0.37510,1.00000,179.774,-0.055,4
124.2200,0.39869,1.00916,-0.00113,0.36730,1.00000,179.774,-0.055,4
124.2720,0.39090,1.00922,-0.00113,0.35950,1.00000,179.774,-0.055,4
124.3240,0.38312,1.00929,-0.00113,0.35170,1.00000,179.774,-0.055,4
124.3760,0.37534,1.00935,-0.00113,0.34390,1.00000,179.775,-0.055,4
124.4280,0.36756,1.00942,-0.00113,0.33610,1.00000,179.775,-0.055,4
124.4800,0.35978,1.00947,-0.00113,0.32830,1.00000,179.775,-0.055,4
124.5320,0.35199,1.00953,-0.00113,0.32050,1.00000,179.775,-0.055,4
124.5840,0.34420,1.00957,-0.00113,0.31270,1.00000,179.775,-0.055,4
124.6360,0.33641,1.00962,-0.00113,0.30490,1.00000,179.775,-0.055,4
124.6880,0.32862,1.00966,-0.00113,0.29710,1.00000,179.775,-0.055,4
124.7400,0.32082,1.00970,-0.00113,0.28930,1.00000,179.775,-0.055,4
124.7920,0.31302,1.00973,-0.00113,0.28150,1.00000,179.775,-0.055,4
124.8440,0.30523,1.00977,-0.00113,0.27370,1.00000,179.775,-0.055,4
124.8960,0.29743,1.00980,-0.00113,0.26590,1.00000,179.775,-0.055,4
124.9480,0.28963,1.00983,-0.00113,0.25810,1.00000,179.775,-0.055,4
125.0000,0.28183,1.00985,-0.00113,0.25030,1.00000,179.775,-0.055,4
125.0520,0.27403,1.00987,-0.00113,0.24250,1.00000,179.775,-0.055,4
125.1040,0.26624,1.00990,-0.00113,0.23470,1.00000,179.775,-0.055,4
125.1560,0.25844,1.00992,-0.00113,0.22690,1.00000,179.775,-0.055,4
125.2080,0.25064,1.00993,-0.00113,0.21910,1.00000,179.775,-0.055,4
125.2600,0.24284,1.00995,-0.00113,0.21130,1.00000,179.775,-0.055,4
125.3120,0.23504,1.00996,-0.00113,0.20350,1.00000,179.775,-0.055,4
125.3640,0.22724,1.00998,-0.00113,0.19570,1.00000,179.774,-0.055,4
125.4160,0.21944,1.00999,-0.00113,0.18790,1.00000,179.774,-0.055,4
125.4680,0.21164,1.01000,-0.00113,0.18010,1.00000,179.774,-0.055,4
125.5200,0.20384,1.01001,-0.00113,0.17230,1.00000,179.774,-0.055,4
125.5720,0.19604,1.01001,-0.00113,0.16450,1.00000,179.774,-0.055,4
125.6240,0.18823,1.01001,-0.00113,0.15670,1.00000,179.774,-0.055,4
125.6760,0.18041,1.01000,-0.00113,0.14890,1.00000,179.775,-0.055,4
125.7280,0.17258,1.00999,-0.00113,0.14110,1.00000,179.775,-0.055,4
125.7800,0.16476,1.00998,-0.00113,0.13330,1.00000,179.775,-0.055,4
125.8320,0.15695,1.00997,-0.00113,0.12550,1.00000,179.775,-0.055,4
125.8840,0.14913,1.00996,-0.00113,0.11770,1.00000,179.775,-0.055,4
125.9360,0.14130,1.00995,-0.00113,0.10990,1.00000,179.775,-0.055,4
125.9880,0.13349,1.00994,-0.00113,0.10210,1.00000,179.776,-0.055,4
126.0400,0.12567,1.00994,-0.00113,0.09430,1.00000,179.776,-0.055,4
126.0920,0.11787,1.00994,-0.00113,0.08650,1.00000,179.776,-0.055,4
126.1440,0.11007,1.00994,-0.00113,0.07870,1.00000,179.776,-0.055,4
126.1960,0.10227,1.00995,-0.00113,0.07090,1.00000,179.776,-0.055,4
126.2480,0.09446,1.00994,-0.00113,0.06310,1.00000,179.775,-0.055,4
126.3000,0.08665,1.00994,-0.00113,0.05530,1.00000,179.776,-0.055,4
126.3520,0.07884,1.00993,-0.00113,0.04750,1.00000,179.776,-0.055,4
126.4040,0.07104,1.00993,-0.00113,0.03970,1.00000,179.776,-0.055,4
126.4560,0.06324,1.00993,-0.00113,0.03190,1.00000,179.776,-0.055,4
126.5080,0.05544,1.00994,-0.00113,0.02410,1.00000,179.776,-0.055,4
126.5600,0.04764,1.00994,-0.00113,0.01630,1.00000,179.776,-0.055,4
126.6120,0.03985,1.00995,-0.00113,0.00850,1.00000,179.776,-0.055,4
126.6640,0.03206,1.00996,-0.00113,0.00070,1.00000,179.775,-0.055,4
126.7160,0.02434,1.00992,-0.00113,0.00000,0.99290,179.858,-0.054,4
126.7680,0.01763,1.00909,-0.00113,0.00000,0.98510,-178.542,-0.034,4
126.8200,0.01242,1.00614,-0.00113,0.00000,0.97730,-175.231,-0.001,4
126.8720,0.00809,1.00209,-0.00112,0.00000,0.96950,-171.463,-0.018,4
126.9240,0.00453,0.99728,-0.00111,0.00000,0.96170,-167.691,-0.030,4
126.9760,0.00168,0.99178,-0.00110,0.00000,0.95390,-164.023,-0.035,4
127.0280,-0.00054,0.98567,-0.00110,0.00000,0.94610,-160.455,-0.038,4
127.0800,-0.00221,0.97902,-0.00109,0.00000,0.93830,-156.966,-0.041,4
127.1320,-0.00339,0.97190,-0.00109,0.00000,0.93050,-153.542,-0.042,4
127.1840,-0.00415,0.96435,-0.00108,0.00000,0.92270,-150.171,-0.044,4
127.2360,-0.00452,0.95643,-0.00108,0.00000,0.91490,-146.843,-0.045,4
127.2880,-0.00456,0.94819,-0.00107,0.00000,0.90710,-143.551,-0.045,4
127.3400,-0.00429,0.93967,-0.00107,0.00000,0.89930,-140.288,-0.046,4
127.3920,-0.00376,0.93092,-0.00107,0.00000,0.89150,-137.048,-0.046,4
127.4440,-0.00299,0.92198,-0.00107,0.00000,0.88370,-133.828,-0.047,4
127.4960,-0.00200,0.91289,-0.00107,0.00000,0.87590,-130.625,-0.047,4
127.5480,-0.00082,0.90370,-0.00107,0.00000,0.86810,-127.434,-0.047,4
127.6000,0.00053,0.89443,-0.00107,0.00000,0.86030,-124.255,-0.048,4
127.6520,0.00203,0.88513,-0.00107,0.00000,0.85250,-121.085,-0.048,4
127.7040,0.00367,0.87584,-0.00107,0.00000,0.84470,-117.923,-0.048,4
127.7560,0.00543,0.86658,-0.00107,0.00000,0.83690,-114.768,-0.048,4
127.8080,0.00727,0.85738,-0.00107,0.00000,0.82910,-111.619,-0.049,4
127.8600,0.00916,0.84826,-0.00107,0.00000,0.82130,-108.477,-0.049,4
127.9120,0.01109,0.83924,-0.00107,0.00000,0.81350,-105.341,-0.048,4
127.9640,0.01308,0.83033,-0.00107,0.00000,0.80570,-102.211,-0.048,4
128.0160,0.01509,0.82157,-0.00108,0.00000,0.79790,-99.089,-0.048,4
128.0660,0.01704,0.81327,-0.00108,0.00000,0.79040,-96.098,-0.048,4
128.1160,0.01898,0.80510,-0.00108,0.00000,0.78290,-93.165,-0.047,4
128.1660,0.02088,0.79706,-0.00108,0.00000,0.77540,-90.651,-0.047,4
128.2160,0.02270,0.78908,-0.00108,0.00000,0.76790,-89.709,-0.046,4
128.2660,0.02433,0.78111,-0.00109,0.00000,0.76040,-89.644,-0.046,4
128.3160,0.02576,0.77313,-0.00109,0.00000,0.75290,-89.684,-0.046,4
128.3660,0.02701,0.76516,-0.00109,0.00000,0.74540,-89.695,-0.046,4
128.4160,0.02808,0.75720,-0.00109,0.00000,0.73790,-89.699,-0.045,4
128.4660,0.02899,0.74926,-0.00110,0.00000,0.73040,-89.702,-0.045,4
128.5160,0.02975,0.74132,-0.00110,0.00000,0.72290,-89.704,-0.045,4
128.5660,0.03038,0.73340,-0.00110,0.00000,0.71540,-89.705,-0.045,4
128.6160,0.03089,0.72551,-0.00110,0.00000,0.70790,-89.706,-0.044,4
128.6660,0.03129,0.71763,-0.00111,0.00000,0.70040,-89.706,-0.044,4
128.7160,0.03161,0.70977,-0.00111,0.00000,0.69290,-89.706,-0.044,4
128.7660,0.03184,0.70194,-0.00111,0.00000,0.68540,-89.706,-0.044,4
128.8160,0.03199,0.69413,-0.00111,0.00000,0.67790,-89.705,-0.044,4
128.8660,0.03206,0.68633,-0.00111,0.00000,0.67040,-89.705,-0.044,4
128.9160,0.03207,0.67855,-0.00111,0.00000,0.66290,-89.704,-0.043,4
128.9660,0.03203,0.67079,-0.00111,0.00000,0.65540,-89.704,-0.043,4
129.0160,0.03195,0.66306,-0.00112,0.00000,0.64790,-89.704,-0.043,4
129.0660,0.03184,0.65534,-0.00112,0.00000,0.64040,-89.703,-0.043,4
129.1160,0.03169,0.64764,-0.00112,0.00000,0.63290,-89.702,-0.043,4
129.1660,0.03153,0.63996,-0.00112,0.00000,0.62540,-89.702,-0.043,4
129.2160,0.03134,0.63230,-0.00112,0.00000,0.61790,-89.701,-0.043,4
129.2660,0.03114,0.62465,-0.00112,0.00000,0.61040,-89.701,-0.043,4
129.3160,0.03092,0.61701,-0.00112,0.00000,0.60290,-89.700,-0.042,4
129.3660,0.03070,0.60940,-0.00112,0.00000,0.59540,-89.700,-0.042,4
129.4160,0.03049,0.60179,-0.00112,0.00000,0.58790,-89.699,-0.042,4
129.4660,0.03028,0.59421,-0.00113,0.00000,0.58040,-89.698,-0.042,4
129.5160,0.03009,0.58664,-0.00113,0.00000,0.57290,-89.698,-0.042,4
129.5660,0.02989,0.57908,-0.00113,0.00000,0.56540,-89.697,-0.042,4
129.6160,0.02969,0.57152,-0.00113,0.00000,0.55790,-89.696,-0.042,4
129.6660,0.02950,0.56398,-0.00113,0.00000,0.55040,-89.695,-0.042,4
129.7160,0.02931,0.55645,-0.00113,0.00000,0.54290,-89.695,-0.042,4
129.7660,0.02912,0.54892,-0.00113,0.00000,0.53540,-89.694,-0.042,4
129.8160,0.02894,0.54139,-0.00113,0.00000,0.52790,-89.694,-0.042,4
129.8660,0.02877,0.53388,-0.00113,0.00000,0.52040,-89.693,-0.042,4
129.9160,0.02862,0.52637,-0.00113,0.00000,0.51290,-89.693,-0.042,4
129.9660,0.02848,0.51886,-0.00113,0.00000,0.50540,-89.692,-0.042,4
130.0160,0.02834,0.51136,-0.00113,0.00000,0.49790,-89.692,-0.041,4
130.0660,0.02821,0.50387,-0.00113,0.00000,0.49040,-89.691,-0.041,4
130.1160,0.02810,0.49638,-0.00113,0.00000,0.48290,-89.691,-0.041,4
130.1660,0.02800,0.48889,-0.00113,0.00000,0.47540,-89.690,-0.041,4
130.2160,0.02789,0.48140,-0.00113,0.00000,0.46790,-89.689,-0.041,4
130.2660,0.02780,0.47392,-0.00113,0.00000,0.46040,-89.689,-0.041,4
130.3160,0.02770,0.46643,-0.00113,0.00000,0.45290,-89.689,-0.041,4
130.3660,0.02763,0.45895,-0.00113,0.00000,0.44540,-89.688,-0.041,4
130.4160,0.02756,0.45146,-0.00113,0.00000,0.43790,-89.688,-0.041,4
130.4660,0.02750,0.44399,-0.00113,0.00000,0.43040,-89.687,-0.041,4
130.5160,0.02746,0.43651,-0.00113,0.00000,0.42290,-89.687,-0.041,4
130.5660,0.02743,0.42904,-0.00113,0.00000,0.41540,-89.686,-0.041,4
130.6160,0.02741,0.42157,-0.00113,0.00000,0.40790,-89.686,-0.041,4
130.6660,0.02739,0.41409,-0.00113,0.00000,0.40040,-89.685,-0.041,4
130.7160,0.02737,0.40662,-0.00113,0.00000,0.39290,-89.685,-0.041,4
130.7660,0.02734,0.39914,-0.00113,0.00000,0.38540,-89.684,-0.041,4
130.8160,0.02731,0.39166,-0.00113,0.00000,0.37790,-89.684,-0.041,4
130.8660,0.02729,0.38418,-0.00113,0.00000,0.37040,-89.684,-0.041,4
130.9160,0.02727,0.37670,-0.00113,0.00000,0.36290,-89.683,-0.041,4
130.9660,0.02725,0.36921,-0.00113,0.00000,0.35540,-89.683,-0.041,4
131.0160,0.02723,0.36173,-0.00113,0.00000,0.34790,-89.683,-0.041,4
131.0660,0.02721,0.35424,-0.00113,0.00000,0.34040,-89.683,-0.041,4
131.1160,0.02718,0.34675,-0.00113,0.00000,0.33290,-89.683,-0.041,4
131.1660,0.02714,0.33925,-0.00113,0.00000,0.32540,-89.683,-0.041,4
131.2160,0.02709,0.33175,-0.00113,0.00000,0.31790,-89.683,-0.041,4
131.2660,0.02703,0.32425,-0.00113,0.00000,0.31040,-89.683,-0.041,4
131.3160,0.02698,0.31674,-0.00113,0.00000,0.30290,-89.683,-0.041,4
131.3660,0.02692,0.30923,-0.00113,0.00000,0.29540,-89.684,-0.041,4
131.4160,0.02686,0.30172,-0.00113,0.00000,0.28790,-89.684,-0.041,4
131.4660,0.02680,0.29421,-0.00113,0.00000,0.28040,-89.684,-0.041,4
131.5160,0.02675,0.28671,-0.00113,0.00000,0.27290,-89.685,-0.041,4
131.5660,0.02672,0.27920,-0.00113,0.00000,0.26540,-89.685,-0.041,4
131.6160,0.02670,0.27170,-0.00113,0.00000,0.25790,-89.685,-0.041,4
131.6660,0.02669,0.26420,-0.00113,0.00000,0.25040,-89.685,-0.041,4
131.7160,0.02667,0.25670,-0.00113,0.00000,0.24290,-89.685,-0.041,4
131.7660,0.02666,0.24919,-0.00113,0.00000,0.23540,-89.685,-0.041,4
131.8160,0.02664,0.24169,-0.00113,0.00000,0.22790,-89.685,-0.041,4
131.8660,0.02662,0.23419,-0.00113,0.00000,0.22040,-89.685,-0.041,4
131.9160,0.02659,0.22668,-0.00113,0.00000,0.21290,-89.685,-0.041,4
131.9660,0.02657,0.21917,-0.00113,0.00000,0.20540,-89.685,-0.041,4
132.0160,0.02655,0.21167,-0.00113,0.00000,0.19790,-89.685,-0.041,4
132.0660,0.02654,0.20416,-0.00113,0.00000,0.19040,-89.685,-0.041,4
132.1160,0.02652,0.19666,-0.00113,0.00000,0.18290,-89.686,-0.041,4
132.1660,0.02650,0.18915,-0.00113,0.00000,0.17540,-89.686,-0.041,4
132.2160,0.02650,0.18165,-0.00113,0.00000,0.16790,-89.686,-0.041,4
132.2660,0.02650,0.17415,-0.00113,0.00000,0.16040,-89.686,-0.041,4
132.3160,0.02650,0.16665,-0.00113,0.00000,0.15290,-89.686,-0.041,4
132.3660,0.02651,0.15915,-0.00113,0.00000,0.14540,-89.686,-0.041,4
132.4160,0.02653,0.15166,-0.00113,0.00000,0.13790,-89.686,-0.041,4
132.4660,0.02654,0.14416,-0.00113,0.00000,0.13040,-89.685,-0.041,4
132.5160,0.02656,0.13666,-0.00113,0.00000,0.12290,-89.685,-0.041,4
132.5660,0.02657,0.12917,-0.00113,0.00000,0.11540,-89.685,-0.041,4
132.6160,0.02657,0.12167,-0.00113,0.00000,0.10790,-89.685,-0.041,4
132.6660,0.02656,0.11417,-0.00113,0.00000,0.10040,-89.685,-0.041,4
132.7160,0.02656,0.10666,-0.00113,0.00000,0.09290,-89.685,-0.041,4
132.7660,0.02656,0.09916,-0.00113,0.00000,0.08540,-89.685,-0.041,4
132.8160,0.02657,0.09166,-0.00113,0.00000,0.07790,-89.685,-0.041,4
132.8660,0.02657,0.08416,-0.00113,0.00000,0.07040,-89.685,-0.041,4
132.9160,0.02656,0.07666,-0.00113,0.00000,0.06290,-89.685,-0.041,4
132.9660,0.02656,0.06916,-0.00113,0.00000,0.05540,-89.685,-0.041,4
133.0160,0.02656,0.06166,-0.00113,0.00000,0.04790,-89.685,-0.041,4
133.0660,0.02655,0.05416,-0.00113,0.00000,0.04040,-89.686,-0.041,4
133.1160,0.02653,0.04665,-0.00113,0.00000,0.03290,-89.686,-0.041,4
133.1660,0.02652,0.03915,-0.00113,0.00000,0.02540,-89.686,-0.041,4
133.2160,0.02651,0.03164,-0.00113,0.00000,0.01790,-89.686,-0.041,4
133.2660,0.02651,0.02414,-0.00113,0.00000,0.01040,-89.686,-0.041,4
133.3160,0.02651,0.01664,-0.00113,0.00000,0.00290,-89.686,-0.041,4
133.3660,0.02656,0.00920,-0.00113,0.00460,0.00000,-89.599,-0.040,5
133.4160,0.02723,0.00275,-0.00113,0.01210,0.00000,-88.031,-0.023,5
133.4660,0.02883,-0.00243,-0.00113,0.01960,0.00000,-84.957,-0.019,5
133.5160,0.03128,-0.00645,-0.00113,0.02710,0.00000,-81.463,-0.025,5
133.5660,0.03447,-0.00946,-0.00113,0.03460,0.00000,-77.995,-0.029,5
133.6160,0.03829,-0.01161,-0.00113,0.04210,0.00000,-74.609,-0.031,5
133.6660,0.04265,-0.01305,-0.00113,0.04960,0.00000,-71.295,-0.032,5
133.7160,0.04748,-0.01391,-0.00113,0.05710,0.00000,-68.039,-0.032,5
133.7660,0.05275,-0.01429,-0.00113,0.06460,0.00000,-64.829,-0.031,5
133.8160,0.05839,-0.01430,-0.00113,0.07210,0.00000,-61.656,-0.029,5
133.8660,0.06438,-0.01402,-0.00113,0.07960,0.00000,-58.514,-0.027,5
133.9160,0.07068,-0.01351,-0.00113,0.08710,0.00000,-55.396,-0.025,5
133.9660,0.07727,-0.01285,-0.00113,0.09460,0.00000,-52.298,-0.023,5
134.0160,0.08412,-0.01207,-0.00113,0.10210,0.00000,-49.216,-0.021,5
134.0660,0.09122,-0.01122,-0.00113,0.10960,0.00000,-46.148,-0.020,5
134.1160,0.09855,-0.01033,-0.00113,0.11710,0.00000,-43.091,-0.018,5
134.1660,0.10608,-0.00943,-0.00113,0.12460,0.00000,-40.044,-0.016,5
134.2160,0.11380,-0.00854,-0.00113,0.13210,0.00000,-37.004,-0.015,5
134.2660,0.12169,-0.00767,-0.00113,0.13960,0.00000,-33.971,-0.014,5
134.3160,0.12974,-0.00683,-0.00113,0.14710,0.00000,-30.942,-0.013,5
134.3660,0.13793,-0.00603,-0.00113,0.15460,0.00000,-27.918,-0.012,5
134.4160,0.14625,-0.00526,-0.00113,0.16210,0.00000,-24.897,-0.012,5
134.4660,0.15467,-0.00454,-0.00113,0.16960,0.00000,-21.878,-0.011,5
134.5160,0.16318,-0.00386,-0.00114,0.17710,0.00000,-18.860,-0.011,5
134.5660,0.17176,-0.00322,-0.00114,0.18460,0.00000,-15.842,-0.011,5
134.6160,0.18040,-0.00262,-0.00114,0.19210,0.00000,-12.824,-0.010,5
134.6660,0.18909,-0.00204,-0.00114,0.19960,0.00000,-9.804,-0.010,5
134.7160,0.19781,-0.00148,-0.00114,0.20710,0.00000,-6.786,-0.010,5
134.7660,0.20653,-0.00094,-0.00114,0.21460,0.00000,-3.811,-0.010,5
134.8160,0.21528,-0.00042,-0.00114,0.22210,0.00000,-1.242,-0.010,5
134.8660,0.22406,0.00011,-0.00114,0.22960,0.00000,-0.280,-0.010,5
134.9160,0.23289,0.00063,-0.00114,0.23710,0.00000,-0.180,-0.009,5
134.9660,0.24176,0.00116,-0.00114,0.24460,0.00000,-0.175,-0.009,5
135.0160,0.25065,0.00168,-0.00114,0.25210,0.00000,-0.150,-0.009,5
135.0660,0.25954,0.00220,-0.00114,0.25960,0.00000,-0.125,-0.009,5
135.1160,0.26842,0.00271,-0.00114,0.26710,0.00000,-0.104,-0.009,5
135.1660,0.27729,0.00321,-0.00114,0.27460,0.00000,-0.087,-0.009,5
135.2160,0.28612,0.00371,-0.00114,0.28210,0.00000,-0.074,-0.009,5
135.2660,0.29490,0.00419,-0.00114,0.28960,0.00000,-0.063,-0.008,5
135.3160,0.30363,0.00465,-0.00114,0.29710,0.00000,-0.055,-0.008,5
135.3660,0.31230,0.00509,-0.00114,0.30460,0.00000,-0.049,-0.008,5
135.4160,0.32090,0.00551,-0.00114,0.31210,0.00000,-0.044,-0.008,5
135.4660,0.32944,0.00591,-0.00114,0.31960,0.00000,-0.040,-0.008,5
135.5160,0.33792,0.00630,-0.00114,0.32710,0.00000,-0.037,-0.008,5
135.5660,0.34632,0.00666,-0.00114,0.33460,0.00000,-0.036,-0.008,5
135.6160,0.35464,0.00700,-0.00114,0.34210,0.00000,-0.035,-0.008,5
135.6660,0.36289,0.00731,-0.00114,0.34960,0.00000,-0.034,-0.008,5
135.7160,0.37107,0.00760,-0.00114,0.35710,0.00000,-0.034,-0.008,5
135.7660,0.37917,0.00786,-0.00114,0.36460,0.00000,-0.034,-0.007,5
135.8160,0.38722,0.00811,-0.00114,0.37210,0.00000,-0.034,-0.007,5
135.8660,0.39520,0.00834,-0.00114,0.37960,0.00000,-0.035,-0.007,5
135.9160,0.40314,0.00856,-0.00114,0.38710,0.00000,-0.036,-0.007,5
135.9660,0.41102,0.00877,-0.00114,0.39460,0.00000,-0.037,-0.006,5
136.0160,0.41885,0.00895,-0.00114,0.40210,0.00000,-0.038,-0.006,5
136.0660,0.42663,0.00912,-0.00114,0.40960,0.00000,-0.039,-0.006,5
136.1160,0.43436,0.00927,-0.00114,0.41710,0.00000,-0.040,-0.006,5
136.1660,0.44204,0.00940,-0.00114,0.42460,0.00000,-0.041,-0.006,5
136.2160,0.44968,0.00951,-0.00114,0.43210,0.00000,-0.042,-0.005,5
136.2660,0.45728,0.00961,-0.00114,0.43960,0.00000,-0.043,-0.005,5
136.3160,0.46486,0.00970,-0.00114,0.44710,0.00000,-0.043,-0.005,5
136.3660,0.47242,0.00978,-0.00114,0.45460,0.00000,-0.044,-0.005,5
136.4160,0.47995,0.00985,-0.00114,0.46210,0.00000,-0.045,-0.005,5
136.4660,0.48746,0.00992,-0.00114,0.46960,0.00000,-0.046,-0.004,5
136.5160,0.49496,0.00998,-0.00114,0.47710,0.00000,-0.047,-0.004,5
136.5660,0.50245,0.01003,-0.00114,0.48460,0.00000,-0.047,-0.004,5
136.6160,0.50991,0.01007,-0.00114,0.49210,0.00000,-0.048,-0.004,5
136.6660,0.51737,0.01011,-0.00114,0.49960,0.00000,-0.049,-0.004,5
136.7160,0.52482,0.01015,-0.00114,0.50710,0.00000,-0.049,-0.004,5
136.7660,0.53227,0.01017,-0.00114,0.51460,0.00000,-0.050,-0.004,5
136.8160,0.53970,0.01019,-0.00114,0.52210,0.00000,-0.050,-0.003,5
136.8660,0.54714,0.01021,-0.00114,0.52960,0.00000,-0.050,-0.003,5
136.9160,0.55457,0.01023,-0.00114,0.53710,0.00000,-0.051,-0.003,5
136.9660,0.56201,0.01025,-0.00114,0.54460,0.00000,-0.051,-0.003,5
137.0160,0.56945,0.01027,-0.00114,0.55210,0.00000,-0.052,-0.003,5
137.0660,0.57688,0.01027,-0.00114,0.55960,0.00000,-0.052,-0.003,5
137.1160,0.58430,0.01027,-0.00114,0.56710,0.00000,-0.052,-0.003,5
137.1660,0.59173,0.01027,-0.00114,0.57460,0.00000,-0.052,-0.003,5
137.2160,0.59915,0.01026,-0.00114,0.58210,0.00000,-0.052,-0.003,5
137.2660,0.60658,0.01026,-0.00114,0.58960,0.00000,-0.052,-0.003,5
137.3160,0.61402,0.01025,-0.00114,0.59710,0.00000,-0.052,-0.003,5
137.3660,0.62145,0.01024,-0.00114,0.60460,0.00000,-0.052,-0.003,5
137.4160,0.62889,0.01023,-0.00114,0.61210,0.00000,-0.052,-0.003,5
137.4660,0.63633,0.01022,-0.00114,0.61960,0.00000,-0.052,-0.003,5
137.5160,0.64377,0.01020,-0.00114,0.62710,0.00000,-0.052,-0.003,5
137.5660,0.65122,0.01018,-0.00114,0.63460,0.00000,-0.052,-0.003,5
137.6160,0.65866,0.01016,-0.00114,0.64210,0.00000,-0.052,-0.003,5
137.6660,0.66611,0.01014,-0.00114,0.64960,0.00000,-0.052,-0.003,5
137.7160,0.67356,0.01013,-0.00114,0.65710,0.00000,-0.052,-0.003,5
137.7660,0.68102,0.01010,-0.00114,0.66460,0.00000,-0.052,-0.003,5
137.8160,0.68848,0.01009,-0.00114,0.67210,0.00000,-0.052,-0.003,5
137.8660,0.69595,0.01007,-0.00114,0.67960,0.00000,-0.052,-0.003,5
137.9160,0.70343,0.01006,-0.00114,0.68710,0.00000,-0.052,-0.003,5
137.9660,0.71090,0.01005,-0.00114,0.69460,0.00000,-0.051,-0.003,5
138.0160,0.71837,0.01003,-0.00114,0.70210,0.00000,-0.051,-0.003,5
138.0660,0.72585,0.01001,-0.00114,0.70960,0.00000,-0.051,-0.003,5
138.1160,0.73333,0.00999,-0.00114,0.71710,0.00000,-0.051,-0.003,5
138.1660,0.74081,0.00998,-0.00114,0.72460,0.00000,-0.051,-0.003,5
138.2160,0.74829,0.00997,-0.00114,0.73210,0.00000,-0.051,-0.003,5
138.2660,0.75577,0.00995,-0.00114,0.73960,0.00000,-0.051,-0.003,5
138.3160,0.76325,0.00992,-0.00114,0.74710,0.00000,-0.050,-0.003,5
138.3660,0.77073,0.00990,-0.00114,0.75460,0.00000,-0.050,-0.003,5
138.4160,0.77821,0.00988,-0.00114,0.76210,0.00000,-0.050,-0.003,5
138.4660,0.78570,0.00986,-0.00114,0.76960,0.00000,-0.050,-0.003,5
138.5160,0.79319,0.00985,-0.00114,0.77710,0.00000,-0.050,-0.003,5
138.5660,0.80069,0.00984,-0.00114,0.78460,0.00000,-0.050,-0.003,5
138.6160,0.80818,0.00983,-0.00114,0.79210,0.00000,-0.049,-0.003,5
138.6660,0.81567,0.00982,-0.00114,0.79960,0.00000,-0.049,-0.003,5
138.7160,0.82316,0.00980,-0.00114,0.80710,0.00000,-0.049,-0.003,5
138.7660,0.83064,0.00978,-0.00114,0.81460,0.00000,-0.049,-0.003,5
138.8160,0.83813,0.00976,-0.00114,0.82210,0.00000,-0.049,-0.003,5
138.8660,0.84561,0.00974,-0.00114,0.82960,0.00000,-0.049,-0.003,5
138.9160,0.85310,0.00972,-0.00114,0.83710,0.00000,-0.048,-0.003,5
138.9660,0.86058,0.00970,-0.00114,0.84460,0.00000,-0.048,-0.003,5
139.0160,0.86806,0.00968,-0.00114,0.85210,0.00000,-0.048,-0.003,5
139.0660,0.87554,0.00965,-0.00114,0.85960,0.00000,-0.048,-0.003,5
139.1160,0.88301,0.00962,-0.00114,0.86710,0.00000,-0.047,-0.003,5
139.1660,0.89048,0.00959,-0.00114,0.87460,0.00000,-0.047,-0.003,5
139.2160,0.89796,0.00957,-0.00114,0.88210,0.00000,-0.047,-0.003,5
139.2660,0.90545,0.00955,-0.00114,0.88960,0.00000,-0.047,-0.003,5
139.3160,0.91294,0.00954,-0.00114,0.89710,0.00000,-0.046,-0.003,5
139.3660,0.92045,0.00954,-0.00114,0.90460,0.00000,-0.046,-0.003,5
139.4160,0.92796,0.00954,-0.00114,0.91210,0.00000,-0.046,-0.003,5
139.4660,0.93546,0.00954,-0.00114,0.91960,0.00000,-0.046,-0.003,5
139.5160,0.94298,0.00954,-0.00114,0.92710,0.00000,-0.046,-0.003,5
139.5660,0.95049,0.00955,-0.00114,0.93460,0.00000,-0.046,-0.003,5
139.6160,0.95801,0.00956,-0.00114,0.94210,0.00000,-0.046,-0.004,5
139.6660,0.96552,0.00956,-0.00114,0.94960,0.00000,-0.046,-0.004,5
139.7160,0.97302,0.00956,-0.00114,0.95710,0.00000,-0.046,-0.004,5
139.7660,0.98053,0.00956,-0.00114,0.96460,0.00000,-0.046,-0.004,5
139.8160,0.98804,0.00957,-0.00114,0.97210,0.00000,-0.046,-0.004,5
139.8660,0.99556,0.00958,-0.00114,0.97960,0.00000,-0.046,-0.004,5
139.9160,1.00307,0.00959,-0.00114,0.98710,0.00000,-0.046,-0.004,5
139.9660,1.01058,0.00959,-0.00114,0.99460,0.00000,-0.046,-0.004,5
140.0160,1.01809,0.00960,-0.00114,1.00000,0.00210,-0.046,-0.004,5
140.0660,1.02553,0.00965,-0.00114,1.00000,0.00960,0.039,-0.003,5
140.1160,1.03204,0.01036,-0.00114,1.00000,0.01710,1.571,0.015,5
140.1660,1.03734,0.01186,-0.00114,1.00000,0.02460,4.764,0.018,5
140.2160,1.04149,0.01406,-0.00114,1.00000,0.03210,8.537,0.011,5
140.2660,1.04467,0.01684,-0.00113,1.00000,0.03960,12.298,0.005,5
140.3160,1.04704,0.02014,-0.00113,1.00000,0.04710,15.943,0.001,5
140.3660,1.04877,0.02392,-0.00113,1.00000,0.05460,19.482,-0.001,5
140.4160,1.05001,0.02818,-0.00113,1.00000,0.06210,22.934,-0.002,5
140.4660,1.05088,0.03289,-0.00113,1.00000,0.06960,26.317,-0.002,5
140.5160,1.05147,0.03804,-0.00113,1.00000,0.07710,29.641,-0.002,5
140.5660,1.05188,0.04362,-0.00112,1.00000,0.08460,32.917,-0.002,5
140.6160,1.05216,0.04961,-0.00112,1.00000,0.09210,36.153,-0.001,5
140.6660,1.05236,0.05601,-0.00112,1.00000,0.09960,39.355,-0.001,5
140.7160,1.05250,0.06280,-0.00112,1.00000,0.10710,42.527,-0.001,5
140.7660,1.05262,0.06997,-0.00112,1.00000,0.11460,45.674,-0.001,5
140.8160,1.05274,0.07752,-0.00112,1.00000,0.12210,48.799,-0.001,5
140.8660,1.05286,0.08543,-0.00112,1.00000,0.12960,51.907,-0.001,5
140.9160,1.05301,0.09370,-0.00112,1.00000,0.13710,54.999,-0.002,5
140.9660,1.05316,0.10231,-0.00112,1.00000,0.14460,58.079,-0.003,5
141.0160,1.05331,0.11123,-0.00112,1.00000,0.15210,61.149,-0.004,5
141.0660,1.05345,0.12047,-0.00112,1.00000,0.15960,64.212,-0.005,5
141.1160,1.05356,0.12999,-0.00112,1.00000,0.16710,67.270,-0.007,5
141.1660,1.05363,0.13979,-0.00113,1.00000,0.17460,70.326,-0.008,5
141.2160,1.05362,0.14982,-0.00113,1.00000,0.18210,73.382,-0.010,5
141.2660,1.05351,0.16006,-0.00113,1.00000,0.18960,76.443,-0.012,5
141.3160,1.05328,0.17048,-0.00113,1.00000,0.19710,79.510,-0.014,5
141.3660,1.05291,0.18105,-0.00113,1.00000,0.20460,82.584,-0.016,5
141.4160,1.05238,0.19172,-0.00113,1.00000,0.21210,85.626,-0.017,5
141.4660,1.05169,0.20244,-0.00113,1.00000,0.21960,88.278,-0.019,5
141.5160,1.05086,0.21310,-0.00113,1.00000,0.22710,89.298,-0.020,5
141.5660,1.04994,0.22359,-0.00113,1.00000,0.23460,89.460,-0.022,5
141.6160,1.04896,0.23389,-0.00113,1.00000,0.24210,89.524,-0.023,5
141.6660,1.04793,0.24398,-0.00113,1.00000,0.24960,89.599,-0.023,5
141.7160,1.04687,0.25388,-0.00113,1.00000,0.25710,89.665,-0.024,5
141.7660,1.04579,0.26358,-0.00113,1.00000,0.26460,89.719,-0.025,5
141.8160,1.04469,0.27309,-0.00113,1.00000,0.27210,89.764,-0.025,5
141.8660,1.04359,0.28241,-0.00113,1.00000,0.27960,89.801,-0.025,5
141.9160,1.04250,0.29156,-0.00113,1.00000,0.28710,89.831,-0.025,5
141.9660,1.04143,0.30053,-0.00113,1.00000,0.29460,89.856,-0.025,5
142.0160,1.04037,0.30934,-0.00113,1.00000,0.30210,89.876,-0.025,5
142.0660,1.03935,0.31799,-0.00113,1.00000,0.30960,89.893,-0.025,5
142.1160,1.03835,0.32650,-0.00113,1.00000,0.31710,89.907,-0.024,5
142.1660,1.03739,0.33487,-0.00113,1.00000,0.32460,89.919,-0.024,5
142.2160,1.03645,0.34311,-0.00113,1.00000,0.33210,89.928,-0.023,5
142.2660,1.03555,0.35123,-0.00113,1.00000,0.33960,89.936,-0.023,5
142.3160,1.03469,0.35925,-0.00113,1.00000,0.34710,89.943,-0.023,5
142.3660,1.03388,0.36718,-0.00113,1.00000,0.35460,89.949,-0.022,5
142.4160,1.03310,0.37501,-0.00113,1.00000,0.36210,89.954,-0.022,5
142.4660,1.03237,0.38276,-0.00113,1.00000,0.36960,89.958,-0.021,5
142.5160,1.03168,0.39044,-0.00113,1.00000,0.37710,89.961,-0.021,5
142.5660,1.03102,0.39806,-0.00113,1.00000,0.38460,89.964,-0.020,5
142.6160,1.03040,0.40562,-0.00113,1.00000,0.39210,89.966,-0.020,5
142.6660,1.02982,0.41314,-0.00113,1.00000,0.39960,89.968,-0.019,5
142.7160,1.02928,0.42061,-0.00113,1.00000,0.40710,89.970,-0.019,5
142.7660,1.02877,0.42804,-0.00113,1.00000,0.41460,89.971,-0.019,5
142.8160,1.02829,0.43544,-0.00113,1.00000,0.42210,89.972,-0.018,5
142.8660,1.02784,0.44282,-0.00113,1.00000,0.42960,89.973,-0.018,5
142.9160,1.02742,0.45017,-0.00113,1.00000,0.43710,89.973,-0.018,5
142.9660,1.02704,0.45751,-0.00113,1.00000,0.44460,89.974,-0.017,5
143.0160,1.02668,0.46484,-0.00113,1.00000,0.45210,89.974,-0.017,5
143.0660,1.02636,0.47216,-0.00113,1.00000,0.45960,89.974,-0.017,5
143.1160,1.02607,0.47948,-0.00113,1.00000,0.46710,89.974,-0.017,5
143.1660,1.02579,0.48679,-0.00113,1.00000,0.47460,89.974,-0.016,5
143.2160,1.02554,0.49410,-0.00113,1.00000,0.48210,89.974,-0.016,5
143.2660,1.02531,0.50141,-0.00113,1.00000,0.48960,89.974,-0.016,5
143.3160,1.02510,0.50873,-0.00113,1.00000,0.49710,89.974,-0.016,5
143.3660,1.02490,0.51604,-0.00113,1.00000,0.50460,89.974,-0.016,5
143.4160,1.02471,0.52336,-0.00113,1.00000,0.51210,89.973,-0.016,5
143.4660,1.02455,0.53069,-0.00113,1.00000,0.51960,89.973,-0.016,5
143.5160,1.02441,0.53804,-0.00113,1.00000,0.52710,89.972,-0.016,5
143.5660,1.02429,0.54539,-0.00113,1.00000,0.53460,89.972,-0.016,5
143.6160,1.02418,0.55274,-0.00113,1.00000,0.54210,89.972,-0.015,5
143.6660,1.02409,0.56012,-0.00113,1.00000,0.54960,89.971,-0.015,5
143.7160,1.02402,0.56750,-0.00114,1.00000,0.55710,89.971,-0.015,5
143.7660,1.02395,0.57488,-0.00114,1.00000,0.56460,89.971,-0.015,5
143.8160,1.02388,0.58228,-0.00114,1.00000,0.57210,89.970,-0.015,5
143.8660,1.02381,0.58968,-0.00114,1.00000,0.57960,89.970,-0.015,5
143.9160,1.02375,0.59709,-0.00114,1.00000,0.58710,89.969,-0.015,5
143.9660,1.02368,0.60450,-0.00114,1.00000,0.59460,89.969,-0.015,5
144.0160,1.02363,0.61192,-0.00114,1.00000,0.60210,89.969,-0.015,5
144.0660,1.02360,0.61936,-0.00114,1.00000,0.60960,89.968,-0.015,5
144.1160,1.02356,0.62680,-0.00114,1.00000,0.61710,89.968,-0.015,5
144.1660,1.02354,0.63425,-0.00114,1.00000,0.62460,89.968,-0.015,5
144.2160,1.02355,0.64171,-0.00114,1.00000,0.63210,89.967,-0.015,5
144.2660,1.02356,0.64918,-0.00114,1.00000,0.63960,89.967,-0.015,5
144.3160,1.02357,0.65666,-0.00114,1.00000,0.64710,89.967,-0.015,5
144.3660,1.02359,0.66414,-0.00114,1.00000,0.65460,89.967,-0.016,5
144.4160,1.02361,0.67163,-0.00114,1.00000,0.66210,89.966,-0.016,5
144.4660,1.02363,0.67912,-0.00114,1.00000,0.66960,89.966,-0.016,5
144.5160,1.02365,0.68661,-0.00114,1.00000,0.67710,89.966,-0.016,5
144.5660,1.02365,0.69410,-0.00114,1.00000,0.68460,89.966,-0.016,5
144.6160,1.02367,0.70159,-0.00114,1.00000,0.69210,89.966,-0.016,5
144.6660,1.02368,0.70909,-0.00114,1.00000,0.69960,89.966,-0.016,5
144.7160,1.02368,0.71659,-0.00114,1.00000,0.70710,89.966,-0.016,5
144.7660,1.02370,0.72409,-0.00114,1.00000,0.71460,89.966,-0.016,5
144.8160,1.02372,0.73159,-0.00114,1.00000,0.72210,89.966,-0.016,5
144.8660,1.02374,0.73910,-0.00114,1.00000,0.72960,89.965,-0.016,5
144.9160,1.02375,0.74661,-0.00114,1.00000,0.73710,89.965,-0.016,5
144.9660,1.02377,0.75411,-0.00114,1.00000,0.74460,89.965,-0.016,5
145.0160,1.02379,0.76162,-0.00114,1.00000,0.75210,89.965,-0.016,5
145.0660,1.02380,0.76913,-0.00114,1.00000,0.75960,89.965,-0.016,5
145.1160,1.02382,0.77664,-0.00114,1.00000,0.76710,89.965,-0.016,5
145.1660,1.02384,0.78415,-0.00114,1.00000,0.77460,89.965,-0.016,5
145.2160,1.02385,0.79166,-0.00114,1.00000,0.78210,89.965,-0.016,5
145.2660,1.02386,0.79916,-0.00114,1.00000,0.78960,89.965,-0.016,5
145.3160,1.02389,0.80668,-0.00114,1.00000,0.79710,89.965,-0.016,5
145.3660,1.02394,0.81420,-0.00114,1.00000,0.80460,89.965,-0.016,5
145.4160,1.02400,0.82172,-0.00114,1.00000,0.81210,89.966,-0.016,5
145.4660,1.02407,0.82925,-0.00114,1.00000,0.81960,89.966,-0.016,5
145.5160,1.02412,0.83677,-0.00114,1.00000,0.82710,89.966,-0.016,5
145.5660,1.02417,0.84429,-0.00114,1.00000,0.83460,89.966,-0.016,5
145.6160,1.02422,0.85181,-0.00114,1.00000,0.84210,89.966,-0.016,5
145.6660,1.02426,0.85932,-0.00114,1.00000,0.84960,89.966,-0.016,5
145.7160,1.02430,0.86684,-0.00114,1.00000,0.85710,89.966,-0.016,5
145.7660,1.02433,0.87435,-0.00114,1.00000,0.86460,89.966,-0.016,5
145.8160,1.02436,0.88186,-0.00114,1.00000,0.87210,89.966,-0.016,5
145.8660,1.02439,0.88937,-0.00114,1.00000,0.87960,89.967,-0.016,5
145.9160,1.02441,0.89688,-0.00114,1.00000,0.88710,89.967,-0.016,5
145.9660,1.02443,0.90438,-0.00114,1.00000,0.89460,89.967,-0.016,5
146.0160,1.02443,0.91188,-0.00114,1.00000,0.90210,89.967,-0.016,5
146.0660,1.02444,0.91939,-0.00114,1.00000,0.90960,89.967,-0.016,5
146.1160,1.02446,0.92689,-0.00114,1.00000,0.91710,89.967,-0.016,5
146.1660,1.02447,0.93440,-0.00114,1.00000,0.92460,89.967,-0.016,5
146.2160,1.02448,0.94190,-0.00114,1.00000,0.93210,89.967,-0.016,5
146.2660,1.02450,0.94940,-0.00114,1.00000,0.93960,89.967,-0.016,5
146.3160,1.02451,0.95691,-0.00114,1.00000,0.94710,89.967,-0.016,5
146.3660,1.02454,0.96441,-0.00114,1.00000,0.95460,89.967,-0.016,5
146.4160,1.02454,0.97191,-0.00114,1.00000,0.96210,89.968,-0.016,5
146.4660,1.02454,0.97941,-0.00114,1.00000,0.96960,89.968,-0.016,5
146.5160,1.02452,0.98690,-0.00114,1.00000,0.97710,89.968,-0.016,5
146.5660,1.02449,0.99439,-0.00114,1.00000,0.98460,89.968,-0.016,5
146.6160,1.02446,1.00188,-0.00114,1.00000,0.99210,89.968,-0.016,5
146.6660,1.02444,1.00937,-0.00114,1.00000,0.99960,89.967,-0.016,5
146.7160,1.02438,1.01681,-0.00114,0.99290,1.00000,90.052,-0.015,5
146.7660,1.02369,1.02336,-0.00114,0.98540,1.00000,91.576,0.002,5
146.8160,1.02217,1.02890,-0.00113,0.97790,1.00000,94.743,0.005,5
146.8660,1.01989,1.03360,-0.00113,0.97040,1.00000,98.396,-0.003,5
146.9160,1.01693,1.03758,-0.00113,0.96290,1.00000,102.019,-0.009,5
146.9660,1.01333,1.04093,-0.00113,0.95540,1.00000,105.542,-0.013,5
147.0160,1.00916,1.04377,-0.00112,0.94790,1.00000,108.975,-0.016,5
147.0660,1.00442,1.04616,-0.00112,0.94040,1.00000,112.331,-0.018,5
147.1160,0.99914,1.04820,-0.00112,0.93290,1.00000,115.625,-0.020,5
147.1660,0.99335,1.04993,-0.00112,0.92540,1.00000,118.866,-0.022,5
147.2160,0.98707,1.05141,-0.00112,0.91790,1.00000,122.062,-0.023,5
147.2660,0.98033,1.05267,-0.00112,0.91040,1.00000,125.220,-0.024,5
147.3160,0.97314,1.05374,-0.00112,0.90290,1.00000,128.347,-0.026,5
147.3660,0.96552,1.05465,-0.00112,0.89540,1.00000,131.447,-0.027,5
147.4160,0.95750,1.05538,-0.00112,0.88790,1.00000,134.523,-0.029,5
147.4660,0.94911,1.05596,-0.00112,0.88040,1.00000,137.581,-0.030,5
147.5160,0.94037,1.05636,-0.00112,0.87290,1.00000,140.622,-0.032,5
147.5660,0.93131,1.05659,-0.00112,0.86540,1.00000,143.649,-0.034,5
147.6160,0.92196,1.05661,-0.00111,0.85790,1.00000,146.666,-0.036,5
147.6660,0.91235,1.05643,-0.00111,0.85040,1.00000,149.672,-0.038,5
147.7160,0.90255,1.05604,-0.00111,0.84290,1.00000,152.672,-0.040,5
147.7660,0.89259,1.05542,-0.00111,0.83540,1.00000,155.664,-0.042,5
147.8160,0.88249,1.05457,-0.00111,0.82790,1.00000,158.652,-0.044,5
147.8660,0.87231,1.05346,-0.00111,0.82040,1.00000,161.635,-0.047,5
147.9160,0.86210,1.05212,-0.00111,0.81290,1.00000,164.614,-0.049,5
147.9660,0.85190,1.05053,-0.00111,0.80540,1.00000,167.590,-0.051,5
148.0160,0.84174,1.04870,-0.00111,0.79790,1.00000,170.562,-0.052,5
148.0660,0.83167,1.04664,-0.00110,0.79040,1.00000,173.525,-0.054,5
148.1160,0.82171,1.04435,-0.00110,0.78290,1.00000,176.437,-0.056,5
148.1660,0.81192,1.04187,-0.00110,0.77540,1.00000,178.930,-0.057,5
148.2160,0.80237,1.03930,-0.00110,0.76790,1.00000,179.774,-0.058,5
148.2660,0.79312,1.03680,-0.00110,0.76040,1.00000,179.795,-0.059,5
148.3160,0.78415,1.03443,-0.00110,0.75290,1.00000,179.754,-0.060,5
148.3660,0.77541,1.03218,-0.00110,0.74540,1.00000,179.745,-0.061,5
148.4160,0.76689,1.03006,-0.00110,0.73790,1.00000,179.742,-0.061,5
148.4660,0.75856,1.02806,-0.00110,0.73040,1.00000,179.740,-0.062,5
148.5160,0.75040,1.02618,-0.00110,0.72290,1.00000,179.738,-0.061,5
148.5660,0.74238,1.02443,-0.00110,0.71540,1.00000,179.737,-0.061,5
148.6160,0.73449,1.02279,-0.00110,0.70790,1.00000,179.737,-0.061,5
148.6660,0.72671,1.02128,-0.00110,0.70040,1.00000,179.737,-0.061,5
148.7160,0.71903,1.01987,-0.00110,0.69290,1.00000,179.738,-0.060,5
148.7660,0.71142,1.01856,-0.00110,0.68540,1.00000,179.739,-0.060,5
148.8160,0.70388,1.01736,-0.00110,0.67790,1.00000,179.740,-0.059,5
148.8660,0.69640,1.01627,-0.00110,0.67040,1.00000,179.741,-0.059,5
148.9160,0.68897,1.01526,-0.00110,0.66290,1.00000,179.743,-0.059,5
148.9660,0.68158,1.01435,-0.00110,0.65540,1.00000,179.744,-0.058,5
149.0160,0.67422,1.01351,-0.00111,0.64790,1.00000,179.746,-0.058,5
149.0660,0.66689,1.01276,-0.00111,0.64040,1.00000,179.748,-0.057,5
149.1160,0.65957,1.01209,-0.00111,0.63290,1.00000,179.749,-0.057,5
149.1660,0.65228,1.01149,-0.00111,0.62540,1.00000,179.751,-0.057,5
149.2160,0.64499,1.01095,-0.00111,0.61790,1.00000,179.753,-0.056,5
149.2660,0.63771,1.01047,-0.00111,0.61040,1.00000,179.754,-0.056,5
149.3160,0.63042,1.01005,-0.00111,0.60290,1.00000,179.756,-0.056,5
149.3660,0.62314,1.00968,-0.00111,0.59540,1.00000,179.757,-0.056,5
149.4160,0.61584,1.00935,-0.00112,0.58790,1.00000,179.759,-0.055,5
149.4660,0.60853,1.00906,-0.00112,0.58040,1.00000,179.761,-0.055,5
149.5160,0.60121,1.00881,-0.00112,0.57290,1.00000,179.762,-0.055,5
149.5660,0.59389,1.00860,-0.00112,0.56540,1.00000,179.764,-0.055,5
149.6160,0.58656,1.00843,-0.00112,0.55790,1.00000,179.765,-0.055,5
149.6660,0.57922,1.00828,-0.00112,0.55040,1.00000,179.767,-0.055,5
149.7160,0.57188,1.00817,-0.00112,0.54290,1.00000,179.768,-0.055,5
149.7660,0.56453,1.00808,-0.00112,0.53540,1.00000,179.769,-0.054,5
149.8160,0.55716,1.00802,-0.00112,0.52790,1.00000,179.770,-0.054,5
149.8660,0.54978,1.00797,-0.00113,0.52040,1.00000,179.771,-0.054,5
149.9160,0.54240,1.00794,-0.00113,0.51290,1.00000,179.772,-0.054,5
149.9660,0.53501,1.00793,-0.00113,0.50540,1.00000,179.773,-0.054,5
150.0160,0.52761,1.00793,-0.00113,0.49790,1.00000,179.774,-0.054,5
150.0660,0.52020,1.00794,-0.00113,0.49040,1.00000,179.775,-0.054,5
150.1160,0.51278,1.00797,-0.00113,0.48290,1.00000,179.776,-0.054,5
150.1660,0.50536,1.00800,-0.00113,0.47540,1.00000,179.776,-0.054,5
150.2160,0.49792,1.00804,-0.00113,0.46790,1.00000,179.777,-0.054,5
150.2660,0.49048,1.00809,-0.00113,0.46040,1.00000,179.778,-0.054,5
150.3160,0.48304,1.00814,-0.00113,0.45290,1.00000,179.778,-0.054,5
150.3660,0.47558,1.00820,-0.00113,0.44540,1.00000,179.779,-0.054,5
150.4160,0.46812,1.00826,-0.00113,0.43790,1.00000,179.779,-0.054,5
150.4660,0.46066,1.00832,-0.00113,0.43040,1.00000,179.780,-0.054,5
150.5160,0.45319,1.00838,-0.00113,0.42290,1.00000,179.780,-0.054,5
150.5660,0.44573,1.00845,-0.00113,0.41540,1.00000,179.781,-0.054,5
150.6160,0.43826,1.00852,-0.00113,0.40790,1.00000,179.781,-0.054,5
150.6660,0.43079,1.00859,-0.00113,0.40040,1.00000,179.781,-0.054,5
150.7160,0.42332,1.00867,-0.00113,0.39290,1.00000,179.782,-0.054,5
150.7660,0.41586,1.00874,-0.00113,0.38540,1.00000,179.782,-0.054,5
150.8160,0.40840,1.00882,-0.00113,0.37790,1.00000,179.782,-0.055,5
150.8660,0.40093,1.00889,-0.00113,0.37040,1.00000,179.782,-0.055,5
150.9160,0.39346,1.00896,-0.00113,0.36290,1.00000,179.782,-0.055,5
150.9660,0.38598,1.00903,-0.00113,0.35540,1.00000,179.782,-0.055,5
151.0160,0.37849,1.00909,-0.00113,0.34790,1.00000,179.782,-0.055,5
151.0660,0.37099,1.00913,-0.00113,0.34040,1.00000,179.782,-0.055,5
151.1160,0.36348,1.00916,-0.00113,0.33290,1.00000,179.782,-0.055,5
151.1660,0.35596,1.00919,-0.00113,0.32540,1.00000,179.783,-0.055,5
151.2160,0.34844,1.00922,-0.00113,0.31790,1.00000,179.783,-0.055,5
151.2660,0.34092,1.00925,-0.00113,0.31040,1.00000,179.784,-0.055,5
151.3160,0.33339,1.00927,-0.00113,0.30290,1.00000,179.784,-0.055,5
151.3660,0.32586,1.00929,-0.00113,0.29540,1.00000,179.784,-0.055,5
151.4160,0.31834,1.00931,-0.00113,0.28790,1.00000,179.784,-0.055,5
151.4660,0.31082,1.00933,-0.00113,0.28040,1.00000,179.785,-0.055,5
151.5160,0.30330,1.00935,-0.00113,0.27290,1.00000,179.785,-0.055,5
151.5660,0.29579,1.00938,-0.00113,0.26540,1.00000,179.785,-0.055,5
151.6160,0.28828,1.00940,-0.00113,0.25790,1.00000,179.785,-0.055,5
151.6660,0.28078,1.00943,-0.00113,0.25040,1.00000,179.785,-0.055,5
151.7160,0.27327,1.00945,-0.00113,0.24290,1.00000,179.785,-0.055,5
151.7660,0.26577,1.00947,-0.00113,0.23540,1.00000,179.785,-0.055,5
151.8160,0.25826,1.00949,-0.00113,0.22790,1.00000,179.785,-0.055,5
151.8660,0.25075,1.00951,-0.00113,0.22040,1.00000,179.785,-0.055,5
151.9160,0.24324,1.00952,-0.00113,0.21290,1.00000,179.785,-0.055,5
151.9660,0.23574,1.00954,-0.00113,0.20540,1.00000,179.785,-0.055,5
152.0160,0.22824,1.00955,-0.00113,0.19790,1.00000,179.785,-0.055,5
152.0660,0.22075,1.00957,-0.00113,0.19040,1.00000,179.785,-0.055,5
152.1160,0.21325,1.00959,-0.00113,0.18290,1.00000,179.785,-0.055,5
152.1660,0.20575,1.00960,-0.00113,0.17540,1.00000,179.785,-0.055,5
152.2160,0.19825,1.00961,-0.00113,0.16790,1.00000,179.785,-0.055,5
152.2660,0.19076,1.00962,-0.00113,0.16040,1.00000,179.785,-0.055,5
152.3160,0.18327,1.00964,-0.00113,0.15290,1.00000,179.785,-0.055,5
152.3660,0.17578,1.00965,-0.00113,0.14540,1.00000,179.784,-0.055,5
152.4160,0.16829,1.00967,-0.00113,0.13790,1.00000,179.784,-0.055,5
152.4660,0.16079,1.00968,-0.00113,0.13040,1.00000,179.784,-0.055,5
152.5160,0.15330,1.00968,-0.00113,0.12290,1.00000,179.784,-0.055,5
152.5660,0.14581,1.00969,-0.00113,0.11540,1.00000,179.784,-0.055,5
152.6160,0.13832,1.00970,-0.00113,0.10790,1.00000,179.784,-0.055,5
152.6660,0.13082,1.00970,-0.00113,0.10040,1.00000,179.784,-0.055,5
152.7160,0.12332,1.00970,-0.00113,0.09290,1.00000,179.784,-0.055,5
152.7660,0.11582,1.00970,-0.00113,0.08540,1.00000,179.784,-0.055,5
152.8160,0.10831,1.00970,-0.00113,0.07790,1.00000,179.784,-0.055,5
152.8660,0.10080,1.00969,-0.00113,0.07040,1.00000,179.784,-0.055,5
152.9160,0.09328,1.00967,-0.00113,0.06290,1.00000,179.784,-0.055,5
152.9660,0.08576,1.00966,-0.00113,0.05540,1.00000,179.784,-0.055,5
153.0160,0.07824,1.00964,-0.00113,0.04790,1.00000,179.785,-0.055,5
153.0660,0.07073,1.00963,-0.00113,0.04040,1.00000,179.785,-0.055,5
153.1160,0.06321,1.00962,-0.00113,0.03290,1.00000,179.785,-0.055,5
153.1660,0.05570,1.00962,-0.00113,0.02540,1.00000,179.785,-0.055,5
153.2160,0.04819,1.00961,-0.00113,0.01790,1.00000,179.785,-0.055,5
153.2660,0.04068,1.00960,-0.00113,0.01040,1.00000,179.785,-0.055,5
153.3160,0.03316,1.00959,-0.00113,0.00290,1.00000,179.785,-0.055,5
153.3660,0.02571,1.00954,-0.00113,0.00000,0.99540,179.869,-0.053,5
153.4160,0.01919,1.00877,-0.00113,0.00000,0.98790,-178.628,-0.034,5
153.4660,0.01405,1.00601,-0.00113,0.00000,0.98040,-175.522,-0.000,5
153.5160,0.00975,1.00220,-0.00112,0.00000,0.97290,-172.025,-0.013,5
153.5660,0.00614,0.99769,-0.00111,0.00000,0.96540,-168.530,-0.027,5
153.6160,0.00319,0.99256,-0.00111,0.00000,0.95790,-165.105,-0.032,5
153.6660,0.00081,0.98686,-0.00110,0.00000,0.95040,-161.754,-0.036,5
153.7160,-0.00105,0.98067,-0.00109,0.00000,0.94290,-158.463,-0.038,5
153.7660,-0.00246,0.97404,-0.00109,0.00000,0.93540,-155.220,-0.040,5
153.8160,-0.00346,0.96700,-0.00108,0.00000,0.92790,-152.017,-0.041,5
153.8660,-0.00411,0.95962,-0.00108,0.00000,0.92040,-148.848,-0.042,5
153.9160,-0.00443,0.95193,-0.00108,0.00000,0.91290,-145.705,-0.043,5
153.9660,-0.00446,0.94397,-0.00107,0.00000,0.90540,-142.585,-0.044,5
154.0160,-0.00422,0.93577,-0.00107,0.00000,0.89790,-139.482,-0.044,5
154.0660,-0.00376,0.92738,-0.00107,0.00000,0.89040,-136.395,-0.045,5
154.1160,-0.00308,0.91883,-0.00107,0.00000,0.88290,-133.319,-0.045,5
154.1660,-0.00221,0.91015,-0.00107,0.00000,0.87540,-130.253,-0.046,5
154.2160,-0.00117,0.90138,-0.00107,0.00000,0.86790,-127.195,-0.046,5
154.2660,0.00001,0.89254,-0.00107,0.00000,0.86040,-124.142,-0.046,5
154.3160,0.00132,0.88367,-0.00107,0.00000,0.85290,-121.094,-0.047,5
154.3660,0.00276,0.87480,-0.00107,0.00000,0.84540,-118.049,-0.047,5
154.4160,0.00431,0.86595,-0.00107,0.00000,0.83790,-115.006,-0.047,5
154.4660,0.00593,0.85715,-0.00107,0.00000,0.83040,-111.965,-0.047,5
154.5160,0.00763,0.84842,-0.00107,0.00000,0.82290,-108.923,-0.047,5
154.5660,0.00936,0.83977,-0.00107,0.00000,0.81540,-105.881,-0.047,5
154.6160,0.01113,0.83122,-0.00107,0.00000,0.80790,-102.839,-0.047,5
154.6660,0.01293,0.82277,-0.00108,0.00000,0.80040,-99.794,-0.047,5
154.7160,0.01475,0.81446,-0.00108,0.00000,0.79290,-96.751,-0.046,5
154.7660,0.01658,0.80627,-0.00108,0.00000,0.78540,-93.752,-0.046,5
154.8160,0.01840,0.79820,-0.00108,0.00000,0.77790,-91.157,-0.046,5
154.8660,0.02015,0.79020,-0.00108,0.00000,0.77040,-90.139,-0.045,5
154.9160,0.02174,0.78222,-0.00109,0.00000,0.76290,-90.006,-0.045,5
154.9660,0.02313,0.77424,-0.00109,0.00000,0.75540,-89.986,-0.045,5
155.0160,0.02434,0.76627,-0.00109,0.00000,0.74790,-89.949,-0.045,5
155.0660,0.02539,0.75832,-0.00109,0.00000,0.74040,-89.912,-0.044,5
155.1160,0.02630,0.75039,-0.00110,0.00000,0.73290,-89.881,-0.044,5
155.1660,0.02708,0.74248,-0.00110,0.00000,0.72540,-89.856,-0.044,5
155.2160,0.02772,0.73459,-0.00110,0.00000,0.71790,-89.834,-0.044,5
155.2660,0.02824,0.72671,-0.00110,0.00000,0.71040,-89.817,-0.044,5
155.3160,0.02865,0.71886,-0.00110,0.00000,0.70290,-89.802,-0.043,5
155.3660,0.02897,0.71102,-0.00111,0.00000,0.69540,-89.789,-0.043,5
155.4160,0.02922,0.70321,-0.00111,0.00000,0.68790,-89.779,-0.043,5
155.4660,0.02941,0.69542,-0.00111,0.00000,0.68040,-89.770,-0.043,5
155.5160,0.02953,0.68766,-0.00111,0.00000,0.67290,-89.762,-0.043,5
155.5660,0.02960,0.67992,-0.00111,0.00000,0.66540,-89.756,-0.043,5
155.6160,0.02962,0.67219,-0.00111,0.00000,0.65790,-89.750,-0.042,5
155.6660,0.02958,0.66448,-0.00112,0.00000,0.65040,-89.746,-0.042,5
155.7160,0.02952,0.65679,-0.00112,0.00000,0.64290,-89.742,-0.042,5
155.7660,0.02942,0.64912,-0.00112,0.00000,0.63540,-89.738,-0.042,5
155.8160,0.02930,0.64146,-0.00112,0.00000,0.62790,-89.736,-0.042,5
155.8660,0.02915,0.63382,-0.00112,0.00000,0.62040,-89.733,-0.042,5
155.9160,0.02898,0.62619,-0.00112,0.00000,0.61290,-89.731,-0.042,5
155.9660,0.02881,0.61858,-0.00112,0.00000,0.60540,-89.729,-0.042,5
156.0160,0.02862,0.61098,-0.00112,0.00000,0.59790,-89.727,-0.042,5
156.0660,0.02844,0.60339,-0.00112,0.00000,0.59040,-89.726,-0.041,5
156.1160,0.02825,0.59582,-0.00112,0.00000,0.58290,-89.724,-0.041,5
156.1660,0.02804,0.58825,-0.00112,0.00000,0.57540,-89.723,-0.041,5
156.2160,0.02784,0.58069,-0.00113,0.00000,0.56790,-89.722,-0.041,5
156.2660,0.02764,0.57314,-0.00113,0.00000,0.56040,-89.721,-0.041,5
156.3160,0.02745,0.56560,-0.00113,0.00000,0.55290,-89.720,-0.041,5
156.3660,0.02727,0.55807,-0.00113,0.00000,0.54540,-89.719,-0.041,5
156.4160,0.02710,0.55055,-0.00113,0.00000,0.53790,-89.718,-0.041,5
156.4660,0.02693,0.54303,-0.00113,0.00000,0.53040,-89.718,-0.041,5
156.5160,0.02675,0.53551,-0.00113,0.00000,0.52290,-89.717,-0.041,5
156.5660,0.02658,0.52800,-0.00113,0.00000,0.51540,-89.716,-0.041,5
156.6160,0.02642,0.52049,-0.00113,0.00000,0.50790,-89.716,-0.041,5
156.6660,0.02626,0.51298,-0.00113,0.00000,0.50040,-89.715,-0.041,5
156.7160,0.02611,0.50548,-0.00113,0.00000,0.49290,-89.715,-0.041,5
156.7660,0.02596,0.49797,-0.00113,0.00000,0.48540,-89.715,-0.041,5
156.8160,0.02581,0.49047,-0.00113,0.00000,0.47790,-89.715,-0.041,5
156.8660,0.02567,0.48297,-0.00113,0.00000,0.47040,-89.714,-0.040,5
156.9160,0.02555,0.47547,-0.00113,0.00000,0.46290,-89.714,-0.040,5
156.9660,0.02544,0.46798,-0.00113,0.00000,0.45540,-89.714,-0.040,5
157.0160,0.02535,0.46049,-0.00113,0.00000,0.44790,-89.714,-0.040,5
157.0660,0.02527,0.45300,-0.00113,0.00000,0.44040,-89.713,-0.040,5
157.1160,0.02519,0.44551,-0.00113,0.00000,0.43290,-89.713,-0.040,5
157.1660,0.02511,0.43803,-0.00113,0.00000,0.42540,-89.713,-0.040,5
157.2160,0.02503,0.43053,-0.00113,0.00000,0.41790,-89.712,-0.040,5
157.2660,0.02495,0.42304,-0.00113,0.00000,0.41040,-89.712,-0.040,5
157.3160,0.02487,0.41554,-0.00113,0.00000,0.40290,-89.712,-0.040,5
157.3660,0.02481,0.40805,-0.00113,0.00000,0.39540,-89.712,-0.040,5
157.4160,0.02474,0.40056,-0.00113,0.00000,0.38790,-89.712,-0.040,5
157.4660,0.02467,0.39306,-0.00113,0.00000,0.38040,-89.712,-0.040,5
157.5160,0.02461,0.38557,-0.00113,0.00000,0.37290,-89.712,-0.040,5
157.5660,0.02457,0.37807,-0.00113,0.00000,0.36540,-89.712,-0.040,5
157.6160,0.02453,0.37058,-0.00113,0.00000,0.35790,-89.712,-0.040,5
157.6660,0.02448,0.36308,-0.00113,0.00000,0.35040,-89.712,-0.040,5
157.7160,0.02445,0.35559,-0.00113,0.00000,0.34290,-89.712,-0.040,5
157.7660,0.02442,0.34809,-0.00113,0.00000,0.33540,-89.712,-0.040,5
157.8160,0.02439,0.34060,-0.00113,0.00000,0.32790,-89.712,-0.040,5
157.8660,0.02436,0.33310,-0.00113,0.00000,0.32040,-89.712,-0.040,5
157.9160,0.02434,0.32561,-0.00113,0.00000,0.31290,-89.712,-0.040,5
157.9660,0.02432,0.31811,-0.00113,0.00000,0.30540,-89.712,-0.040,5
158.0160,0.02432,0.31062,-0.00113,0.00000,0.29790,-89.712,-0.040,5
158.0660,0.02431,0.30312,-0.00113,0.00000,0.29040,-89.712,-0.040,5
158.1160,0.02431,0.29563,-0.00113,0.00000,0.28290,-89.712,-0.040,5
158.1660,0.02430,0.28813,-0.00113,0.00000,0.27540,-89.712,-0.040,5
158.2160,0.02430,0.28064,-0.00113,0.00000,0.26790,-89.712,-0.040,5
158.2660,0.02430,0.27315,-0.00113,0.00000,0.26040,-89.712,-0.040,5
158.3160,0.02430,0.26565,-0.00113,0.00000,0.25290,-89.711,-0.040,5
158.3660,0.02430,0.25815,-0.00113,0.00000,0.24540,-89.711,-0.040,5
158.4160,0.02430,0.25066,-0.00113,0.00000,0.23790,-89.711,-0.040,5
158.4660,0.02429,0.24316,-0.00113,0.00000,0.23040,-89.711,-0.040,5
158.5160,0.02428,0.23566,-0.00113,0.00000,0.22290,-89.711,-0.040,5
158.5660,0.02427,0.22816,-0.00113,0.00000,0.21540,-89.712,-0.040,5
158.6160,0.02428,0.22066,-0.00113,0.00000,0.20790,-89.712,-0.040,5
158.6660,0.02429,0.21317,-0.00113,0.00000,0.20040,-89.711,-0.040,5
158.7160,0.02429,0.20567,-0.00113,0.00000,0.19290,-89.711,-0.040,5
158.7660,0.02429,0.19817,-0.00113,0.00000,0.18540,-89.711,-0.040,5
158.8160,0.02430,0.19067,-0.00113,0.00000,0.17790,-89.711,-0.040,5
158.8660,0.02431,0.18317,-0.00113,0.00000,0.17040,-89.711,-0.040,5
158.9160,0.02432,0.17568,-0.00113,0.00000,0.16290,-89.711,-0.040,5
158.9660,0.02433,0.16818,-0.00113,0.00000,0.15540,-89.711,-0.040,5
159.0160,0.02436,0.16069,-0.00113,0.00000,0.14790,-89.711,-0.040,5
159.0660,0.02438,0.15320,-0.00113,0.00000,0.14040,-89.711,-0.040,5
159.1160,0.02442,0.14571,-0.00113,0.00000,0.13290,-89.711,-0.040,5
159.1660,0.02445,0.13822,-0.00113,0.00000,0.12540,-89.710,-0.040,5
159.2160,0.02446,0.13073,-0.00113,0.00000,0.11790,-89.710,-0.040,5
159.2660,0.02448,0.12323,-0.00113,0.00000,0.11040,-89.710,-0.040,5
159.3160,0.02448,0.11573,-0.00113,0.00000,0.10290,-89.710,-0.040,5
159.3660,0.02448,0.10823,-0.00113,0.00000,0.09540,-89.710,-0.040,5
159.4160,0.02448,0.10073,-0.00113,0.00000,0.08790,-89.710,-0.040,5
159.4660,0.02448,0.09323,-0.00113,0.00000,0.08040,-89.710,-0.040,5
159.5160,0.02446,0.08573,-0.00113,0.00000,0.07290,-89.710,-0.040,5
159.5660,0.02443,0.07822,-0.00113,0.00000,0.06540,-89.710,-0.040,5
159.6160,0.02440,0.07071,-0.00113,0.00000,0.05790,-89.711,-0.040,5
159.6660,0.02438,0.06320,-0.00113,0.00000,0.05040,-89.711,-0.040,5
159.7160,0.02438,0.05570,-0.00113,0.00000,0.04290,-89.711,-0.040,5
159.7660,0.02438,0.04820,-0.00113,0.00000,0.03540,-89.711,-0.040,5
159.8160,0.02439,0.04070,-0.00113,0.00000,0.02790,-89.711,-0.040,5
159.8660,0.02440,0.03320,-0.00113,0.00000,0.02040,-89.711,-0.040,5
159.9160,0.02441,0.02570,-0.00113,0.00000,0.01290,-89.711,-0.040,5
159.9660,0.02441,0.01821,-0.00113,0.00000,0.00540,-89.711,-0.040,5
160.0160,0.02446,0.01077,-0.00113,0.00210,0.00000,-89.623,-0.039,6
160.0660,0.02512,0.00429,-0.00113,0.00960,0.00000,-88.065,-0.023,6
160.1160,0.02669,-0.00096,-0.00113,0.01710,0.00000,-85.104,-0.019,6
160.1660,0.02909,-0.00507,-0.00113,0.02460,0.00000,-81.747,-0.024,6
160.2160,0.03222,-0.00821,-0.00113,0.03210,0.00000,-78.398,-0.028,6
160.2660,0.03596,-0.01050,-0.00112,0.03960,0.00000,-75.110,-0.030,6
160.3160,0.04025,-0.01210,-0.00112,0.04710,0.00000,-71.876,-0.031,6
160.3660,0.04502,-0.01313,-0.00112,0.05460,0.00000,-68.685,-0.031,6
160.4160,0.05021,-0.01368,-0.00112,0.06210,0.00000,-65.528,-0.030,6
160.4660,0.05579,-0.01386,-0.00113,0.06960,0.00000,-62.399,-0.029,6
160.5160,0.06171,-0.01374,-0.00113,0.07710,0.00000,-59.291,-0.027,6
160.5660,0.06794,-0.01340,-0.00113,0.08460,0.00000,-56.201,-0.025,6
160.6160,0.07445,-0.01290,-0.00113,0.09210,0.00000,-53.124,-0.023,6
160.6660,0.08123,-0.01228,-0.00113,0.09960,0.00000,-50.059,-0.022,6
160.7160,0.08827,-0.01157,-0.00113,0.10710,0.00000,-47.003,-0.020,6
160.7660,0.09555,-0.01081,-0.00113,0.11460,0.00000,-43.954,-0.018,6
160.8160,0.10306,-0.01002,-0.00113,0.12210,0.00000,-40.911,-0.017,6
160.8660,0.11076,-0.00922,-0.00113,0.12960,0.00000,-37.872,-0.016,6
160.9160,0.11863,-0.00845,-0.00113,0.13710,0.00000,-34.836,-0.015,6
160.9660,0.12666,-0.00769,-0.00113,0.14460,0.00000,-31.802,-0.014,6
161.0160,0.13484,-0.00696,-0.00113,0.15210,0.00000,-28.767,-0.013,6
161.0660,0.14315,-0.00626,-0.00113,0.15960,0.00000,-25.733,-0.013,6
161.1160,0.15157,-0.00559,-0.00113,0.16710,0.00000,-22.695,-0.012,6
161.1660,0.16008,-0.00495,-0.00113,0.17460,0.00000,-19.654,-0.012,6
161.2160,0.16869,-0.00433,-0.00113,0.18210,0.00000,-16.607,-0.012,6
161.2660,0.17735,-0.00373,-0.00114,0.18960,0.00000,-13.552,-0.012,6
161.3160,0.18605,-0.00316,-0.00114,0.19710,0.00000,-10.488,-0.011,6
161.3660,0.19480,-0.00260,-0.00114,0.20460,0.00000,-7.414,-0.011,6
161.4160,0.20356,-0.00205,-0.00114,0.21210,0.00000,-4.372,-0.011,6
161.4660,0.21233,-0.00149,-0.00114,0.21960,0.00000,-1.720,-0.011,6
161.5160,0.22115,-0.00093,-0.00114,0.22710,0.00000,-0.677,-0.011,6
161.5660,0.23001,-0.00037,-0.00114,0.23460,0.00000,-0.505,-0.011,6
161.6160,0.23890,0.00019,-0.00114,0.24210,0.00000,-0.441,-0.011,6
161.6660,0.24780,0.00074,-0.00114,0.24960,0.00000,-0.367,-0.010,6
161.7160,0.25671,0.00129,-0.00114,0.25710,0.00000,-0.301,-0.010,6
161.7660,0.26559,0.00182,-0.00114,0.26460,0.00000,-0.247,-0.010,6
161.8160,0.27444,0.00234,-0.00114,0.27210,0.00000,-0.203,-0.010,6
161.8660,0.28325,0.00284,-0.00114,0.27960,0.00000,-0.168,-0.010,6
161.9160,0.29202,0.00333,-0.00114,0.28710,0.00000,-0.139,-0.010,6
161.9660,0.30074,0.00380,-0.00114,0.29460,0.00000,-0.115,-0.010,6
162.0160,0.30939,0.00425,-0.00114,0.30210,0.00000,-0.096,-0.010,6
162.0660,0.31797,0.00469,-0.00114,0.30960,0.00000,-0.081,-0.010,6
162.1160,0.32650,0.00510,-0.00114,0.31710,0.00000,-0.069,-0.010,6
162.1660,0.33495,0.00549,-0.00114,0.32460,0.00000,-0.059,-0.010,6
162.2160,0.34334,0.00587,-0.00114,0.33210,0.00000,-0.052,-0.009,6
162.2660,0.35166,0.00622,-0.00114,0.33960,0.00000,-0.046,-0.009,6
162.3160,0.35991,0.00656,-0.00114,0.34710,0.00000,-0.041,-0.009,6
162.3660,0.36810,0.00688,-0.00114,0.35460,0.00000,-0.038,-0.009,6
162.4160,0.37622,0.00717,-0.00114,0.36210,0.00000,-0.036,-0.009,6
162.4660,0.38428,0.00745,-0.00114,0.36960,0.00000,-0.034,-0.008,6
162.5160,0.39227,0.00771,-0.00114,0.37710,0.00000,-0.033,-0.008,6
162.5660,0.40020,0.00794,-0.00114,0.38460,0.00000,-0.033,-0.008,6
162.6160,0.40807,0.00815,-0.00114,0.39210,0.00000,-0.032,-0.008,6
162.6660,0.41589,0.00835,-0.00114,0.39960,0.00000,-0.032,-0.008,6
162.7160,0.42366,0.00852,-0.00114,0.40710,0.00000,-0.033,-0.007,6
162.7660,0.43139,0.00868,-0.00114,0.41460,0.00000,-0.033,-0.007,6
162.8160,0.43908,0.00884,-0.00114,0.42210,0.00000,-0.034,-0.007,6
162.8660,0.44673,0.00897,-0.00114,0.42960,0.00000,-0.034,-0.007,6
162.9160,0.45434,0.00909,-0.00114,0.43710,0.00000,-0.035,-0.006,6
162.9660,0.46192,0.00919,-0.00114,0.44460,0.00000,-0.036,-0.006,6
163.0160,0.46947,0.00928,-0.00114,0.45210,0.00000,-0.036,-0.006,6
163.0660,0.47700,0.00936,-0.00114,0.45960,0.00000,-0.037,-0.006,6
163.1160,0.48449,0.00942,-0.00114,0.46710,0.00000,-0.038,-0.006,6
163.1660,0.49198,0.00948,-0.00114,0.47460,0.00000,-0.038,-0.006,6
163.2160,0.49945,0.00953,-0.00114,0.48210,0.00000,-0.039,-0.005,6
163.2660,0.50691,0.00957,-0.00114,0.48960,0.00000,-0.040,-0.005,6
163.3160,0.51436,0.00961,-0.00114,0.49710,0.00000,-0.040,-0.005,6
163.3660,0.52181,0.00965,-0.00114,0.50460,0.00000,-0.041,-0.005,6
163.4160,0.52925,0.00968,-0.00114,0.51210,0.00000,-0.041,-0.005,6
163.4660,0.53668,0.00970,-0.00114,0.51960,0.00000,-0.041,-0.005,6
163.5160,0.54411,0.00972,-0.00114,0.52710,0.00000,-0.042,-0.005,6
163.5660,0.55154,0.00974,-0.00114,0.53460,0.00000,-0.042,-0.004,6
163.6160,0.55896,0.00975,-0.00114,0.54210,0.00000,-0.043,-0.004,6
163.6660,0.56638,0.00975,-0.00114,0.54960,0.00000,-0.043,-0.004,6
163.7160,0.57379,0.00975,-0.00114,0.55710,0.00000,-0.043,-0.004,6
163.7660,0.58122,0.00975,-0.00114,0.56460,0.00000,-0.043,-0.004,6
163.8160,0.58863,0.00974,-0.00114,0.57210,0.00000,-0.043,-0.004,6
163.8660,0.59605,0.00973,-0.00114,0.57960,0.00000,-0.043,-0.004,6
163.9160,0.60348,0.00972,-0.00114,0.58710,0.00000,-0.043,-0.004,6
163.9660,0.61090,0.00970,-0.00114,0.59460,0.00000,-0.044,-0.004,6
164.0160,0.61833,0.00969,-0.00114,0.60210,0.00000,-0.044,-0.004,6
164.0660,0.62577,0.00968,-0.00114,0.60960,0.00000,-0.044,-0.004,6
164.1160,0.63320,0.00966,-0.00114,0.61710,0.00000,-0.043,-0.004,6
164.1660,0.64065,0.00965,-0.00114,0.62460,0.00000,-0.043,-0.004,6
164.2160,0.64809,0.00963,-0.00114,0.63210,0.00000,-0.043,-0.004,6
164.2660,0.65554,0.00961,-0.00114,0.63960,0.00000,-0.043,-0.004,6
164.3160,0.66299,0.00959,-0.00114,0.64710,0.00000,-0.043,-0.004,6
164.3660,0.67044,0.00956,-0.00114,0.65460,0.00000,-0.043,-0.004,6
164.4160,0.67788,0.00954,-0.00114,0.66210,0.00000,-0.043,-0.004,6
164.4660,0.68534,0.00951,-0.00114,0.66960,0.00000,-0.043,-0.004,6
164.5160,0.69280,0.00949,-0.00114,0.67710,0.00000,-0.043,-0.004,6
164.5660,0.70026,0.00946,-0.00114,0.68460,0.00000,-0.042,-0.004,6
164.6160,0.70773,0.00945,-0.00114,0.69210,0.00000,-0.042,-0.004,6
164.6660,0.71522,0.00943,-0.00114,0.69960,0.00000,-0.042,-0.004,6
164.7160,0.72270,0.00942,-0.00114,0.70710,0.00000,-0.042,-0.004,6
164.7660,0.73018,0.00940,-0.00114,0.71460,0.00000,-0.042,-0.004,6
164.8160,0.73766,0.00938,-0.00114,0.72210,0.00000,-0.042,-0.004,6
164.8660,0.74513,0.00936,-0.00114,0.72960,0.00000,-0.042,-0.004,6
164.9160,0.75261,0.00934,-0.00114,0.73710,0.00000,-0.041,-0.004,6
164.9660,0.76010,0.00933,-0.00114,0.74460,0.00000,-0.041,-0.004,6
165.0160,0.76760,0.00932,-0.00114,0.75210,0.00000,-0.041,-0.004,6
165.0660,0.77509,0.00930,-0.00114,0.75960,0.00000,-0.041,-0.004,6
165.1160,0.78259,0.00929,-0.00114,0.76710,0.00000,-0.041,-0.004,6
165.1660,0.79009,0.00928,-0.00114,0.77460,0.00000,-0.041,-0.004,6
165.2160,0.79759,0.00927,-0.00114,0.78210,0.00000,-0.041,-0.004,6
165.2660,0.80508,0.00926,-0.00114,0.78960,0.00000,-0.040,-0.004,6
165.3160,0.81258,0.00925,-0.00114,0.79710,0.00000,-0.040,-0.004,6
165.3660,0.82008,0.00924,-0.00114,0.80460,0.00000,-0.040,-0.004,6
165.4160,0.82758,0.00923,-0.00114,0.81210,0.00000,-0.040,-0.004,6
165.4660,0.83508,0.00923,-0.00114,0.81960,0.00000,-0.040,-0.004,6
165.5160,0.84258,0.00922,-0.00114,0.82710,0.00000,-0.040,-0.004,6
165.5660,0.85009,0.00922,-0.00114,0.83460,0.00000,-0.040,-0.004,6
165.6160,0.85760,0.00922,-0.00114,0.84210,0.00000,-0.040,-0.004,6
165.6660,0.86511,0.00921,-0.00114,0.84960,0.00000,-0.040,-0.004,6
165.7160,0.87261,0.00921,-0.00114,0.85710,0.00000,-0.040,-0.004,6
165.7660,0.88012,0.00922,-0.00114,0.86460,0.00000,-0.040,-0.004,6
165.8160,0.88764,0.00922,-0.00114,0.87210,0.00000,-0.040,-0.004,6
165.8660,0.89515,0.00922,-0.00114,0.87960,0.00000,-0.040,-0.004,6
165.9160,0.90265,0.00922,-0.00114,0.88710,0.00000,-0.040,-0.004,6
165.9660,0.91015,0.00921,-0.00114,0.89460,0.00000,-0.040,-0.004,6
166.0160,0.91765,0.00921,-0.00114,0.90210,0.00000,-0.039,-0.004,6
166.0660,0.92516,0.00922,-0.00114,0.90960,0.00000,-0.039,-0.004,6
166.1160,0.93268,0.00922,-0.00114,0.91710,0.00000,-0.040,-0.004,6
166.1660,0.94019,0.00923,-0.00114,0.92460,0.00000,-0.040,-0.004,6
166.2160,0.94770,0.00924,-0.00114,0.93210,0.00000,-0.040,-0.004,6
166.2660,0.95522,0.00925,-0.00114,0.93960,0.00000,-0.040,-0.004,6
166.3160,0.96274,0.00926,-0.00114,0.94710,0.00000,-0.040,-0.004,6
166.3660,0.97026,0.00928,-0.00114,0.95460,0.00000,-0.040,-0.004,6
166.4160,0.97779,0.00930,-0.00114,0.96210,0.00000,-0.040,-0.004,6
166.4660,0.98532,0.00932,-0.00114,0.96960,0.00000,-0.040,-0.004,6
166.5160,0.99284,0.00934,-0.00114,0.97710,0.00000,-0.040,-0.004,6
166.5660,1.00037,0.00937,-0.00114,0.98460,0.00000,-0.040,-0.004,6
166.6160,1.00790,0.00939,-0.00114,0.99210,0.00000,-0.041,-0.004,6
166.6660,1.01543,0.00941,-0.00114,0.99960,0.00000,-0.041,-0.004,6
166.7160,1.02287,0.00946,-0.00114,1.00000,0.00710,0.044,-0.003,6
166.7660,1.02937,0.01015,-0.00114,1.00000,0.01460,1.575,0.014,6
166.8160,1.03465,0.01163,-0.00114,1.00000,0.02210,4.745,0.017,6
166.8660,1.03882,0.01380,-0.00114,1.00000,0.02960,8.396,0.010,6
166.9160,1.04203,0.01655,-0.00113,1.00000,0.03710,12.014,0.004,6
166.9660,1.04446,0.01982,-0.00113,1.00000,0.04460,15.537,0.001,6
167.0160,1.04625,0.02359,-0.00113,1.00000,0.05210,18.974,-0.001,6
167.0660,1.04755,0.02782,-0.00113,1.00000,0.05960,22.341,-0.002,6
167.1160,1.04848,0.03249,-0.00113,1.00000,0.06710,25.651,-0.002,6
167.1660,1.04912,0.03760,-0.00113,1.00000,0.07460,28.915,-0.002,6
167.2160,1.04955,0.04311,-0.00112,1.00000,0.08210,32.138,-0.002,6
167.2660,1.04983,0.04903,-0.00112,1.00000,0.08960,35.328,-0.002,6
167.3160,1.05004,0.05535,-0.00112,1.00000,0.09710,38.489,-0.001,6
167.3660,1.05019,0.06206,-0.00112,1.00000,0.10460,41.625,-0.001,6
167.4160,1.05033,0.06914,-0.00112,1.00000,0.11210,44.739,-0.001,6
167.4660,1.05046,0.07659,-0.00112,1.00000,0.11960,47.833,-0.001,6
167.5160,1.05059,0.08439,-0.00112,1.00000,0.12710,50.909,-0.001,6
167.5660,1.05074,0.09254,-0.00112,1.00000,0.13460,53.970,-0.002,6
167.6160,1.05090,0.10101,-0.00112,1.00000,0.14210,57.016,-0.003,6
167.6660,1.05106,0.10981,-0.00112,1.00000,0.14960,60.049,-0.004,6
167.7160,1.05120,0.11890,-0.00112,1.00000,0.15710,63.070,-0.005,6
167.7660,1.05133,0.12827,-0.00113,1.00000,0.16460,66.081,-0.006,6
167.8160,1.05142,0.13791,-0.00113,1.00000,0.17210,69.081,-0.008,6
167.8660,1.05145,0.14778,-0.00113,1.00000,0.17960,72.072,-0.010,6
167.9160,1.05140,0.15786,-0.00113,1.00000,0.18710,75.054,-0.012,6
167.9660,1.05124,0.16812,-0.00113,1.00000,0.19460,78.028,-0.013,6
168.0160,1.05096,0.17852,-0.00113,1.00000,0.20210,80.993,-0.015,6
168.0660,1.05056,0.18904,-0.00113,1.00000,0.20960,83.945,-0.017,6
168.1160,1.05001,0.19963,-0.00113,1.00000,0.21710,86.840,-0.019,6
168.1660,1.04931,0.21024,-0.00113,1.00000,0.22460,89.312,-0.020,6
168.2160,1.04846,0.22075,-0.00113,1.00000,0.23210,90.161,-0.021,6
168.2660,1.04754,0.23108,-0.00113,1.00000,0.23960,90.170,-0.022,6
168.3160,1.04658,0.24120,-0.00113,1.00000,0.24710,90.107,-0.023,6
168.3660,1.04558,0.25111,-0.00113,1.00000,0.25460,90.078,-0.024,6
168.4160,1.04456,0.26082,-0.00113,1.00000,0.26210,90.058,-0.025,6
168.4660,1.04353,0.27034,-0.00113,1.00000,0.26960,90.042,-0.025,6
168.5160,1.04249,0.27967,-0.00113,1.00000,0.27710,90.028,-0.025,6
168.5660,1.04147,0.28882,-0.00113,1.00000,0.28460,90.017,-0.025,6
168.6160,1.04045,0.29780,-0.00113,1.00000,0.29210,90.008,-0.025,6
168.6660,1.03945,0.30661,-0.00113,1.00000,0.29960,90.001,-0.025,6
168.7160,1.03847,0.31526,-0.00113,1.00000,0.30710,89.995,-0.025,6
168.7660,1.03752,0.32377,-0.00113,1.00000,0.31460,89.991,-0.024,6
168.8160,1.03660,0.33214,-0.00113,1.00000,0.32210,89.987,-0.024,6
168.8660,1.03570,0.34039,-0.00113,1.00000,0.32960,89.984,-0.024,6
168.9160,1.03485,0.34852,-0.00113,1.00000,0.33710,89.982,-0.023,6
168.9660,1.03403,0.35654,-0.00113,1.00000,0.34460,89.980,-0.023,6
169.0160,1.03325,0.36447,-0.00113,1.00000,0.35210,89.979,-0.022,6
169.0660,1.03252,0.37231,-0.00113,1.00000,0.35960,89.978,-0.022,6
169.1160,1.03183,0.38007,-0.00113,1.00000,0.36710,89.977,-0.021,6
169.1660,1.03117,0.38776,-0.00113,1.00000,0.37460,89.977,-0.021,6
169.2160,1.03056,0.39539,-0.00113,1.00000,0.38210,89.976,-0.020,6
169.2660,1.03000,0.40297,-0.00113,1.00000,0.38960,89.976,-0.020,6
169.3160,1.02947,0.41050,-0.00113,1.00000,0.39710,89.976,-0.020,6
169.3660,1.02897,0.41798,-0.00113,1.00000,0.40460,89.976,-0.019,6
169.4160,1.02850,0.42543,-0.00113,1.00000,0.41210,89.976,-0.019,6
169.4660,1.02807,0.43285,-0.00113,1.00000,0.41960,89.976,-0.018,6
169.5160,1.02768,0.44024,-0.00113,1.00000,0.42710,89.976,-0.018,6
169.5660,1.02732,0.44762,-0.00113,1.00000,0.43460,89.976,-0.018,6
169.6160,1.02697,0.45497,-0.00113,1.00000,0.44210,89.976,-0.017,6
169.6660,1.02666,0.46231,-0.00113,1.00000,0.44960,89.976,-0.017,6
169.7160,1.02638,0.46965,-0.00113,1.00000,0.45710,89.975,-0.017,6
169.7660,1.02612,0.47697,-0.00113,1.00000,0.46460,89.975,-0.017,6
169.8160,1.02588,0.48430,-0.00113,1.00000,0.47210,89.975,-0.017,6
169.8660,1.02566,0.49162,-0.00113,1.00000,0.47960,89.975,-0.016,6
169.9160,1.02545,0.49894,-0.00113,1.00000,0.48710,89.975,-0.016,6
169.9660,1.02526,0.50626,-0.00113,1.00000,0.49460,89.974,-0.016,6
170.0160,1.02510,0.51359,-0.00113,1.00000,0.50210,89.974,-0.016,6
170.0660,1.02495,0.52092,-0.00113,1.00000,0.50960,89.974,-0.016,6
170.1160,1.02481,0.52826,-0.00113,1.00000,0.51710,89.973,-0.016,6
170.1660,1.02470,0.53561,-0.00113,1.00000,0.52460,89.973,-0.016,6
170.2160,1.02461,0.54297,-0.00113,1.00000,0.53210,89.973,-0.016,6
170.2660,1.02453,0.55034,-0.00113,1.00000,0.53960,89.972,-0.015,6
170.3160,1.02446,0.55771,-0.00113,1.00000,0.54710,89.972,-0.015,6
170.3660,1.02440,0.56510,-0.00113,1.00000,0.55460,89.972,-0.015,6
170.4160,1.02435,0.57249,-0.00114,1.00000,0.56210,89.971,-0.015,6
170.4660,1.02430,0.57989,-0.00114,1.00000,0.56960,89.971,-0.015,6
170.5160,1.02425,0.58730,-0.00114,1.00000,0.57710,89.971,-0.015,6
170.5660,1.02422,0.59471,-0.00114,1.00000,0.58460,89.971,-0.015,6
170.6160,1.02419,0.60214,-0.00114,1.00000,0.59210,89.970,-0.015,6
170.6660,1.02418,0.60957,-0.00114,1.00000,0.59960,89.970,-0.015,6
170.7160,1.02417,0.61701,-0.00114,1.00000,0.60710,89.970,-0.015,6
170.7660,1.02417,0.62446,-0.00114,1.00000,0.61460,89.969,-0.015,6
170.8160,1.02416,0.63192,-0.00114,1.00000,0.62210,89.969,-0.015,6
170.8660,1.02415,0.63937,-0.00114,1.00000,0.62960,89.969,-0.015,6
170.9160,1.02414,0.64683,-0.00114,1.00000,0.63710,89.969,-0.015,6
170.9660,1.02414,0.65430,-0.00114,1.00000,0.64460,89.969,-0.015,6
171.0160,1.02413,0.66178,-0.00114,1.00000,0.65210,89.968,-0.015,6
171.0660,1.02412,0.66925,-0.00114,1.00000,0.65960,89.968,-0.015,6
171.1160,1.02412,0.67673,-0.00114,1.00000,0.66710,89.968,-0.015,6
171.1660,1.02412,0.68422,-0.00114,1.00000,0.67460,89.968,-0.015,6
171.2160,1.02412,0.69170,-0.00114,1.00000,0.68210,89.968,-0.015,6
171.2660,1.02412,0.69920,-0.00114,1.00000,0.68960,89.968,-0.016,6
171.3160,1.02412,0.70669,-0.00114,1.00000,0.69710,89.967,-0.016,6
171.3660,1.02411,0.71418,-0.00114,1.00000,0.70460,89.967,-0.016,6
171.4160,1.02411,0.72168,-0.00114,1.00000,0.71210,89.967,-0.016,6
171.4660,1.02412,0.72918,-0.00114,1.00000,0.71960,89.967,-0.016,6
171.5160,1.02414,0.73668,-0.00114,1.00000,0.72710,89.967,-0.016,6
171.5660,1.02415,0.74419,-0.00114,1.00000,0.73460,89.967,-0.016,6
171.6160,1.02416,0.75169,-0.00114,1.00000,0.74210,89.967,-0.016,6
171.6660,1.02418,0.75920,-0.00114,1.00000,0.74960,89.967,-0.016,6
171.7160,1.02418,0.76671,-0.00114,1.00000,0.75710,89.967,-0.016,6
171.7660,1.02418,0.77421,-0.00114,1.00000,0.76460,89.967,-0.016,6
171.8160,1.02418,0.78171,-0.00114,1.00000,0.77210,89.967,-0.016,6
171.8660,1.02418,0.78922,-0.00114,1.00000,0.77960,89.967,-0.016,6
171.9160,1.02419,0.79673,-0.00114,1.00000,0.78710,89.967,-0.016,6
171.9660,1.02418,0.80423,-0.00114,1.00000,0.79460,89.967,-0.016,6
172.0160,1.02417,0.81173,-0.00114,1.00000,0.80210,89.967,-0.016,6
172.0660,1.02415,0.81923,-0.00114,1.00000,0.80960,89.967,-0.016,6
172.1160,1.02413,0.82673,-0.00114,1.00000,0.81710,89.967,-0.016,6
172.1660,1.02412,0.83423,-0.00114,1.00000,0.82460,89.966,-0.016,6
172.2160,1.02410,0.84173,-0.00114,1.00000,0.83210,89.966,-0.016,6
172.2660,1.02410,0.84924,-0.00114,1.00000,0.83960,89.966,-0.016,6
172.3160,1.02409,0.85674,-0.00114,1.00000,0.84710,89.966,-0.016,6
172.3660,1.02410,0.86425,-0.00114,1.00000,0.85460,89.966,-0.016,6
172.4160,1.02410,0.87175,-0.00114,1.00000,0.86210,89.966,-0.016,6
172.4660,1.02410,0.87926,-0.00114,1.00000,0.86960,89.966,-0.016,6
172.5160,1.02410,0.88676,-0.00114,1.00000,0.87710,89.966,-0.016,6
172.5660,1.02410,0.89426,-0.00114,1.00000,0.88460,89.966,-0.016,6
172.6160,1.02409,0.90176,-0.00114,1.00000,0.89210,89.966,-0.016,6
172.6660,1.02408,0.90926,-0.00114,1.00000,0.89960,89.966,-0.016,6
172.7160,1.02406,0.91676,-0.00114,1.00000,0.90710,89.966,-0.016,6
172.7660,1.02403,0.92426,-0.00114,1.00000,0.91460,89.966,-0.016,6
172.8160,1.02400,0.93175,-0.00114,1.00000,0.92210,89.966,-0.016,6
172.8660,1.02398,0.93924,-0.00114,1.00000,0.92960,89.966,-0.016,6
172.9160,1.02394,0.94674,-0.00114,1.00000,0.93710,89.966,-0.016,6
172.9660,1.02390,0.95422,-0.00114,1.00000,0.94460,89.966,-0.016,6
173.0160,1.02385,0.96171,-0.00114,1.00000,0.95210,89.966,-0.016,6
173.0660,1.02381,0.96920,-0.00114,1.00000,0.95960,89.966,-0.016,6
173.1160,1.02377,0.97669,-0.00114,1.00000,0.96710,89.966,-0.016,6
173.1660,1.02375,0.98419,-0.00114,1.00000,0.97460,89.966,-0.016,6
173.2160,1.02373,0.99168,-0.00114,1.00000,0.98210,89.965,-0.016,6
173.2660,1.02372,0.99918,-0.00114,1.00000,0.98960,89.965,-0.016,6
173.3160,1.02371,1.00668,-0.00114,1.00000,0.99710,89.965,-0.016,6
173.3660,1.02366,1.01412,-0.00114,0.99540,1.00000,90.050,-0.015,6
173.4160,1.02297,1.02069,-0.00114,0.98790,1.00000,91.567,0.002,6
173.4660,1.02146,1.02627,-0.00113,0.98040,1.00000,94.624,0.004,6
173.5160,1.01919,1.03101,-0.00113,0.97290,1.00000,98.138,-0.003,6
173.5660,1.01624,1.03502,-0.00113,0.96540,1.00000,101.640,-0.009,6
173.6160,1.01267,1.03841,-0.00113,0.95790,1.00000,105.062,-0.013,6
173.6660,1.00851,1.04128,-0.00112,0.95040,1.00000,108.412,-0.016,6
173.7160,1.00380,1.04370,-0.00112,0.94290,1.00000,111.700,-0.018,6
173.7660,0.99858,1.04577,-0.00112,0.93540,1.00000,114.938,-0.020,6
173.8160,0.99284,1.04752,-0.00112,0.92790,1.00000,118.134,-0.021,6
173.8660,0.98663,1.04902,-0.00112,0.92040,1.00000,121.294,-0.023,6
173.9160,0.97997,1.05031,-0.00112,0.91290,1.00000,124.424,-0.024,6
173.9660,0.97288,1.05142,-0.00112,0.90540,1.00000,127.528,-0.025,6
174.0160,0.96539,1.05237,-0.00112,0.89790,1.00000,130.610,-0.026,6
174.0660,0.95750,1.05315,-0.00112,0.89040,1.00000,133.675,-0.028,6
174.1160,0.94925,1.05378,-0.00112,0.88290,1.00000,136.724,-0.029,6
174.1660,0.94066,1.05425,-0.00112,0.87540,1.00000,139.761,-0.031,6
174.2160,0.93175,1.05455,-0.00112,0.86790,1.00000,142.787,-0.033,6
174.2660,0.92255,1.05467,-0.00112,0.86040,1.00000,145.806,-0.035,6
174.3160,0.91311,1.05459,-0.00111,0.85290,1.00000,148.819,-0.037,6
174.3660,0.90346,1.05431,-0.00111,0.84540,1.00000,151.827,-0.039,6
174.4160,0.89363,1.05380,-0.00111,0.83790,1.00000,154.833,-0.041,6
174.4660,0.88366,1.05306,-0.00111,0.83040,1.00000,157.838,-0.043,6
174.5160,0.87359,1.05208,-0.00111,0.82290,1.00000,160.844,-0.045,6
174.5660,0.86347,1.05085,-0.00111,0.81540,1.00000,163.853,-0.047,6
174.6160,0.85334,1.04938,-0.00111,0.80790,1.00000,166.864,-0.049,6
174.6660,0.84324,1.04767,-0.00111,0.80040,1.00000,169.880,-0.051,6
174.7160,0.83322,1.04572,-0.00111,0.79290,1.00000,172.898,-0.053,6
174.7660,0.82329,1.04353,-0.00110,0.78540,1.00000,175.876,-0.054,6
174.8160,0.81351,1.04114,-0.00110,0.77790,1.00000,178.453,-0.056,6
174.8660,0.80396,1.03864,-0.00110,0.77040,1.00000,179.377,-0.057,6
174.9160,0.79468,1.03620,-0.00110,0.76290,1.00000,179.469,-0.058,6
174.9660,0.78568,1.03387,-0.00110,0.75540,1.00000,179.488,-0.059,6
175.0160,0.77692,1.03166,-0.00110,0.74790,1.00000,179.527,-0.060,6
175.0660,0.76837,1.02957,-0.00110,0.74040,1.00000,179.565,-0.060,6
175.1160,0.76002,1.02760,-0.00110,0.73290,1.00000,179.596,-0.060,6
175.1660,0.75184,1.02575,-0.00110,0.72540,1.00000,179.622,-0.060,6
175.2160,0.74381,1.02402,-0.00110,0.71790,1.00000,179.643,-0.060,6
175.2660,0.73593,1.02242,-0.00110,0.71040,1.00000,179.661,-0.060,6
175.3160,0.72815,1.02093,-0.00110,0.70290,1.00000,179.677,-0.060,6
175.3660,0.72048,1.01954,-0.00110,0.69540,1.00000,179.689,-0.059,6
175.4160,0.71288,1.01826,-0.00110,0.68790,1.00000,179.700,-0.059,6
175.4660,0.70535,1.01708,-0.00110,0.68040,1.00000,179.710,-0.059,6
175.5160,0.69788,1.01600,-0.00110,0.67290,1.00000,179.718,-0.058,6
175.5660,0.69046,1.01500,-0.00110,0.66540,1.00000,179.725,-0.058,6
175.6160,0.68307,1.01409,-0.00110,0.65790,1.00000,179.731,-0.057,6
175.6660,0.67572,1.01327,-0.00111,0.65040,1.00000,179.737,-0.057,6
175.7160,0.66839,1.01253,-0.00111,0.64290,1.00000,179.742,-0.057,6
175.7660,0.66108,1.01185,-0.00111,0.63540,1.00000,179.746,-0.056,6
175.8160,0.65378,1.01124,-0.00111,0.62790,1.00000,179.750,-0.056,6
175.8660,0.64648,1.01069,-0.00111,0.62040,1.00000,179.753,-0.056,6
175.9160,0.63918,1.01021,-0.00111,0.61290,1.00000,179.756,-0.055,6
175.9660,0.63190,1.00978,-0.00111,0.60540,1.00000,179.759,-0.055,6
176.0160,0.62462,1.00941,-0.00111,0.59790,1.00000,179.762,-0.055,6
176.0660,0.61734,1.00910,-0.00112,0.59040,1.00000,179.764,-0.055,6
176.1160,0.61007,1.00883,-0.00112,0.58290,1.00000,179.766,-0.054,6
176.1660,0.60279,1.00860,-0.00112,0.57540,1.00000,179.768,-0.054,6
176.2160,0.59551,1.00841,-0.00112,0.56790,1.00000,179.769,-0.054,6
176.2660,0.58821,1.00825,-0.00112,0.56040,1.00000,179.771,-0.054,6
176.3160,0.58090,1.00812,-0.00112,0.55290,1.00000,179.772,-0.054,6
176.3660,0.57357,1.00801,-0.00112,0.54540,1.00000,179.773,-0.054,6
176.4160,0.56624,1.00793,-0.00112,0.53790,1.00000,179.775,-0.054,6
176.4660,0.55890,1.00788,-0.00112,0.53040,1.00000,179.776,-0.054,6
176.5160,0.55157,1.00786,-0.00112,0.52290,1.00000,179.777,-0.054,6
176.5660,0.54423,1.00785,-0.00113,0.51540,1.00000,179.777,-0.054,6
176.6160,0.53688,1.00785,-0.00113,0.50790,1.00000,179.778,-0.054,6
176.6660,0.52952,1.00788,-0.00113,0.50040,1.00000,179.779,-0.054,6
176.7160,0.52215,1.00791,-0.00113,0.49290,1.00000,179.779,-0.054,6
176.7660,0.51477,1.00795,-0.00113,0.48540,1.00000,179.780,-0.054,6
176.8160,0.50739,1.00800,-0.00113,0.47790,1.00000,179.780,-0.054,6
176.8660,0.50000,1.00806,-0.00113,0.47040,1.00000,179.781,-0.054,6
176.9160,0.49261,1.00814,-0.00113,0.46290,1.00000,179.781,-0.054,6
176.9660,0.48521,1.00821,-0.00113,0.45540,1.00000,179.781,-0.054,6
177.0160,0.47781,1.00829,-0.00113,0.44790,1.00000,179.781,-0.054,6
177.0660,0.47040,1.00837,-0.00113,0.44040,1.00000,179.781,-0.054,6
177.1160,0.46298,1.00844,-0.00113,0.43290,1.00000,179.782,-0.054,6
177.1660,0.45555,1.00852,-0.00113,0.42540,1.00000,179.782,-0.054,6
177.2160,0.44811,1.00860,-0.00113,0.41790,1.00000,179.782,-0.054,6
177.2660,0.44067,1.00867,-0.00113,0.41040,1.00000,179.782,-0.054,6
177.3160,0.43322,1.00874,-0.00113,0.40290,1.00000,179.782,-0.054,6
177.3660,0.42576,1.00881,-0.00113,0.39540,1.00000,179.782,-0.054,6
177.4160,0.41828,1.00886,-0.00113,0.38790,1.00000,179.783,-0.054,6
177.4660,0.41080,1.00891,-0.00113,0.38040,1.00000,179.783,-0.054,6
177.5160,0.40332,1.00897,-0.00113,0.37290,1.00000,179.783,-0.054,6
177.5660,0.39584,1.00902,-0.00113,0.36540,1.00000,179.783,-0.054,6
177.6160,0.38834,1.00906,-0.00113,0.35790,1.00000,179.784,-0.054,6
177.6660,0.38083,1.00909,-0.00113,0.35040,1.00000,179.784,-0.054,6
177.7160,0.37333,1.00913,-0.00113,0.34290,1.00000,179.784,-0.054,6
177.7660,0.36582,1.00916,-0.00113,0.33540,1.00000,179.784,-0.054,6
177.8160,0.35831,1.00920,-0.00113,0.32790,1.00000,179.785,-0.054,6
177.8660,0.35080,1.00923,-0.00113,0.32040,1.00000,179.785,-0.054,6
177.9160,0.34329,1.00926,-0.00113,0.31290,1.00000,179.785,-0.054,6
177.9660,0.33578,1.00929,-0.00113,0.30540,1.00000,179.785,-0.054,6
178.0160,0.32828,1.00932,-0.00113,0.29790,1.00000,179.785,-0.054,6
178.0660,0.32078,1.00935,-0.00113,0.29040,1.00000,179.785,-0.054,6
178.1160,0.31328,1.00938,-0.00113,0.28290,1.00000,179.785,-0.055,6
178.1660,0.30577,1.00941,-0.00113,0.27540,1.00000,179.785,-0.055,6
178.2160,0.29827,1.00943,-0.00113,0.26790,1.00000,179.785,-0.055,6
178.2660,0.29076,1.00945,-0.00113,0.26040,1.00000,179.785,-0.055,6
178.3160,0.28326,1.00948,-0.00113,0.25290,1.00000,179.785,-0.055,6
178.3660,0.27575,1.00950,-0.00113,0.24540,1.00000,179.785,-0.055,6
178.4160,0.26826,1.00952,-0.00113,0.23790,1.00000,179.785,-0.055,6
178.4660,0.26076,1.00954,-0.00113,0.23040,1.00000,179.785,-0.055,6
178.5160,0.25326,1.00956,-0.00113,0.22290,1.00000,179.785,-0.055,6
178.5660,0.24575,1.00957,-0.00113,0.21540,1.00000,179.785,-0.055,6
178.6160,0.23824,1.00957,-0.00113,0.20790,1.00000,179.785,-0.055,6
178.6660,0.23072,1.00957,-0.00113,0.20040,1.00000,179.785,-0.055,6
178.7160,0.22321,1.00958,-0.00113,0.19290,1.00000,179.785,-0.055,6
178.7660,0.21570,1.00958,-0.00113,0.18540,1.00000,179.785,-0.055,6
178.8160,0.20818,1.00957,-0.00113,0.17790,1.00000,179.785,-0.055,6
178.8660,0.20066,1.00957,-0.00113,0.17040,1.00000,179.786,-0.055,6
178.9160,0.19314,1.00957,-0.00113,0.16290,1.00000,179.786,-0.055,6
178.9660,0.18563,1.00956,-0.00113,0.15540,1.00000,179.786,-0.055,6
179.0160,0.17811,1.00956,-0.00113,0.14790,1.00000,179.786,-0.054,6
179.0660,0.17059,1.00955,-0.00113,0.14040,1.00000,179.786,-0.054,6
179.1160,0.16307,1.00954,-0.00113,0.13290,1.00000,179.786,-0.054,6
179.1660,0.15554,1.00953,-0.00113,0.12540,1.00000,179.787,-0.054,6
179.2160,0.14802,1.00952,-0.00113,0.11790,1.00000,179.787,-0.054,6
179.2660,0.14050,1.00952,-0.00113,0.11040,1.00000,179.787,-0.054,6
179.3160,0.13299,1.00951,-0.00113,0.10290,1.00000,179.787,-0.054,6
179.3660,0.12548,1.00951,-0.00113,0.09540,1.00000,179.787,-0.054,6
179.4160,0.11797,1.00951,-0.00113,0.08790,1.00000,179.787,-0.054,6
179.4660,0.11047,1.00951,-0.00113,0.08040,1.00000,179.787,-0.054,6
179.5160,0.10296,1.00952,-0.00113,0.07290,1.00000,179.787,-0.054,6
179.5660,0.09545,1.00951,-0.00113,0.06540,1.00000,179.787,-0.054,6
179.6160,0.08795,1.00951,-0.00113,0.05790,1.00000,179.787,-0.054,6
179.6660,0.08044,1.00951,-0.00113,0.05040,1.00000,179.787,-0.054,6
179.7160,0.07294,1.00951,-0.00113,0.04290,1.00000,179.787,-0.054,6
179.7660,0.06544,1.00952,-0.00113,0.03540,1.00000,179.787,-0.054,6
179.8160,0.05796,1.00953,-0.00113,0.02790,1.00000,179.787,-0.054,6
179.8660,0.05047,1.00955,-0.00113,0.02040,1.00000,179.787,-0.054,6
179.9160,0.04298,1.00956,-0.00113,0.01290,1.00000,179.787,-0.054,6
179.9660,0.03549,1.00956,-0.00113,0.00540,1.00000,179.787,-0.054,6
180.0160,0.02805,1.00951,-0.00113,0.00000,0.99790,179.870,-0.053,6
180.0660,0.02152,1.00876,-0.00113,0.00000,0.99040,-178.634,-0.035,6
180.1160,0.01637,1.00600,-0.00113,0.00000,0.98290,-175.635,0.001,6
180.1660,0.01204,1.00220,-0.00112,0.00000,0.97540,-172.276,-0.012,6
180.2160,0.00839,0.99773,-0.00111,0.00000,0.96790,-168.905,-0.026,6
180.2660,0.00539,0.99265,-0.00111,0.00000,0.96040,-165.582,-0.031,6
180.3160,0.00296,0.98703,-0.00110,0.00000,0.95290,-162.316,-0.035,6
180.3660,0.00104,0.98093,-0.00109,0.00000,0.94540,-159.094,-0.037,6
180.4160,-0.00044,0.97439,-0.00109,0.00000,0.93790,-155.908,-0.039,6
180.4660,-0.00153,0.96745,-0.00108,0.00000,0.93040,-152.751,-0.041,6
180.5160,-0.00226,0.96017,-0.00108,0.00000,0.92290,-149.619,-0.042,6
180.5660,-0.00266,0.95259,-0.00107,0.00000,0.91540,-146.507,-0.043,6
180.6160,-0.00277,0.94474,-0.00107,0.00000,0.90790,-143.410,-0.043,6
180.6660,-0.00263,0.93665,-0.00107,0.00000,0.90040,-140.326,-0.044,6
180.7160,-0.00226,0.92837,-0.00107,0.00000,0.89290,-137.252,-0.044,6
180.7660,-0.00168,0.91992,-0.00107,0.00000,0.88540,-134.186,-0.045,6
180.8160,-0.00091,0.91135,-0.00107,0.00000,0.87790,-131.126,-0.045,6
180.8660,0.00004,0.90267,-0.00107,0.00000,0.87040,-128.070,-0.046,6
180.9160,0.00114,0.89393,-0.00107,0.00000,0.86290,-125.015,-0.046,6
180.9660,0.00237,0.88515,-0.00107,0.00000,0.85540,-121.962,-0.046,6
181.0160,0.00372,0.87636,-0.00107,0.00000,0.84790,-118.908,-0.047,6
181.0660,0.00517,0.86759,-0.00107,0.00000,0.84040,-115.853,-0.047,6
181.1160,0.00672,0.85886,-0.00107,0.00000,0.83290,-112.793,-0.047,6
181.1660,0.00833,0.85019,-0.00107,0.00000,0.82540,-109.729,-0.047,6
181.2160,0.01000,0.84160,-0.00107,0.00000,0.81790,-106.659,-0.047,6
181.2660,0.01172,0.83311,-0.00107,0.00000,0.81040,-103.580,-0.047,6
181.3160,0.01347,0.82473,-0.00107,0.00000,0.80290,-100.491,-0.047,6
181.3660,0.01525,0.81646,-0.00108,0.00000,0.79540,-97.393,-0.046,6
181.4160,0.01704,0.80832,-0.00108,0.00000,0.78790,-94.326,-0.046,6
181.4660,0.01884,0.80030,-0.00108,0.00000,0.78040,-91.648,-0.045,6
181.5160,0.02056,0.79236,-0.00108,0.00000,0.77290,-90.551,-0.045,6
181.5660,0.02212,0.78442,-0.00109,0.00000,0.76540,-90.347,-0.045,6
181.6160,0.02350,0.77649,-0.00109,0.00000,0.75790,-90.267,-0.045,6
181.6660,0.02469,0.76857,-0.00109,0.00000,0.75040,-90.180,-0.045,6
181.7160,0.02570,0.76066,-0.00109,0.00000,0.74290,-90.102,-0.044,6
181.7660,0.02657,0.75276,-0.00110,0.00000,0.73540,-90.038,-0.044,6
181.8160,0.02730,0.74488,-0.00110,0.00000,0.72790,-89.985,-0.044,6
181.8660,0.02790,0.73701,-0.00110,0.00000,0.72040,-89.941,-0.044,6
181.9160,0.02840,0.72916,-0.00110,0.00000,0.71290,-89.905,-0.043,6
181.9660,0.02879,0.72133,-0.00110,0.00000,0.70540,-89.874,-0.043,6
182.0160,0.02908,0.71351,-0.00111,0.00000,0.69790,-89.849,-0.043,6
182.0660,0.02929,0.70571,-0.00111,0.00000,0.69040,-89.828,-0.043,6
182.1160,0.02943,0.69794,-0.00111,0.00000,0.68290,-89.811,-0.043,6
182.1660,0.02952,0.69018,-0.00111,0.00000,0.67540,-89.797,-0.043,6
182.2160,0.02955,0.68243,-0.00111,0.00000,0.66790,-89.784,-0.042,6
182.2660,0.02953,0.67471,-0.00111,0.00000,0.66040,-89.774,-0.042,6
182.3160,0.02946,0.66700,-0.00112,0.00000,0.65290,-89.766,-0.042,6
182.3660,0.02935,0.65930,-0.00112,0.00000,0.64540,-89.759,-0.042,6
182.4160,0.02921,0.65162,-0.00112,0.00000,0.63790,-89.753,-0.042,6
182.4660,0.02904,0.64395,-0.00112,0.00000,0.63040,-89.748,-0.042,6
182.5160,0.02885,0.63630,-0.00112,0.00000,0.62290,-89.744,-0.042,6
182.5660,0.02865,0.62866,-0.00112,0.00000,0.61540,-89.741,-0.042,6
182.6160,0.02845,0.62104,-0.00112,0.00000,0.60790,-89.738,-0.042,6
182.6660,0.02824,0.61343,-0.00112,0.00000,0.60040,-89.735,-0.041,6
182.7160,0.02803,0.60583,-0.00112,0.00000,0.59290,-89.733,-0.041,6
182.7660,0.02782,0.59825,-0.00112,0.00000,0.58540,-89.731,-0.041,6
182.8160,0.02760,0.59067,-0.00112,0.00000,0.57790,-89.729,-0.041,6
182.8660,0.02739,0.58311,-0.00113,0.00000,0.57040,-89.728,-0.041,6
182.9160,0.02719,0.57555,-0.00113,0.00000,0.56290,-89.726,-0.041,6
182.9660,0.02699,0.56800,-0.00113,0.00000,0.55540,-89.725,-0.041,6
183.0160,0.02680,0.56046,-0.00113,0.00000,0.54790,-89.724,-0.041,6
183.0660,0.02661,0.55293,-0.00113,0.00000,0.54040,-89.723,-0.041,6
183.1160,0.02642,0.54540,-0.00113,0.00000,0.53290,-89.722,-0.041,6
183.1660,0.02625,0.53788,-0.00113,0.00000,0.52540,-89.722,-0.041,6
183.2160,0.02608,0.53036,-0.00113,0.00000,0.51790,-89.721,-0.041,6
183.2660,0.02591,0.52284,-0.00113,0.00000,0.51040,-89.721,-0.041,6
183.3160,0.02576,0.51533,-0.00113,0.00000,0.50290,-89.720,-0.041,6
183.3660,0.02560,0.50782,-0.00113,0.00000,0.49540,-89.720,-0.040,6
183.4160,0.02544,0.50031,-0.00113,0.00000,0.48790,-89.719,-0.040,6
183.4660,0.02530,0.49281,-0.00113,0.00000,0.48040,-89.719,-0.040,6
183.5160,0.02516,0.48530,-0.00113,0.00000,0.47290,-89.719,-0.040,6
183.5660,0.02504,0.47780,-0.00113,0.00000,0.46540,-89.719,-0.040,6
183.6160,0.02493,0.47030,-0.00113,0.00000,0.45790,-89.719,-0.040,6
183.6660,0.02483,0.46281,-0.00113,0.00000,0.45040,-89.718,-0.040,6
183.7160,0.02475,0.45532,-0.00113,0.00000,0.44290,-89.718,-0.040,6
183.7660,0.02465,0.44782,-0.00113,0.00000,0.43540,-89.718,-0.040,6
183.8160,0.02456,0.44032,-0.00113,0.00000,0.42790,-89.718,-0.040,6
183.8660,0.02448,0.43283,-0.00113,0.00000,0.42040,-89.718,-0.040,6
183.9160,0.02442,0.42534,-0.00113,0.00000,0.41290,-89.718,-0.040,6
183.9660,0.02437,0.41785,-0.00113,0.00000,0.40540,-89.717,-0.040,6
184.0160,0.02432,0.41036,-0.00113,0.00000,0.39790,-89.717,-0.040,6
184.0660,0.02427,0.40287,-0.00113,0.00000,0.39040,-89.717,-0.040,6
184.1160,0.02422,0.39538,-0.00113,0.00000,0.38290,-89.717,-0.040,6
184.1660,0.02417,0.38788,-0.00113,0.00000,0.37540,-89.717,-0.040,6
184.2160,0.02411,0.38038,-0.00113,0.00000,0.36790,-89.717,-0.040,6
184.2660,0.02407,0.37289,-0.00113,0.00000,0.36040,-89.717,-0.040,6
184.3160,0.02403,0.36539,-0.00113,0.00000,0.35290,-89.717,-0.040,6
184.3660,0.02399,0.35790,-0.00113,0.00000,0.34540,-89.717,-0.040,6
184.4160,0.02394,0.35039,-0.00113,0.00000,0.33790,-89.717,-0.040,6
184.4660,0.02388,0.34289,-0.00113,0.00000,0.33040,-89.717,-0.040,6
184.5160,0.02383,0.33538,-0.00113,0.00000,0.32290,-89.717,-0.040,6
184.5660,0.02377,0.32787,-0.00113,0.00000,0.31540,-89.718,-0.040,6
184.6160,0.02372,0.32037,-0.00113,0.00000,0.30790,-89.718,-0.040,6
184.6660,0.02367,0.31286,-0.00113,0.00000,0.30040,-89.718,-0.040,6
184.7160,0.02362,0.30535,-0.00113,0.00000,0.29290,-89.719,-0.040,6
184.7660,0.02358,0.29784,-0.00113,0.00000,0.28540,-89.719,-0.040,6
184.8160,0.02355,0.29034,-0.00113,0.00000,0.27790,-89.719,-0.040,6
184.8660,0.02352,0.28283,-0.00113,0.00000,0.27040,-89.719,-0.040,6
184.9160,0.02350,0.27533,-0.00113,0.00000,0.26290,-89.719,-0.040,6
184.9660,0.02349,0.26783,-0.00113,0.00000,0.25540,-89.719,-0.040,6
185.0160,0.02347,0.26032,-0.00113,0.00000,0.24790,-89.719,-0.040,6
185.0660,0.02346,0.25282,-0.00113,0.00000,0.24040,-89.719,-0.040,6
185.1160,0.02344,0.24532,-0.00113,0.00000,0.23290,-89.720,-0.040,6
185.1660,0.02342,0.23781,-0.00113,0.00000,0.22540,-89.720,-0.040,6
185.2160,0.02340,0.23031,-0.00113,0.00000,0.21790,-89.720,-0.040,6
185.2660,0.02339,0.22280,-0.00113,0.00000,0.21040,-89.720,-0.040,6
185.3160,0.02339,0.21530,-0.00113,0.00000,0.20290,-89.720,-0.040,6
185.3660,0.02338,0.20780,-0.00113,0.00000,0.19540,-89.720,-0.040,6
185.4160,0.02335,0.20029,-0.00113,0.00000,0.18790,-89.720,-0.040,6
185.4660,0.02333,0.19278,-0.00113,0.00000,0.18040,-89.721,-0.040,6
185.5160,0.02331,0.18527,-0.00113,0.00000,0.17290,-89.721,-0.040,6
185.5660,0.02328,0.17776,-0.00113,0.00000,0.16540,-89.721,-0.040,6
185.6160,0.02326,0.17025,-0.00113,0.00000,0.15790,-89.721,-0.040,6
185.6660,0.02324,0.16274,-0.00113,0.00000,0.15040,-89.722,-0.040,6
185.7160,0.02322,0.15524,-0.00113,0.00000,0.14290,-89.722,-0.040,6
185.7660,0.02320,0.14773,-0.00113,0.00000,0.13540,-89.722,-0.040,6
185.8160,0.02318,0.14022,-0.00113,0.00000,0.12790,-89.722,-0.040,6
185.8660,0.02317,0.13271,-0.00113,0.00000,0.12040,-89.722,-0.040,6
185.9160,0.02316,0.12521,-0.00113,0.00000,0.11290,-89.723,-0.040,6
185.9660,0.02315,0.11770,-0.00113,0.00000,0.10540,-89.723,-0.040,6
186.0160,0.02313,0.11019,-0.00113,0.00000,0.09790,-89.723,-0.040,6
186.0660,0.02311,0.10268,-0.00113,0.00000,0.09040,-89.723,-0.040,6
186.1160,0.02308,0.09517,-0.00113,0.00000,0.08290,-89.723,-0.040,6
186.1660,0.02306,0.08766,-0.00113,0.00000,0.07540,-89.724,-0.040,6
186.2160,0.02305,0.08016,-0.00113,0.00000,0.06790,-89.724,-0.040,6
186.2660,0.02306,0.07266,-0.00113,0.00000,0.06040,-89.724,-0.040,6
186.3160,0.02307,0.06516,-0.00113,0.00000,0.05290,-89.724,-0.040,6
186.3660,0.02310,0.05766,-0.00113,0.00000,0.04540,-89.724,-0.040,6
186.4160,0.02311,0.05017,-0.00113,0.00000,0.03790,-89.724,-0.040,6
186.4660,0.02313,0.04267,-0.00113,0.00000,0.03040,-89.724,-0.040,6
186.5160,0.02313,0.03517,-0.00113,0.00000,0.02290,-89.724,-0.040,6
186.5660,0.02314,0.02767,-0.00113,0.00000,0.01540,-89.724,-0.040,6
186.6160,0.02317,0.02018,-0.00113,0.00000,0.00790,-89.723,-0.040,6
186.6660,0.02320,0.01268,-0.00113,0.00000,0.00040,-89.723,-0.040,6
186.7160,0.02327,0.00526,-0.00113,0.00710,0.00000,-89.636,-0.039,7
186.7660,0.02399,-0.00117,-0.00113,0.01460,0.00000,-88.066,-0.022,7
186.8160,0.02562,-0.00632,-0.00113,0.02210,0.00000,-84.883,-0.018,7
186.8660,0.02812,-0.01029,-0.00113,0.02960,0.00000,-81.249,-0.024,7
186.9160,0.03135,-0.01324,-0.00112,0.03710,0.00000,-77.656,-0.028,7
186.9660,0.03522,-0.01534,-0.00112,0.04460,0.00000,-74.166,-0.031,7
187.0160,0.03964,-0.01672,-0.00112,0.05210,0.00000,-70.765,-0.031,7
187.0660,0.04455,-0.01752,-0.00112,0.05960,0.00000,-67.437,-0.031,7
187.1160,0.04990,-0.01786,-0.00112,0.06710,0.00000,-64.167,-0.030,7
187.1660,0.05564,-0.01783,-0.00112,0.07460,0.00000,-60.945,-0.029,7
187.2160,0.06173,-0.01751,-0.00112,0.08210,0.00000,-57.762,-0.027,7
187.2660,0.06815,-0.01698,-0.00113,0.08960,0.00000,-54.611,-0.025,7
187.3160,0.07487,-0.01629,-0.00113,0.09710,0.00000,-51.486,-0.023,7
187.3660,0.08188,-0.01549,-0.00113,0.10460,0.00000,-48.383,-0.022,7
187.4160,0.08913,-0.01464,-0.00113,0.11210,0.00000,-45.299,-0.020,7
187.4660,0.09663,-0.01374,-0.00113,0.11960,0.00000,-42.230,-0.018,7
187.5160,0.10435,-0.01282,-0.00113,0.12710,0.00000,-39.174,-0.017,7
187.5660,0.11229,-0.01191,-0.00113,0.13460,0.00000,-36.130,-0.016,7
187.6160,0.12040,-0.01101,-0.00113,0.14210,0.00000,-33.096,-0.015,7
187.6660,0.12869,-0.01014,-0.00113,0.14960,0.00000,-30.071,-0.014,7
187.7160,0.13711,-0.00930,-0.00113,0.15710,0.00000,-27.054,-0.014,7
187.7660,0.14566,-0.00850,-0.00113,0.16460,0.00000,-24.045,-0.013,7
187.8160,0.15432,-0.00773,-0.00113,0.17210,0.00000,-21.042,-0.013,7
187.8660,0.16306,-0.00699,-0.00113,0.17960,0.00000,-18.046,-0.013,7
187.9160,0.17189,-0.00627,-0.00113,0.18710,0.00000,-15.056,-0.013,7
187.9660,0.18077,-0.00557,-0.00113,0.19460,0.00000,-12.072,-0.012,7
188.0160,0.18970,-0.00489,-0.00113,0.20210,0.00000,-9.096,-0.012,7
188.0660,0.19866,-0.00420,-0.00113,0.20960,0.00000,-6.132,-0.012,7
188.1160,0.20764,-0.00352,-0.00114,0.21710,0.00000,-3.223,-0.012,7
188.1660,0.21662,-0.00285,-0.00114,0.22460,0.00000,-0.737,-0.012,7
188.2160,0.22561,-0.00217,-0.00114,0.23210,0.00000,0.148,-0.012,7
188.2660,0.23464,-0.00149,-0.00114,0.23960,0.00000,0.178,-0.012,7
188.3160,0.24369,-0.00082,-0.00114,0.24710,0.00000,0.123,-0.012,7
188.3660,0.25272,-0.00016,-0.00114,0.25460,0.00000,0.099,-0.012,7
188.4160,0.26174,0.00049,-0.00114,0.26210,0.00000,0.083,-0.012,7
188.4660,0.27071,0.00111,-0.00114,0.26960,0.00000,0.070,-0.011,7
188.5160,0.27963,0.00170,-0.00114,0.27710,0.00000,0.059,-0.011,7
188.5660,0.28850,0.00227,-0.00114,0.28460,0.00000,0.050,-0.011,7
188.6160,0.29732,0.00282,-0.00114,0.29210,0.00000,0.041,-0.011,7
188.6660,0.30606,0.00335,-0.00114,0.29960,0.00000,0.034,-0.011,7
188.7160,0.31473,0.00385,-0.00114,0.30710,0.00000,0.027,-0.011,7
188.7660,0.32333,0.00432,-0.00114,0.31460,0.00000,0.022,-0.011,7
188.8160,0.33185,0.00477,-0.00114,0.32210,0.00000,0.017,-0.011,7
188.8660,0.34031,0.00520,-0.00114,0.32960,0.00000,0.012,-0.011,7
188.9160,0.34869,0.00561,-0.00114,0.33710,0.00000,0.008,-0.010,7
188.9660,0.35699,0.00599,-0.00114,0.34460,0.00000,0.004,-0.010,7
189.0160,0.36523,0.00636,-0.00114,0.35210,0.00000,0.000,-0.010,7
189.0660,0.37340,0.00670,-0.00114,0.35960,0.00000,-0.003,-0.010,7
189.1160,0.38149,0.00700,-0.00114,0.36710,0.00000,-0.006,-0.010,7
189.1660,0.38950,0.00728,-0.00114,0.37460,0.00000,-0.009,-0.009,7
189.2160,0.39745,0.00753,-0.00114,0.38210,0.00000,-0.012,-0.009,7
189.2660,0.40534,0.00776,-0.00114,0.38960,0.00000,-0.014,-0.009,7
189.3160,0.41318,0.00798,-0.00114,0.39710,0.00000,-0.016,-0.009,7
189.3660,0.42096,0.00818,-0.00114,0.40460,0.00000,-0.018,-0.008,7
189.4160,0.42871,0.00836,-0.00114,0.41210,0.00000,-0.020,-0.008,7
189.4660,0.43640,0.00853,-0.00114,0.41960,0.00000,-0.022,-0.008,7
189.5160,0.44406,0.00867,-0.00114,0.42710,0.00000,-0.024,-0.008,7
189.5660,0.45166,0.00879,-0.00114,0.43460,0.00000,-0.025,-0.007,7
189.6160,0.45924,0.00890,-0.00114,0.44210,0.00000,-0.027,-0.007,7
189.6660,0.46679,0.00900,-0.00114,0.44960,0.00000,-0.028,-0.007,7
189.7160,0.47431,0.00908,-0.00114,0.45710,0.00000,-0.029,-0.007,7
189.7660,0.48181,0.00915,-0.00114,0.46460,0.00000,-0.030,-0.007,7
189.8160,0.48930,0.00922,-0.00114,0.47210,0.00000,-0.031,-0.006,7
189.8660,0.49677,0.00928,-0.00114,0.47960,0.00000,-0.032,-0.006,7
189.9160,0.50423,0.00933,-0.00114,0.48710,0.00000,-0.033,-0.006,7
189.9660,0.51168,0.00938,-0.00114,0.49460,0.00000,-0.034,-0.006,7
190.0160,0.51912,0.00942,-0.00114,0.50210,0.00000,-0.035,-0.006,7
190.0660,0.52657,0.00946,-0.00114,0.50960,0.00000,-0.035,-0.005,7
190.1160,0.53400,0.00949,-0.00114,0.51710,0.00000,-0.036,-0.005,7
190.1660,0.54143,0.00952,-0.00114,0.52460,0.00000,-0.037,-0.005,7
190.2160,0.54886,0.00954,-0.00114,0.53210,0.00000,-0.037,-0.005,7
190.2660,0.55629,0.00956,-0.00114,0.53960,0.00000,-0.038,-0.005,7
190.3160,0.56371,0.00957,-0.00114,0.54710,0.00000,-0.038,-0.005,7
190.3660,0.57114,0.00958,-0.00114,0.55460,0.00000,-0.038,-0.005,7
190.4160,0.57856,0.00958,-0.00114,0.56210,0.00000,-0.039,-0.005,7
190.4660,0.58598,0.00958,-0.00114,0.56960,0.00000,-0.039,-0.005,7
190.5160,0.59340,0.00958,-0.00114,0.57710,0.00000,-0.039,-0.005,7
190.5660,0.60082,0.00956,-0.00114,0.58460,0.00000,-0.039,-0.005,7
190.6160,0.60824,0.00955,-0.00114,0.59210,0.00000,-0.040,-0.005,7
190.6660,0.61566,0.00953,-0.00114,0.59960,0.00000,-0.040,-0.005,7
190.7160,0.62308,0.00950,-0.00114,0.60710,0.00000,-0.040,-0.005,7
190.7660,0.63050,0.00948,-0.00114,0.61460,0.00000,-0.040,-0.005,7
190.8160,0.63793,0.00946,-0.00114,0.62210,0.00000,-0.040,-0.005,7
190.8660,0.64536,0.00943,-0.00114,0.62960,0.00000,-0.039,-0.004,7
190.9160,0.65279,0.00940,-0.00114,0.63710,0.00000,-0.039,-0.005,7
190.9660,0.66024,0.00938,-0.00114,0.64460,0.00000,-0.039,-0.005,7
191.0160,0.66769,0.00936,-0.00114,0.65210,0.00000,-0.039,-0.004,7
191.0660,0.67516,0.00934,-0.00114,0.65960,0.00000,-0.039,-0.004,7
191.1160,0.68262,0.00933,-0.00114,0.66710,0.00000,-0.039,-0.004,7
191.1660,0.69010,0.00931,-0.00114,0.67460,0.00000,-0.039,-0.004,7
191.2160,0.69757,0.00930,-0.00114,0.68210,0.00000,-0.039,-0.004,7
191.2660,0.70505,0.00928,-0.00114,0.68960,0.00000,-0.039,-0.004,7
191.3160,0.71253,0.00927,-0.00114,0.69710,0.00000,-0.039,-0.005,7
191.3660,0.72001,0.00925,-0.00114,0.70460,0.00000,-0.039,-0.005,7
191.4160,0.72749,0.00924,-0.00114,0.71210,0.00000,-0.038,-0.005,7
191.4660,0.73498,0.00922,-0.00114,0.71960,0.00000,-0.038,-0.005,7
191.5160,0.74247,0.00921,-0.00114,0.72710,0.00000,-0.038,-0.005,7
191.5660,0.74996,0.00920,-0.00114,0.73460,0.00000,-0.038,-0.005,7
191.6160,0.75745,0.00918,-0.00114,0.74210,0.00000,-0.038,-0.005,7
191.6660,0.76494,0.00916,-0.00114,0.74960,0.00000,-0.038,-0.005,7
191.7160,0.77242,0.00915,-0.00114,0.75710,0.00000,-0.038,-0.005,7
191.7660,0.77991,0.00913,-0.00114,0.76460,0.00000,-0.038,-0.005,7
191.8160,0.78740,0.00911,-0.00114,0.77210,0.00000,-0.038,-0.005,7
191.8660,0.79489,0.00910,-0.00114,0.77960,0.00000,-0.037,-0.005,7
191.9160,0.80239,0.00908,-0.00114,0.78710,0.00000,-0.037,-0.005,7
191.9660,0.80988,0.00907,-0.00114,0.79460,0.00000,-0.037,-0.005,7
192.0160,0.81738,0.00906,-0.00114,0.80210,0.00000,-0.037,-0.005,7
192.0660,0.82487,0.00905,-0.00114,0.80960,0.00000,-0.037,-0.005,7
192.1160,0.83237,0.00903,-0.00114,0.81710,0.00000,-0.037,-0.005,7
192.1660,0.83987,0.00902,-0.00114,0.82460,0.00000,-0.037,-0.005,7
192.2160,0.84736,0.00901,-0.00114,0.83210,0.00000,-0.037,-0.005,7
192.2660,0.85486,0.00900,-0.00114,0.83960,0.00000,-0.037,-0.005,7
192.3160,0.86236,0.00899,-0.00114,0.84710,0.00000,-0.036,-0.005,7
192.3660,0.86986,0.00898,-0.00114,0.85460,0.00000,-0.036,-0.005,7
192.4160,0.87736,0.00897,-0.00114,0.86210,0.00000,-0.036,-0.005,7
192.4660,0.88486,0.00897,-0.00114,0.86960,0.00000,-0.036,-0.005,7
192.5160,0.89236,0.00896,-0.00114,0.87710,0.00000,-0.036,-0.005,7
192.5660,0.89986,0.00896,-0.00114,0.88460,0.00000,-0.036,-0.005,7
192.6160,0.90736,0.00895,-0.00114,0.89210,0.00000,-0.036,-0.005,7
192.6660,0.91486,0.00894,-0.00114,0.89960,0.00000,-0.036,-0.005,7
192.7160,0.92236,0.00893,-0.00114,0.90710,0.00000,-0.036,-0.005,7
192.7660,0.92985,0.00893,-0.00114,0.91460,0.00000,-0.036,-0.005,7
192.8160,0.93735,0.00892,-0.00114,0.92210,0.00000,-0.036,-0.005,7
192.8660,0.94485,0.00892,-0.00114,0.92960,0.00000,-0.036,-0.005,7
192.9160,0.95235,0.00891,-0.00114,0.93710,0.00000,-0.035,-0.005,7
192.9660,0.95985,0.00891,-0.00114,0.94460,0.00000,-0.035,-0.005,7
193.0160,0.96735,0.00891,-0.00114,0.95210,0.00000,-0.035,-0.005,7
193.0660,0.97486,0.00891,-0.00114,0.95960,0.00000,-0.035,-0.005,7
193.1160,0.98237,0.00891,-0.00114,0.96710,0.00000,-0.035,-0.005,7
193.1660,0.98987,0.00891,-0.00114,0.97460,0.00000,-0.035,-0.005,7
193.2160,0.99738,0.00892,-0.00114,0.98210,0.00000,-0.035,-0.005,7
193.2660,1.00489,0.00892,-0.00114,0.98960,0.00000,-0.035,-0.005,7
193.3160,1.01240,0.00893,-0.00114,0.99710,0.00000,-0.035,-0.005,7
193.3660,1.01984,0.00898,-0.00114,1.00000,0.00460,0.050,-0.004,7
193.4160,1.02635,0.00966,-0.00114,1.00000,0.01210,1.575,0.013,7
193.4660,1.03166,0.01114,-0.00114,1.00000,0.01960,4.634,0.016,7
193.5160,1.03587,0.01329,-0.00114,1.00000,0.02710,8.146,0.009,7
193.5660,1.03915,0.01603,-0.00113,1.00000,0.03460,11.643,0.004,7
193.6160,1.04166,0.01930,-0.00113,1.00000,0.04210,15.064,0.001,7
193.6660,1.04354,0.02306,-0.00113,1.00000,0.04960,18.417,-0.001,7
193.7160,1.04493,0.02727,-0.00113,1.00000,0.05710,21.715,-0.002,7
193.7660,1.04595,0.03193,-0.00113,1.00000,0.06460,24.968,-0.003,7
193.8160,1.04668,0.03702,-0.00113,1.00000,0.07210,28.184,-0.003,7
193.8660,1.04719,0.04250,-0.00112,1.00000,0.07960,31.369,-0.002,7
193.9160,1.04757,0.04838,-0.00112,1.00000,0.08710,34.528,-0.002,7
193.9660,1.04785,0.05465,-0.00112,1.00000,0.09460,37.664,-0.001,7
194.0160,1.04807,0.06129,-0.00112,1.00000,0.10210,40.781,-0.001,7
194.0660,1.04828,0.06830,-0.00112,1.00000,0.10960,43.880,-0.001,7
194.1160,1.04847,0.07566,-0.00112,1.00000,0.11710,46.964,-0.001,7
194.1660,1.04865,0.08336,-0.00112,1.00000,0.12460,50.034,-0.001,7
194.2160,1.04884,0.09140,-0.00112,1.00000,0.13210,53.093,-0.002,7
194.2660,1.04904,0.09976,-0.00112,1.00000,0.13960,56.140,-0.003,7
194.3160,1.04924,0.10843,-0.00112,1.00000,0.14710,59.178,-0.004,7
194.3660,1.04943,0.11739,-0.00112,1.00000,0.15460,62.209,-0.005,7
194.4160,1.04960,0.12664,-0.00113,1.00000,0.16210,65.232,-0.006,7
194.4660,1.04974,0.13615,-0.00113,1.00000,0.16960,68.251,-0.008,7
194.5160,1.04983,0.14590,-0.00113,1.00000,0.17710,71.265,-0.010,7
194.5660,1.04986,0.15586,-0.00113,1.00000,0.18460,74.277,-0.011,7
194.6160,1.04978,0.16601,-0.00113,1.00000,0.19210,77.287,-0.013,7
194.6660,1.04958,0.17630,-0.00113,1.00000,0.19960,80.297,-0.015,7
194.7160,1.04924,0.18671,-0.00113,1.00000,0.20710,83.304,-0.017,7
194.7660,1.04875,0.19720,-0.00113,1.00000,0.21460,86.267,-0.018,7
194.8160,1.04808,0.20772,-0.00113,1.00000,0.22210,88.823,-0.020,7
194.8660,1.04728,0.21815,-0.00113,1.00000,0.22960,89.752,-0.021,7
194.9160,1.04640,0.22842,-0.00113,1.00000,0.23710,89.834,-0.022,7
194.9660,1.04547,0.23848,-0.00113,1.00000,0.24460,89.830,-0.023,7
195.0160,1.04451,0.24835,-0.00113,1.00000,0.25210,89.849,-0.024,7
195.0660,1.04350,0.25802,-0.00113,1.00000,0.25960,89.870,-0.024,7
195.1160,1.04248,0.26751,-0.00113,1.00000,0.26710,89.887,-0.025,7
195.1660,1.04144,0.27681,-0.00113,1.00000,0.27460,89.901,-0.025,7
195.2160,1.04040,0.28593,-0.00113,1.00000,0.28210,89.912,-0.025,7
195.2660,1.03938,0.29489,-0.00113,1.00000,0.28960,89.922,-0.025,7
195.3160,1.03837,0.30368,-0.00113,1.00000,0.29710,89.930,-0.025,7
195.3660,1.03739,0.31233,-0.00113,1.00000,0.30460,89.936,-0.025,7
195.4160,1.03644,0.32083,-0.00113,1.00000,0.31210,89.941,-0.024,7
195.4660,1.03551,0.32920,-0.00113,1.00000,0.31960,89.946,-0.024,7
195.5160,1.03461,0.33745,-0.00113,1.00000,0.32710,89.950,-0.024,7
195.5660,1.03373,0.34557,-0.00113,1.00000,0.33460,89.953,-0.023,7
195.6160,1.03288,0.35359,-0.00113,1.00000,0.34210,89.956,-0.023,7
195.6660,1.03208,0.36152,-0.00113,1.00000,0.34960,89.958,-0.023,7
195.7160,1.03131,0.36935,-0.00113,1.00000,0.35710,89.960,-0.022,7
195.7660,1.03058,0.37711,-0.00113,1.00000,0.36460,89.962,-0.022,7
195.8160,1.02989,0.38480,-0.00113,1.00000,0.37210,89.963,-0.021,7
195.8660,1.02924,0.39243,-0.00113,1.00000,0.37960,89.965,-0.021,7
195.9160,1.02862,0.40000,-0.00113,1.00000,0.38710,89.966,-0.020,7
195.9660,1.02804,0.40752,-0.00113,1.00000,0.39460,89.966,-0.020,7
196.0160,1.02751,0.41501,-0.00113,1.00000,0.40210,89.967,-0.020,7
196.0660,1.02702,0.42246,-0.00113,1.00000,0.40960,89.968,-0.019,7
196.1160,1.02656,0.42988,-0.00113,1.00000,0.41710,89.968,-0.019,7
196.1660,1.02613,0.43727,-0.00113,1.00000,0.42460,89.968,-0.019,7
196.2160,1.02573,0.44465,-0.00113,1.00000,0.43210,89.969,-0.018,7
196.2660,1.02539,0.45201,-0.00113,1.00000,0.43960,89.969,-0.018,7
196.3160,1.02508,0.45936,-0.00113,1.00000,0.44710,89.969,-0.018,7
196.3660,1.02479,0.46671,-0.00113,1.00000,0.45460,89.969,-0.017,7
196.4160,1.02454,0.47404,-0.00113,1.00000,0.46210,89.969,-0.017,7
196.4660,1.02431,0.48138,-0.00113,1.00000,0.46960,89.969,-0.017,7
196.5160,1.02410,0.48871,-0.00113,1.00000,0.47710,89.969,-0.017,7
196.5660,1.02390,0.49604,-0.00113,1.00000,0.48460,89.969,-0.017,7
196.6160,1.02373,0.50338,-0.00113,1.00000,0.49210,89.968,-0.017,7
196.6660,1.02358,0.51072,-0.00113,1.00000,0.49960,89.968,-0.016,7
196.7160,1.02343,0.51806,-0.00113,1.00000,0.50710,89.968,-0.016,7
196.7660,1.02332,0.52541,-0.00113,1.00000,0.51460,89.968,-0.016,7
196.8160,1.02321,0.53276,-0.00113,1.00000,0.52210,89.967,-0.016,7
196.8660,1.02310,0.54012,-0.00113,1.00000,0.52960,89.967,-0.016,7
196.9160,1.02301,0.54749,-0.00113,1.00000,0.53710,89.967,-0.016,7
196.9660,1.02292,0.55486,-0.00113,1.00000,0.54460,89.966,-0.016,7
197.0160,1.02284,0.56225,-0.00113,1.00000,0.55210,89.966,-0.016,7
197.0660,1.02277,0.56963,-0.00113,1.00000,0.55960,89.966,-0.016,7
197.1160,1.02272,0.57703,-0.00113,1.00000,0.56710,89.965,-0.016,7
197.1660,1.02266,0.58444,-0.00113,1.00000,0.57460,89.965,-0.016,7
197.2160,1.02262,0.59185,-0.00113,1.00000,0.58210,89.965,-0.016,7
197.2660,1.02258,0.59928,-0.00114,1.00000,0.58960,89.965,-0.016,7
197.3160,1.02255,0.60671,-0.00114,1.00000,0.59710,89.964,-0.016,7
197.3660,1.02254,0.61415,-0.00114,1.00000,0.60460,89.964,-0.016,7
197.4160,1.02254,0.62160,-0.00114,1.00000,0.61210,89.964,-0.016,7
197.4660,1.02254,0.62906,-0.00114,1.00000,0.61960,89.964,-0.016,7
197.5160,1.02255,0.63652,-0.00114,1.00000,0.62710,89.963,-0.016,7
197.5660,1.02256,0.64399,-0.00114,1.00000,0.63460,89.963,-0.016,7
197.6160,1.02258,0.65146,-0.00114,1.00000,0.64210,89.963,-0.016,7
197.6660,1.02260,0.65894,-0.00114,1.00000,0.64960,89.963,-0.016,7
197.7160,1.02264,0.66643,-0.00114,1.00000,0.65710,89.963,-0.016,7
197.7660,1.02268,0.67392,-0.00114,1.00000,0.66460,89.963,-0.016,7
197.8160,1.02270,0.68141,-0.00114,1.00000,0.67210,89.963,-0.016,7
197.8660,1.02271,0.68891,-0.00114,1.00000,0.67960,89.962,-0.016,7
197.9160,1.02273,0.69640,-0.00114,1.00000,0.68710,89.962,-0.016,7
197.9660,1.02275,0.70390,-0.00114,1.00000,0.69460,89.962,-0.016,7
198.0160,1.02277,0.71140,-0.00114,1.00000,0.70210,89.962,-0.016,7
198.0660,1.02278,0.71890,-0.00114,1.00000,0.70960,89.962,-0.016,7
198.1160,1.02279,0.72640,-0.00114,1.00000,0.71710,89.962,-0.016,7
198.1660,1.02283,0.73390,-0.00114,1.00000,0.72460,89.962,-0.016,7
198.2160,1.02286,0.74141,-0.00114,1.00000,0.73210,89.962,-0.016,7
198.2660,1.02290,0.74893,-0.00114,1.00000,0.73960,89.962,-0.016,7
198.3160,1.02294,0.75644,-0.00114,1.00000,0.74710,89.962,-0.016,7
198.3660,1.02298,0.76396,-0.00114,1.00000,0.75460,89.962,-0.016,7
198.4160,1.02302,0.77147,-0.00114,1.00000,0.76210,89.962,-0.016,7
198.4660,1.02307,0.77899,-0.00114,1.00000,0.76960,89.962,-0.016,7
198.5160,1.02312,0.78651,-0.00114,1.00000,0.77710,89.962,-0.016,7
198.5660,1.02316,0.79402,-0.00114,1.00000,0.78460,89.962,-0.016,7
198.6160,1.02320,0.80154,-0.00114,1.00000,0.79210,89.963,-0.016,7
198.6660,1.02323,0.80905,-0.00114,1.00000,0.79960,89.963,-0.016,7
198.7160,1.02328,0.81657,-0.00114,1.00000,0.80710,89.963,-0.016,7
198.7660,1.02333,0.82409,-0.00114,1.00000,0.81460,89.963,-0.016,7
198.8160,1.02336,0.83160,-0.00114,1.00000,0.82210,89.963,-0.016,7
198.8660,1.02338,0.83911,-0.00114,1.00000,0.82960,89.963,-0.016,7
198.9160,1.02341,0.84662,-0.00114,1.00000,0.83710,89.963,-0.016,7
198.9660,1.02343,0.85413,-0.00114,1.00000,0.84460,89.963,-0.016,7
199.0160,1.02345,0.86164,-0.00114,1.00000,0.85210,89.963,-0.016,7
199.0660,1.02347,0.86914,-0.00114,1.00000,0.85960,89.963,-0.016,7
199.1160,1.02349,0.87665,-0.00114,1.00000,0.86710,89.964,-0.016,7
199.1660,1.02351,0.88416,-0.00114,1.00000,0.87460,89.964,-0.016,7
199.2160,1.02353,0.89167,-0.00114,1.00000,0.88210,89.964,-0.016,7
199.2660,1.02355,0.89917,-0.00114,1.00000,0.88960,89.964,-0.016,7
199.3160,1.02357,0.90668,-0.00114,1.00000,0.89710,89.964,-0.016,7
199.3660,1.02358,0.91418,-0.00114,1.00000,0.90460,89.964,-0.016,7
199.4160,1.02359,0.92169,-0.00114,1.00000,0.91210,89.964,-0.016,7
199.4660,1.02360,0.92919,-0.00114,1.00000,0.91960,89.964,-0.016,7
199.5160,1.02362,0.93669,-0.00114,1.00000,0.92710,89.964,-0.016,7
199.5660,1.02363,0.94420,-0.00114,1.00000,0.93460,89.964,-0.016,7
199.6160,1.02364,0.95170,-0.00114,1.00000,0.94210,89.964,-0.016,7
199.6660,1.02365,0.95920,-0.00114,1.00000,0.94960,89.964,-0.016,7
199.7160,1.02368,0.96671,-0.00114,1.00000,0.95710,89.964,-0.016,7
199.7660,1.02370,0.97421,-0.00114,1.00000,0.96460,89.964,-0.016,7
199.8160,1.02372,0.98172,-0.00114,1.00000,0.97210,89.965,-0.016,7
199.8660,1.02374,0.98923,-0.00114,1.00000,0.97960,89.965,-0.016,7
199.9160,1.02376,0.99673,-0.00114,1.00000,0.98710,89.965,-0.016,7
199.9660,1.02378,1.00423,-0.00114,1.00000,0.99460,89.965,-0.016,7
200.0160,1.02374,1.01168,-0.00114,0.99790,1.00000,90.049,-0.015,7
200.0660,1.02308,1.01827,-0.00114,0.99040,1.00000,91.560,0.002,7
200.1160,1.02159,1.02389,-0.00113,0.98290,1.00000,94.506,0.004,7
200.1660,1.01937,1.02867,-0.00113,0.97540,1.00000,97.881,-0.003,7
200.2160,1.01647,1.03274,-0.00113,0.96790,1.00000,101.261,-0.008,7
200.2660,1.01294,1.03618,-0.00113,0.96040,1.00000,104.583,-0.012,7
200.3160,1.00885,1.03911,-0.00112,0.95290,1.00000,107.849,-0.015,7
200.3660,1.00422,1.04160,-0.00112,0.94540,1.00000,111.070,-0.018,7
200.4160,0.99910,1.04373,-0.00112,0.93790,1.00000,114.252,-0.019,7
200.4660,0.99349,1.04556,-0.00112,0.93040,1.00000,117.403,-0.021,7
200.5160,0.98741,1.04714,-0.00112,0.92290,1.00000,120.526,-0.022,7
200.5660,0.98089,1.04851,-0.00112,0.91540,1.00000,123.626,-0.023,7
200.6160,0.97396,1.04971,-0.00112,0.90790,1.00000,126.708,-0.025,7
200.6660,0.96662,1.05075,-0.00112,0.90040,1.00000,129.772,-0.026,7
200.7160,0.95889,1.05163,-0.00112,0.89290,1.00000,132.823,-0.027,7
200.7660,0.95079,1.05236,-0.00112,0.88540,1.00000,135.864,-0.029,7
200.8160,0.94233,1.05293,-0.00112,0.87790,1.00000,138.895,-0.030,7
200.8660,0.93356,1.05334,-0.00112,0.87040,1.00000,141.920,-0.032,7
200.9160,0.92451,1.05357,-0.00112,0.86290,1.00000,144.940,-0.034,7
200.9660,0.91519,1.05361,-0.00112,0.85540,1.00000,147.958,-0.036,7
201.0160,0.90563,1.05343,-0.00111,0.84790,1.00000,150.975,-0.038,7
201.0660,0.89588,1.05303,-0.00111,0.84040,1.00000,153.994,-0.040,7
201.1160,0.88598,1.05239,-0.00111,0.83290,1.00000,157.017,-0.042,7
201.1660,0.87598,1.05152,-0.00111,0.82540,1.00000,160.045,-0.045,7
201.2160,0.86592,1.05041,-0.00111,0.81790,1.00000,163.082,-0.047,7
201.2660,0.85584,1.04906,-0.00111,0.81040,1.00000,166.129,-0.049,7
201.3160,0.84579,1.04746,-0.00111,0.80290,1.00000,169.188,-0.051,7
201.3660,0.83580,1.04562,-0.00111,0.79540,1.00000,172.260,-0.052,7
201.4160,0.82590,1.04354,-0.00110,0.78790,1.00000,175.304,-0.054,7
201.4660,0.81615,1.04124,-0.00110,0.78040,1.00000,177.963,-0.055,7
201.5160,0.80661,1.03882,-0.00110,0.77290,1.00000,178.965,-0.057,7
201.5660,0.79736,1.03645,-0.00110,0.76540,1.00000,179.127,-0.058,7
201.6160,0.78838,1.03418,-0.00110,0.75790,1.00000,179.205,-0.059,7
201.6660,0.77965,1.03202,-0.00110,0.75040,1.00000,179.293,-0.060,7
201.7160,0.77113,1.02997,-0.00110,0.74290,1.00000,179.371,-0.060,7
201.7660,0.76280,1.02803,-0.00110,0.73540,1.00000,179.435,-0.060,7
201.8160,0.75464,1.02620,-0.00110,0.72790,1.00000,179.488,-0.060,7
201.8660,0.74662,1.02447,-0.00110,0.72040,1.00000,179.532,-0.060,7
201.9160,0.73872,1.02286,-0.00110,0.71290,1.00000,179.569,-0.060,7
201.9660,0.73093,1.02135,-0.00110,0.70540,1.00000,179.600,-0.060,7
202.0160,0.72324,1.01994,-0.00110,0.69790,1.00000,179.626,-0.059,7
202.0660,0.71562,1.01863,-0.00110,0.69040,1.00000,179.648,-0.059,7
202.1160,0.70808,1.01743,-0.00110,0.68290,1.00000,179.666,-0.059,7
202.1660,0.70060,1.01633,-0.00110,0.67540,1.00000,179.682,-0.058,7
202.2160,0.69318,1.01533,-0.00110,0.66790,1.00000,179.695,-0.058,7
202.2660,0.68580,1.01441,-0.00110,0.66040,1.00000,179.706,-0.057,7
202.3160,0.67845,1.01357,-0.00111,0.65290,1.00000,179.715,-0.057,7
202.3660,0.67114,1.01282,-0.00111,0.64540,1.00000,179.723,-0.057,7
202.4160,0.66385,1.01215,-0.00111,0.63790,1.00000,179.730,-0.056,7
202.4660,0.65657,1.01155,-0.00111,0.63040,1.00000,179.736,-0.056,7
202.5160,0.64930,1.01100,-0.00111,0.62290,1.00000,179.741,-0.056,7
202.5660,0.64204,1.01052,-0.00111,0.61540,1.00000,179.745,-0.056,7
202.6160,0.63476,1.01008,-0.00111,0.60790,1.00000,179.749,-0.055,7
202.6660,0.62749,1.00970,-0.00111,0.60040,1.00000,179.753,-0.055,7
202.7160,0.62021,1.00937,-0.00112,0.59290,1.00000,179.756,-0.055,7
202.7660,0.61293,1.00908,-0.00112,0.58540,1.00000,179.759,-0.055,7
202.8160,0.60564,1.00883,-0.00112,0.57790,1.00000,179.761,-0.055,7
202.8660,0.59835,1.00863,-0.00112,0.57040,1.00000,179.763,-0.054,7
202.9160,0.59105,1.00845,-0.00112,0.56290,1.00000,179.765,-0.054,7
202.9660,0.58375,1.00831,-0.00112,0.55540,1.00000,179.767,-0.054,7
203.0160,0.57642,1.00820,-0.00112,0.54790,1.00000,179.769,-0.054,7
203.0660,0.56909,1.00811,-0.00112,0.54040,1.00000,179.770,-0.054,7
203.1160,0.56174,1.00804,-0.00112,0.53290,1.00000,179.771,-0.054,7
203.1660,0.55439,1.00799,-0.00112,0.52540,1.00000,179.773,-0.054,7
203.2160,0.54704,1.00797,-0.00113,0.51790,1.00000,179.774,-0.054,7
203.2660,0.53967,1.00796,-0.00113,0.51040,1.00000,179.775,-0.054,7
203.3160,0.53229,1.00796,-0.00113,0.50290,1.00000,179.776,-0.054,7
203.3660,0.52490,1.00797,-0.00113,0.49540,1.00000,179.776,-0.054,7
203.4160,0.51750,1.00799,-0.00113,0.48790,1.00000,179.777,-0.054,7
203.4660,0.51009,1.00802,-0.00113,0.48040,1.00000,179.778,-0.054,7
203.5160,0.50267,1.00806,-0.00113,0.47290,1.00000,179.779,-0.054,7
203.5660,0.49523,1.00810,-0.00113,0.46540,1.00000,179.779,-0.054,7
203.6160,0.48779,1.00814,-0.00113,0.45790,1.00000,179.780,-0.054,7
203.6660,0.48033,1.00818,-0.00113,0.45040,1.00000,179.781,-0.054,7
203.7160,0.47286,1.00823,-0.00113,0.44290,1.00000,179.782,-0.054,7
203.7660,0.46539,1.00827,-0.00113,0.43540,1.00000,179.782,-0.054,7
203.8160,0.45791,1.00832,-0.00113,0.42790,1.00000,179.783,-0.054,7
203.8660,0.45044,1.00838,-0.00113,0.42040,1.00000,179.783,-0.054,7
203.9160,0.44296,1.00844,-0.00113,0.41290,1.00000,179.784,-0.054,7
203.9660,0.43548,1.00850,-0.00113,0.40540,1.00000,179.784,-0.054,7
204.0160,0.42800,1.00856,-0.00113,0.39790,1.00000,179.784,-0.054,7
204.0660,0.42051,1.00862,-0.00113,0.39040,1.00000,179.785,-0.054,7
204.1160,0.41301,1.00867,-0.00113,0.38290,1.00000,179.785,-0.054,7
204.1660,0.40551,1.00872,-0.00113,0.37540,1.00000,179.785,-0.054,7
204.2160,0.39802,1.00878,-0.00113,0.36790,1.00000,179.786,-0.054,7
204.2660,0.39054,1.00884,-0.00113,0.36040,1.00000,179.786,-0.054,7
204.3160,0.38304,1.00889,-0.00113,0.35290,1.00000,179.786,-0.054,7
204.3660,0.37554,1.00894,-0.00113,0.34540,1.00000,179.786,-0.054,7
204.4160,0.36804,1.00898,-0.00113,0.33790,1.00000,179.786,-0.054,7
204.4660,0.36053,1.00902,-0.00113,0.33040,1.00000,179.786,-0.054,7
204.5160,0.35303,1.00906,-0.00113,0.32290,1.00000,179.787,-0.054,7
204.5660,0.34552,1.00910,-0.00113,0.31540,1.00000,179.787,-0.054,7
204.6160,0.33801,1.00913,-0.00113,0.30790,1.00000,179.787,-0.054,7
204.6660,0.33051,1.00917,-0.00113,0.30040,1.00000,179.787,-0.054,7
204.7160,0.32300,1.00920,-0.00113,0.29290,1.00000,179.787,-0.054,7
204.7660,0.31549,1.00923,-0.00113,0.28540,1.00000,179.787,-0.054,7
204.8160,0.30797,1.00925,-0.00113,0.27790,1.00000,179.787,-0.054,7
204.8660,0.30046,1.00927,-0.00113,0.27040,1.00000,179.788,-0.054,7
204.9160,0.29294,1.00929,-0.00113,0.26290,1.00000,179.788,-0.054,7
204.9660,0.28544,1.00932,-0.00113,0.25540,1.00000,179.788,-0.054,7
205.0160,0.27794,1.00935,-0.00113,0.24790,1.00000,179.788,-0.054,7
205.0660,0.27045,1.00938,-0.00113,0.24040,1.00000,179.788,-0.054,7
205.1160,0.26296,1.00941,-0.00113,0.23290,1.00000,179.788,-0.054,7
205.1660,0.25547,1.00943,-0.00113,0.22540,1.00000,179.787,-0.054,7
205.2160,0.24797,1.00945,-0.00113,0.21790,1.00000,179.787,-0.054,7
205.2660,0.24048,1.00948,-0.00113,0.21040,1.00000,179.787,-0.054,7
205.3160,0.23299,1.00950,-0.00113,0.20290,1.00000,179.787,-0.054,7
205.3660,0.22549,1.00951,-0.00113,0.19540,1.00000,179.787,-0.054,7
205.4160,0.21799,1.00952,-0.00113,0.18790,1.00000,179.787,-0.054,7
205.4660,0.21049,1.00953,-0.00113,0.18040,1.00000,179.787,-0.054,7
205.5160,0.20299,1.00954,-0.00113,0.17290,1.00000,179.787,-0.054,7
205.5660,0.19548,1.00954,-0.00113,0.16540,1.00000,179.787,-0.054,7
205.6160,0.18797,1.00954,-0.00113,0.15790,1.00000,179.787,-0.054,7
205.6660,0.18045,1.00953,-0.00113,0.15040,1.00000,179.787,-0.054,7
205.7160,0.17295,1.00954,-0.00113,0.14290,1.00000,179.787,-0.054,7
205.7660,0.16545,1.00954,-0.00113,0.13540,1.00000,179.787,-0.054,7
205.8160,0.15795,1.00955,-0.00113,0.12790,1.00000,179.787,-0.054,7
205.8660,0.15045,1.00955,-0.00113,0.12040,1.00000,179.787,-0.054,7
205.9160,0.14294,1.00955,-0.00113,0.11290,1.00000,179.787,-0.054,7
205.9660,0.13543,1.00955,-0.00113,0.10540,1.00000,179.787,-0.054,7
206.0160,0.12792,1.00954,-0.00113,0.09790,1.00000,179.788,-0.054,7
206.0660,0.12042,1.00954,-0.00113,0.09040,1.00000,179.788,-0.054,7
206.1160,0.11292,1.00955,-0.00113,0.08290,1.00000,179.788,-0.054,7
206.1660,0.10544,1.00956,-0.00113,0.07540,1.00000,179.787,-0.054,7
206.2160,0.09796,1.00958,-0.00113,0.06790,1.00000,179.787,-0.054,7
206.2660,0.09047,1.00959,-0.00113,0.06040,1.00000,179.787,-0.054,7
206.3160,0.08298,1.00960,-0.00113,0.05290,1.00000,179.787,-0.054,7
206.3660,0.07548,1.00959,-0.00113,0.04540,1.00000,179.787,-0.054,7
206.4160,0.06798,1.00959,-0.00113,0.03790,1.00000,179.787,-0.054,7
206.4660,0.06048,1.00959,-0.00113,0.03040,1.00000,179.787,-0.054,7
206.5160,0.05298,1.00958,-0.00113,0.02290,1.00000,179.787,-0.054,7
206.5660,0.04548,1.00958,-0.00113,0.01540,1.00000,179.787,-0.054,7
206.6160,0.03798,1.00959,-0.00113,0.00790,1.00000,179.787,-0.054,7
206.6660,0.03048,1.00958,-0.00113,0.00040,1.00000,179.787,-0.054,7
206.7160,0.02305,1.00954,-0.00113,0.00000,0.99290,179.870,-0.053,7
206.7660,0.01655,1.00876,-0.00113,0.00000,0.98540,-178.626,-0.034,7
206.8160,0.01145,1.00603,-0.00113,0.00000,0.97790,-175.498,-0.001,7
206.8660,0.00720,1.00224,-0.00112,0.00000,0.97040,-171.881,-0.015,7
206.9160,0.00367,0.99772,-0.00111,0.00000,0.96290,-168.247,-0.028,7
206.9660,0.00080,0.99256,-0.00111,0.00000,0.95540,-164.703,-0.033,7
207.0160,-0.00149,0.98681,-0.00110,0.00000,0.94790,-161.255,-0.037,7
207.0660,-0.00326,0.98056,-0.00109,0.00000,0.94040,-157.883,-0.039,7
207.1160,-0.00457,0.97384,-0.00109,0.00000,0.93290,-154.575,-0.041,7
207.1660,-0.00546,0.96673,-0.00108,0.00000,0.92540,-151.318,-0.042,7
207.2160,-0.00598,0.95925,-0.00108,0.00000,0.91790,-148.105,-0.043,7
207.2660,-0.00618,0.95146,-0.00108,0.00000,0.91040,-144.928,-0.044,7
207.3160,-0.00610,0.94340,-0.00107,0.00000,0.90290,-141.779,-0.044,7
207.3660,-0.00576,0.93510,-0.00107,0.00000,0.89540,-138.655,-0.045,7
207.4160,-0.00519,0.92660,-0.00107,0.00000,0.88790,-135.551,-0.045,7
207.4660,-0.00441,0.91794,-0.00107,0.00000,0.88040,-132.463,-0.046,7
207.5160,-0.00346,0.90915,-0.00107,0.00000,0.87290,-129.390,-0.046,7
207.5660,-0.00233,0.90027,-0.00107,0.00000,0.86540,-126.328,-0.046,7
207.6160,-0.00105,0.89133,-0.00107,0.00000,0.85790,-123.275,-0.047,7
207.6660,0.00037,0.88237,-0.00107,0.00000,0.85040,-120.231,-0.047,7
207.7160,0.00192,0.87341,-0.00107,0.00000,0.84290,-117.194,-0.047,7
207.7660,0.00356,0.86448,-0.00107,0.00000,0.83540,-114.163,-0.047,7
207.8160,0.00528,0.85560,-0.00107,0.00000,0.82790,-111.138,-0.047,7
207.8660,0.00705,0.84679,-0.00107,0.00000,0.82040,-108.119,-0.048,7
207.9160,0.00888,0.83808,-0.00107,0.00000,0.81290,-105.106,-0.047,7
207.9660,0.01074,0.82947,-0.00107,0.00000,0.80540,-102.098,-0.047,7
208.0160,0.01262,0.82097,-0.00108,0.00000,0.79790,-99.098,-0.047,7
208.0660,0.01451,0.81260,-0.00108,0.00000,0.79040,-96.109,-0.047,7
208.1160,0.01639,0.80436,-0.00108,0.00000,0.78290,-93.177,-0.046,7
208.1660,0.01826,0.79625,-0.00108,0.00000,0.77540,-90.664,-0.046,7
208.2160,0.02004,0.78820,-0.00109,0.00000,0.76790,-89.726,-0.046,7
208.2660,0.02164,0.78016,-0.00109,0.00000,0.76040,-89.663,-0.046,7
208.3160,0.02304,0.77213,-0.00109,0.00000,0.75290,-89.703,-0.045,7
208.3660,0.02424,0.76411,-0.00109,0.00000,0.74540,-89.716,-0.045,7
208.4160,0.02527,0.75610,-0.00109,0.00000,0.73790,-89.720,-0.045,7
208.4660,0.02614,0.74811,-0.00110,0.00000,0.73040,-89.724,-0.044,7
208.5160,0.02688,0.74014,-0.00110,0.00000,0.72290,-89.726,-0.044,7
208.5660,0.02749,0.73219,-0.00110,0.00000,0.71540,-89.728,-0.044,7
208.6160,0.02798,0.72427,-0.00110,0.00000,0.70790,-89.730,-0.044,7
208.6660,0.02837,0.71637,-0.00110,0.00000,0.70040,-89.731,-0.043,7
208.7160,0.02866,0.70849,-0.00111,0.00000,0.69290,-89.731,-0.043,7
208.7660,0.02887,0.70064,-0.00111,0.00000,0.68540,-89.732,-0.043,7
208.8160,0.02904,0.69282,-0.00111,0.00000,0.67790,-89.732,-0.043,7
208.8660,0.02915,0.68503,-0.00111,0.00000,0.67040,-89.732,-0.043,7
208.9160,0.02921,0.67726,-0.00111,0.00000,0.66290,-89.731,-0.043,7
208.9660,0.02923,0.66952,-0.00111,0.00000,0.65540,-89.731,-0.043,7
209.0160,0.02921,0.66180,-0.00112,0.00000,0.64790,-89.730,-0.042,7
209.0660,0.02915,0.65410,-0.00112,0.00000,0.64040,-89.729,-0.042,7
209.1160,0.02905,0.64642,-0.00112,0.00000,0.63290,-89.728,-0.042,7
209.1660,0.02893,0.63875,-0.00112,0.00000,0.62540,-89.728,-0.042,7
209.2160,0.02878,0.63111,-0.00112,0.00000,0.61790,-89.727,-0.042,7
209.2660,0.02860,0.62347,-0.00112,0.00000,0.61040,-89.727,-0.042,7
209.3160,0.02841,0.61585,-0.00112,0.00000,0.60290,-89.726,-0.042,7
209.3660,0.02820,0.60824,-0.00112,0.00000,0.59540,-89.726,-0.042,7
209.4160,0.02799,0.60064,-0.00112,0.00000,0.58790,-89.725,-0.041,7
209.4660,0.02777,0.59306,-0.00112,0.00000,0.58040,-89.725,-0.041,7
209.5160,0.02757,0.58549,-0.00112,0.00000,0.57290,-89.724,-0.041,7
209.5660,0.02737,0.57793,-0.00113,0.00000,0.56540,-89.724,-0.041,7
209.6160,0.02717,0.57038,-0.00113,0.00000,0.55790,-89.723,-0.041,7
209.6660,0.02696,0.56284,-0.00113,0.00000,0.55040,-89.723,-0.041,7
209.7160,0.02676,0.55530,-0.00113,0.00000,0.54290,-89.723,-0.041,7
209.7660,0.02657,0.54778,-0.00113,0.00000,0.53540,-89.722,-0.041,7
209.8160,0.02638,0.54025,-0.00113,0.00000,0.52790,-89.722,-0.041,7
209.8660,0.02620,0.53274,-0.00113,0.00000,0.52040,-89.721,-0.041,7
209.9160,0.02602,0.52522,-0.00113,0.00000,0.51290,-89.721,-0.041,7
209.9660,0.02585,0.51771,-0.00113,0.00000,0.50540,-89.721,-0.041,7
210.0160,0.02568,0.51021,-0.00113,0.00000,0.49790,-89.721,-0.040,7
210.0660,0.02551,0.50270,-0.00113,0.00000,0.49040,-89.720,-0.040,7
210.1160,0.02533,0.49519,-0.00113,0.00000,0.48290,-89.720,-0.040,7
210.1660,0.02517,0.48768,-0.00113,0.00000,0.47540,-89.720,-0.040,7
210.2160,0.02500,0.48017,-0.00113,0.00000,0.46790,-89.721,-0.040,7
210.2660,0.02484,0.47266,-0.00113,0.00000,0.46040,-89.721,-0.040,7
210.3160,0.02467,0.46515,-0.00113,0.00000,0.45290,-89.721,-0.040,7
210.3660,0.02451,0.45764,-0.00113,0.00000,0.44540,-89.721,-0.040,7
210.4160,0.02436,0.45013,-0.00113,0.00000,0.43790,-89.722,-0.040,7
210.4660,0.02423,0.44263,-0.00113,0.00000,0.43040,-89.722,-0.040,7
210.5160,0.02411,0.43512,-0.00113,0.00000,0.42290,-89.722,-0.040,7
210.5660,0.02401,0.42762,-0.00113,0.00000,0.41540,-89.722,-0.040,7
210.6160,0.02391,0.42012,-0.00113,0.00000,0.40790,-89.722,-0.040,7
210.6660,0.02382,0.41262,-0.00113,0.00000,0.40040,-89.722,-0.040,7
210.7160,0.02374,0.40512,-0.00113,0.00000,0.39290,-89.722,-0.040,7
210.7660,0.02367,0.39763,-0.00113,0.00000,0.38540,-89.722,-0.040,7
210.8160,0.02361,0.39013,-0.00113,0.00000,0.37790,-89.722,-0.040,7
210.8660,0.02357,0.38264,-0.00113,0.00000,0.37040,-89.722,-0.040,7
210.9160,0.02353,0.37515,-0.00113,0.00000,0.36290,-89.722,-0.040,7
210.9660,0.02351,0.36766,-0.00113,0.00000,0.35540,-89.722,-0.040,7
211.0160,0.02348,0.36017,-0.00113,0.00000,0.34790,-89.722,-0.040,7
211.0660,0.02345,0.35267,-0.00113,0.00000,0.34040,-89.722,-0.040,7
211.1160,0.02343,0.34518,-0.00113,0.00000,0.33290,-89.722,-0.040,7
211.1660,0.02340,0.33769,-0.00113,0.00000,0.32540,-89.722,-0.040,7
211.2160,0.02338,0.33019,-0.00113,0.00000,0.31790,-89.722,-0.040,7
211.2660,0.02338,0.32270,-0.00113,0.00000,0.31040,-89.722,-0.040,7
211.3160,0.02337,0.31521,-0.00113,0.00000,0.30290,-89.722,-0.040,7
211.3660,0.02337,0.30772,-0.00113,0.00000,0.29540,-89.721,-0.040,7
211.4160,0.02336,0.30022,-0.00113,0.00000,0.28790,-89.721,-0.040,7
211.4660,0.02337,0.29273,-0.00113,0.00000,0.28040,-89.721,-0.040,7
211.5160,0.02337,0.28524,-0.00113,0.00000,0.27290,-89.721,-0.040,7
211.5660,0.02337,0.27775,-0.00113,0.00000,0.26540,-89.721,-0.040,7
211.6160,0.02337,0.27025,-0.00113,0.00000,0.25790,-89.721,-0.040,7
211.6660,0.02337,0.26275,-0.00113,0.00000,0.25040,-89.721,-0.040,7
211.7160,0.02336,0.25526,-0.00113,0.00000,0.24290,-89.721,-0.040,7
211.7660,0.02336,0.24776,-0.00113,0.00000,0.23540,-89.721,-0.040,7
211.8160,0.02335,0.24026,-0.00113,0.00000,0.22790,-89.721,-0.040,7
211.8660,0.02335,0.23276,-0.00113,0.00000,0.22040,-89.721,-0.040,7
211.9160,0.02335,0.22526,-0.00113,0.00000,0.21290,-89.721,-0.040,7
211.9660,0.02334,0.21776,-0.00113,0.00000,0.20540,-89.722,-0.040,7
212.0160,0.02334,0.21026,-0.00113,0.00000,0.19790,-89.722,-0.040,7
212.0660,0.02335,0.20276,-0.00113,0.00000,0.19040,-89.722,-0.040,7
212.1160,0.02334,0.19526,-0.00113,0.00000,0.18290,-89.722,-0.040,7
212.1660,0.02334,0.18776,-0.00113,0.00000,0.17540,-89.722,-0.040,7
212.2160,0.02333,0.18026,-0.00113,0.00000,0.16790,-89.722,-0.040,7
212.2660,0.02331,0.17275,-0.00113,0.00000,0.16040,-89.722,-0.040,7
212.3160,0.02329,0.16525,-0.00113,0.00000,0.15290,-89.722,-0.040,7
212.3660,0.02328,0.15774,-0.00113,0.00000,0.14540,-89.722,-0.040,7
212.4160,0.02327,0.15024,-0.00113,0.00000,0.13790,-89.722,-0.040,7
212.4660,0.02326,0.14273,-0.00113,0.00000,0.13040,-89.723,-0.040,7
212.5160,0.02326,0.13523,-0.00113,0.00000,0.12290,-89.723,-0.040,7
212.5660,0.02326,0.12773,-0.00113,0.00000,0.11540,-89.723,-0.040,7
212.6160,0.02328,0.12023,-0.00113,0.00000,0.10790,-89.723,-0.040,7
212.6660,0.02330,0.11274,-0.00113,0.00000,0.10040,-89.722,-0.040,7
212.7160,0.02331,0.10524,-0.00113,0.00000,0.09290,-89.722,-0.040,7
212.7660,0.02333,0.09775,-0.00113,0.00000,0.08540,-89.722,-0.040,7
212.8160,0.02335,0.09025,-0.00113,0.00000,0.07790,-89.722,-0.040,7
212.8660,0.02337,0.08276,-0.00113,0.00000,0.07040,-89.722,-0.040,7
212.9160,0.02338,0.07526,-0.00113,0.00000,0.06290,-89.722,-0.040,7
212.9660,0.02340,0.06776,-0.00113,0.00000,0.05540,-89.722,-0.040,7
213.0160,0.02341,0.06027,-0.00113,0.00000,0.04790,-89.722,-0.040,7
213.0660,0.02342,0.05277,-0.00113,0.00000,0.04040,-89.722,-0.040,7
213.1160,0.02341,0.04527,-0.00113,0.00000,0.03290,-89.722,-0.040,7
213.1660,0.02341,0.03777,-0.00113,0.00000,0.02540,-89.722,-0.040,7
213.2160,0.02341,0.03027,-0.00113,0.00000,0.01790,-89.722,-0.040,7
213.2660,0.02340,0.02276,-0.00113,0.00000,0.01040,-89.722,-0.040,7
213.3160,0.02339,0.01526,-0.00113,0.00000,0.00290,-89.722,-0.040,7
213.3660,0.02345,0.00783,-0.00113,0.00460,0.00000,-89.634,-0.039,8
213.4160,0.02412,0.00137,-0.00113,0.01210,0.00000,-88.071,-0.022,8
213.4660,0.02571,-0.00384,-0.00113,0.01960,0.00000,-85.000,-0.018,8
213.5160,0.02814,-0.00789,-0.00113,0.02710,0.00000,-81.504,-0.024,8
213.5660,0.03132,-0.01094,-0.00112,0.03460,0.00000,-78.033,-0.028,8
213.6160,0.03515,-0.01314,-0.00112,0.04210,0.00000,-74.643,-0.030,8
213.6660,0.03952,-0.01463,-0.00112,0.04960,0.00000,-71.325,-0.031,8
213.7160,0.04437,-0.01555,-0.00112,0.05710,0.00000,-68.065,-0.031,8
213.7660,0.04966,-0.01599,-0.00112,0.06460,0.00000,-64.851,-0.030,8
213.8160,0.05534,-0.01606,-0.00112,0.07210,0.00000,-61.675,-0.029,8
213.8660,0.06138,-0.01584,-0.00112,0.07960,0.00000,-58.529,-0.027,8
213.9160,0.06773,-0.01540,-0.00113,0.08710,0.00000,-55.408,-0.025,8
213.9660,0.07439,-0.01480,-0.00113,0.09460,0.00000,-52.307,-0.023,8
214.0160,0.08132,-0.01407,-0.00113,0.10210,0.00000,-49.222,-0.022,8
214.0660,0.08850,-0.01328,-0.00113,0.10960,0.00000,-46.152,-0.020,8
214.1160,0.09592,-0.01245,-0.00113,0.11710,0.00000,-43.092,-0.018,8
214.1660,0.10354,-0.01160,-0.00113,0.12460,0.00000,-40.043,-0.017,8
214.2160,0.11137,-0.01075,-0.00113,0.13210,0.00000,-37.001,-0.016,8
214.2660,0.11937,-0.00992,-0.00113,0.13960,0.00000,-33.966,-0.015,8
214.3160,0.12753,-0.00911,-0.00113,0.14710,0.00000,-30.936,-0.014,8
214.3660,0.13583,-0.00834,-0.00113,0.15460,0.00000,-27.911,-0.014,8
214.4160,0.14426,-0.00759,-0.00113,0.16210,0.00000,-24.888,-0.013,8
214.4660,0.15279,-0.00689,-0.00113,0.16960,0.00000,-21.868,-0.013,8
214.5160,0.16141,-0.00621,-0.00113,0.17710,0.00000,-18.849,-0.013,8
214.5660,0.17011,-0.00557,-0.00113,0.18460,0.00000,-15.830,-0.012,8
214.6160,0.17888,-0.00493,-0.00113,0.19210,0.00000,-12.811,-0.012,8
214.6660,0.18769,-0.00431,-0.00113,0.19960,0.00000,-9.791,-0.012,8
214.7160,0.19655,-0.00369,-0.00114,0.20710,0.00000,-6.771,-0.012,8
214.7660,0.20543,-0.00306,-0.00114,0.21460,0.00000,-3.796,-0.012,8
214.8160,0.21433,-0.00243,-0.00114,0.22210,0.00000,-1.227,-0.012,8
214.8660,0.22324,-0.00181,-0.00114,0.22960,0.00000,-0.263,-0.012,8
214.9160,0.23219,-0.00118,-0.00114,0.23710,0.00000,-0.161,-0.012,8
214.9660,0.24117,-0.00056,-0.00114,0.24460,0.00000,-0.157,-0.012,8
215.0160,0.25015,0.00006,-0.00114,0.25210,0.00000,-0.132,-0.011,8
215.0660,0.25911,0.00066,-0.00114,0.25960,0.00000,-0.107,-0.011,8
215.1160,0.26805,0.00125,-0.00114,0.26710,0.00000,-0.086,-0.011,8
215.1660,0.27695,0.00182,-0.00114,0.27460,0.00000,-0.070,-0.011,8
215.2160,0.28579,0.00237,-0.00114,0.28210,0.00000,-0.057,-0.011,8
215.2660,0.29458,0.00289,-0.00114,0.28960,0.00000,-0.047,-0.011,8
215.3160,0.30330,0.00339,-0.00114,0.29710,0.00000,-0.039,-0.011,8
215.3660,0.31197,0.00387,-0.00114,0.30460,0.00000,-0.032,-0.011,8
215.4160,0.32057,0.00433,-0.00114,0.31210,0.00000,-0.028,-0.011,8
215.4660,0.32910,0.00477,-0.00114,0.31960,0.00000,-0.024,-0.011,8
215.5160,0.33754,0.00518,-0.00114,0.32710,0.00000,-0.022,-0.010,8
215.5660,0.34590,0.00556,-0.00114,0.33460,0.00000,-0.020,-0.010,8
215.6160,0.35419,0.00591,-0.00114,0.34210,0.00000,-0.019,-0.010,8
215.6660,0.36241,0.00624,-0.00114,0.34960,0.00000,-0.018,-0.010,8
215.7160,0.37056,0.00656,-0.00114,0.35710,0.00000,-0.018,-0.010,8
215.7660,0.37864,0.00685,-0.00114,0.36460,0.00000,-0.018,-0.010,8
215.8160,0.38666,0.00711,-0.00114,0.37210,0.00000,-0.019,-0.009,8
215.8660,0.39462,0.00736,-0.00114,0.37960,0.00000,-0.020,-0.009,8
215.9160,0.40251,0.00758,-0.00114,0.38710,0.00000,-0.020,-0.009,8
215.9660,0.41035,0.00778,-0.00114,0.39460,0.00000,-0.021,-0.009,8
216.0160,0.41814,0.00797,-0.00114,0.40210,0.00000,-0.022,-0.008,8
216.0660,0.42588,0.00814,-0.00114,0.40960,0.00000,-0.023,-0.008,8
216.1160,0.43358,0.00829,-0.00114,0.41710,0.00000,-0.024,-0.008,8
216.1660,0.44124,0.00844,-0.00114,0.42460,0.00000,-0.025,-0.008,8
216.2160,0.44888,0.00857,-0.00114,0.43210,0.00000,-0.026,-0.007,8
216.2660,0.45647,0.00868,-0.00114,0.43960,0.00000,-0.027,-0.007,8
216.3160,0.46405,0.00879,-0.00114,0.44710,0.00000,-0.028,-0.007,8
216.3660,0.47159,0.00889,-0.00114,0.45460,0.00000,-0.029,-0.007,8
216.4160,0.47912,0.00897,-0.00114,0.46210,0.00000,-0.030,-0.007,8
216.4660,0.48662,0.00905,-0.00114,0.46960,0.00000,-0.031,-0.006,8
216.5160,0.49411,0.00911,-0.00114,0.47710,0.00000,-0.032,-0.006,8
216.5660,0.50158,0.00916,-0.00114,0.48460,0.00000,-0.033,-0.006,8
216.6160,0.50903,0.00921,-0.00114,0.49210,0.00000,-0.033,-0.006,8
216.6660,0.51648,0.00925,-0.00114,0.49960,0.00000,-0.034,-0.006,8
216.7160,0.52391,0.00928,-0.00114,0.50710,0.00000,-0.034,-0.006,8
216.7660,0.53135,0.00931,-0.00114,0.51460,0.00000,-0.035,-0.006,8
216.8160,0.53877,0.00933,-0.00114,0.52210,0.00000,-0.035,-0.005,8
216.8660,0.54619,0.00934,-0.00114,0.52960,0.00000,-0.036,-0.005,8
216.9160,0.55361,0.00935,-0.00114,0.53710,0.00000,-0.036,-0.005,8
216.9660,0.56102,0.00935,-0.00114,0.54460,0.00000,-0.036,-0.005,8
217.0160,0.56842,0.00934,-0.00114,0.55210,0.00000,-0.037,-0.005,8
217.0660,0.57583,0.00933,-0.00114,0.55960,0.00000,-0.037,-0.005,8
217.1160,0.58323,0.00932,-0.00114,0.56710,0.00000,-0.037,-0.005,8
217.1660,0.59065,0.00931,-0.00114,0.57460,0.00000,-0.037,-0.005,8
217.2160,0.59808,0.00931,-0.00114,0.58210,0.00000,-0.037,-0.005,8
217.2660,0.60552,0.00931,-0.00114,0.58960,0.00000,-0.037,-0.005,8
217.3160,0.61296,0.00930,-0.00114,0.59710,0.00000,-0.037,-0.005,8
217.3660,0.62040,0.00930,-0.00114,0.60460,0.00000,-0.037,-0.005,8
217.4160,0.62785,0.00929,-0.00114,0.61210,0.00000,-0.037,-0.005,8
217.4660,0.63530,0.00929,-0.00114,0.61960,0.00000,-0.037,-0.005,8
217.5160,0.64276,0.00928,-0.00114,0.62710,0.00000,-0.037,-0.005,8
217.5660,0.65022,0.00928,-0.00114,0.63460,0.00000,-0.037,-0.005,8
217.6160,0.65769,0.00928,-0.00114,0.64210,0.00000,-0.038,-0.005,8
217.6660,0.66516,0.00927,-0.00114,0.64960,0.00000,-0.038,-0.005,8
217.7160,0.67263,0.00926,-0.00114,0.65710,0.00000,-0.038,-0.005,8
217.7660,0.68010,0.00925,-0.00114,0.66460,0.00000,-0.038,-0.005,8
217.8160,0.68757,0.00924,-0.00114,0.67210,0.00000,-0.038,-0.005,8
217.8660,0.69505,0.00922,-0.00114,0.67960,0.00000,-0.037,-0.005,8
217.9160,0.70252,0.00921,-0.00114,0.68710,0.00000,-0.037,-0.005,8
217.9660,0.71000,0.00920,-0.00114,0.69460,0.00000,-0.037,-0.005,8
218.0160,0.71749,0.00919,-0.00114,0.70210,0.00000,-0.037,-0.005,8
218.0660,0.72496,0.00917,-0.00114,0.70960,0.00000,-0.037,-0.005,8
218.1160,0.73245,0.00916,-0.00114,0.71710,0.00000,-0.037,-0.005,8
218.1660,0.73994,0.00915,-0.00114,0.72460,0.00000,-0.037,-0.005,8
218.2160,0.74743,0.00914,-0.00114,0.73210,0.00000,-0.037,-0.005,8
218.2660,0.75492,0.00912,-0.00114,0.73960,0.00000,-0.037,-0.005,8
218.3160,0.76240,0.00911,-0.00114,0.74710,0.00000,-0.037,-0.005,8
218.3660,0.76990,0.00910,-0.00114,0.75460,0.00000,-0.037,-0.005,8
218.4160,0.77739,0.00909,-0.00114,0.76210,0.00000,-0.037,-0.005,8
218.4660,0.78489,0.00908,-0.00114,0.76960,0.00000,-0.037,-0.005,8
218.5160,0.79239,0.00908,-0.00114,0.77710,0.00000,-0.037,-0.005,8
218.5660,0.79989,0.00907,-0.00114,0.78460,0.00000,-0.037,-0.005,8
218.6160,0.80739,0.00906,-0.00114,0.79210,0.00000,-0.036,-0.005,8
218.6660,0.81490,0.00906,-0.00114,0.79960,0.00000,-0.036,-0.005,8
218.7160,0.82241,0.00906,-0.00114,0.80710,0.00000,-0.036,-0.005,8
218.7660,0.82992,0.00906,-0.00114,0.81460,0.00000,-0.036,-0.005,8
218.8160,0.83743,0.00906,-0.00114,0.82210,0.00000,-0.036,-0.005,8
218.8660,0.84493,0.00906,-0.00114,0.82960,0.00000,-0.036,-0.005,8
218.9160,0.85243,0.00905,-0.00114,0.83710,0.00000,-0.036,-0.005,8
218.9660,0.85993,0.00904,-0.00114,0.84460,0.00000,-0.036,-0.005,8
219.0160,0.86743,0.00904,-0.00114,0.85210,0.00000,-0.036,-0.005,8
219.0660,0.87493,0.00903,-0.00114,0.85960,0.00000,-0.036,-0.005,8
219.1160,0.88244,0.00903,-0.00114,0.86710,0.00000,-0.036,-0.005,8
219.1660,0.88994,0.00902,-0.00114,0.87460,0.00000,-0.036,-0.005,8
219.2160,0.89744,0.00902,-0.00114,0.88210,0.00000,-0.036,-0.005,8
219.2660,0.90494,0.00902,-0.00114,0.88960,0.00000,-0.036,-0.005,8
219.3160,0.91245,0.00902,-0.00114,0.89710,0.00000,-0.036,-0.005,8
219.3660,0.91995,0.00902,-0.00114,0.90460,0.00000,-0.036,-0.005,8
219.4160,0.92746,0.00902,-0.00114,0.91210,0.00000,-0.036,-0.005,8
219.4660,0.93496,0.00902,-0.00114,0.91960,0.00000,-0.036,-0.005,8
219.5160,0.94246,0.00901,-0.00114,0.92710,0.00000,-0.036,-0.005,8
219.5660,0.94995,0.00901,-0.00114,0.93460,0.00000,-0.036,-0.005,8
219.6160,0.95744,0.00900,-0.00114,0.94210,0.00000,-0.036,-0.005,8
219.6660,0.96493,0.00898,-0.00114,0.94960,0.00000,-0.036,-0.005,8
219.7160,0.97242,0.00897,-0.00114,0.95710,0.00000,-0.036,-0.005,8
219.7660,0.97992,0.00897,-0.00114,0.96460,0.00000,-0.036,-0.005,8
219.8160,0.98742,0.00897,-0.00114,0.97210,0.00000,-0.036,-0.005,8
219.8660,0.99492,0.00897,-0.00114,0.97960,0.00000,-0.036,-0.005,8
219.9160,1.00244,0.00898,-0.00114,0.98710,0.00000,-0.036,-0.005,8
219.9660,1.00996,0.00900,-0.00114,0.99460,0.00000,-0.036,-0.005,8
220.0160,1.01742,0.00906,-0.00114,1.00000,0.00210,0.049,-0.004,8
220.0660,1.02394,0.00973,-0.00114,1.00000,0.00960,1.567,0.012,8
220.1160,1.02928,0.01118,-0.00114,1.00000,0.01710,4.515,0.016,8
220.1660,1.03354,0.01330,-0.00114,1.00000,0.02460,7.888,0.009,8
220.2160,1.03688,0.01599,-0.00113,1.00000,0.03210,11.264,0.004,8
220.2660,1.03946,0.01922,-0.00113,1.00000,0.03960,14.584,0.001,8
220.3160,1.04143,0.02293,-0.00113,1.00000,0.04710,17.853,-0.001,8
220.3660,1.04290,0.02709,-0.00113,1.00000,0.05460,21.083,-0.002,8
220.4160,1.04400,0.03169,-0.00113,1.00000,0.06210,24.279,-0.002,8
220.4660,1.04479,0.03670,-0.00113,1.00000,0.06960,27.449,-0.002,8
220.5160,1.04537,0.04210,-0.00113,1.00000,0.07710,30.597,-0.002,8
220.5660,1.04582,0.04790,-0.00112,1.00000,0.08460,33.725,-0.001,8
220.6160,1.04616,0.05407,-0.00112,1.00000,0.09210,36.838,-0.001,8
220.6660,1.04643,0.06060,-0.00112,1.00000,0.09960,39.936,-0.001,8
220.7160,1.04668,0.06749,-0.00112,1.00000,0.10710,43.021,-0.000,8
220.7660,1.04691,0.07473,-0.00112,1.00000,0.11460,46.096,-0.001,8
220.8160,1.04715,0.08231,-0.00112,1.00000,0.12210,49.161,-0.001,8
220.8660,1.04740,0.09022,-0.00112,1.00000,0.12960,52.218,-0.001,8
220.9160,1.04765,0.09845,-0.00112,1.00000,0.13710,55.268,-0.002,8
220.9660,1.04790,0.10698,-0.00112,1.00000,0.14460,58.312,-0.003,8
221.0160,1.04816,0.11581,-0.00113,1.00000,0.15210,61.351,-0.004,8
221.0660,1.04840,0.12492,-0.00113,1.00000,0.15960,64.389,-0.006,8
221.1160,1.04860,0.13429,-0.00113,1.00000,0.16710,67.425,-0.007,8
221.1660,1.04876,0.14390,-0.00113,1.00000,0.17460,70.463,-0.009,8
221.2160,1.04885,0.15374,-0.00113,1.00000,0.18210,73.504,-0.011,8
221.2660,1.04885,0.16377,-0.00113,1.00000,0.18960,76.551,-0.012,8
221.3160,1.04875,0.17396,-0.00113,1.00000,0.19710,79.606,-0.014,8
221.3660,1.04851,0.18428,-0.00113,1.00000,0.20460,82.668,-0.016,8
221.4160,1.04812,0.19469,-0.00113,1.00000,0.21210,85.698,-0.018,8
221.4660,1.04757,0.20515,-0.00113,1.00000,0.21960,88.337,-0.019,8
221.5160,1.04687,0.21555,-0.00113,1.00000,0.22710,89.347,-0.020,8
221.5660,1.04608,0.22577,-0.00113,1.00000,0.23460,89.499,-0.021,8
221.6160,1.04522,0.23581,-0.00113,1.00000,0.24210,89.555,-0.022,8
221.6660,1.04431,0.24566,-0.00113,1.00000,0.24960,89.624,-0.023,8
221.7160,1.04335,0.25532,-0.00113,1.00000,0.25710,89.685,-0.024,8
221.7660,1.04238,0.26480,-0.00113,1.00000,0.26460,89.735,-0.024,8
221.8160,1.04139,0.27409,-0.00113,1.00000,0.27210,89.776,-0.025,8
221.8660,1.04040,0.28322,-0.00113,1.00000,0.27960,89.810,-0.025,8
221.9160,1.03941,0.29218,-0.00113,1.00000,0.28710,89.837,-0.025,8
221.9660,1.03842,0.30098,-0.00113,1.00000,0.29460,89.860,-0.025,8
222.0160,1.03745,0.30963,-0.00113,1.00000,0.30210,89.879,-0.024,8
222.0660,1.03649,0.31814,-0.00113,1.00000,0.30960,89.895,-0.024,8
222.1160,1.03557,0.32651,-0.00113,1.00000,0.31710,89.908,-0.024,8
222.1660,1.03469,0.33477,-0.00113,1.00000,0.32460,89.918,-0.024,8
222.2160,1.03386,0.34292,-0.00113,1.00000,0.33210,89.927,-0.023,8
222.2660,1.03306,0.35096,-0.00113,1.00000,0.33960,89.935,-0.023,8
222.3160,1.03228,0.35891,-0.00113,1.00000,0.34710,89.941,-0.022,8
222.3660,1.03154,0.36677,-0.00113,1.00000,0.35460,89.946,-0.022,8
222.4160,1.03085,0.37455,-0.00113,1.00000,0.36210,89.950,-0.022,8
222.4660,1.03019,0.38226,-0.00113,1.00000,0.36960,89.954,-0.021,8
222.5160,1.02958,0.38991,-0.00113,1.00000,0.37710,89.957,-0.021,8
222.5660,1.02901,0.39750,-0.00113,1.00000,0.38460,89.960,-0.020,8
222.6160,1.02848,0.40505,-0.00113,1.00000,0.39210,89.962,-0.020,8
222.6660,1.02798,0.41256,-0.00113,1.00000,0.39960,89.963,-0.019,8
222.7160,1.02752,0.42002,-0.00113,1.00000,0.40710,89.965,-0.019,8
222.7660,1.02709,0.42746,-0.00113,1.00000,0.41460,89.966,-0.019,8
222.8160,1.02670,0.43487,-0.00113,1.00000,0.42210,89.967,-0.018,8
222.8660,1.02633,0.44226,-0.00113,1.00000,0.42960,89.968,-0.018,8
222.9160,1.02598,0.44963,-0.00113,1.00000,0.43710,89.968,-0.018,8
222.9660,1.02566,0.45699,-0.00113,1.00000,0.44460,89.969,-0.018,8
223.0160,1.02537,0.46433,-0.00113,1.00000,0.45210,89.969,-0.017,8
223.0660,1.02511,0.47167,-0.00113,1.00000,0.45960,89.969,-0.017,8
223.1160,1.02488,0.47901,-0.00113,1.00000,0.46710,89.970,-0.017,8
223.1660,1.02467,0.48635,-0.00113,1.00000,0.47460,89.970,-0.017,8
223.2160,1.02447,0.49368,-0.00113,1.00000,0.48210,89.970,-0.017,8
223.2660,1.02429,0.50101,-0.00113,1.00000,0.48960,89.970,-0.016,8
223.3160,1.02413,0.50835,-0.00113,1.00000,0.49710,89.969,-0.016,8
223.3660,1.02398,0.51569,-0.00113,1.00000,0.50460,89.969,-0.016,8
223.4160,1.02384,0.52303,-0.00113,1.00000,0.51210,89.969,-0.016,8
223.4660,1.02369,0.53038,-0.00113,1.00000,0.51960,89.969,-0.016,8
223.5160,1.02357,0.53773,-0.00113,1.00000,0.52710,89.968,-0.016,8
223.5660,1.02346,0.54510,-0.00113,1.00000,0.53460,89.968,-0.016,8
223.6160,1.02335,0.55246,-0.00113,1.00000,0.54210,89.968,-0.016,8
223.6660,1.02326,0.55984,-0.00113,1.00000,0.54960,89.968,-0.016,8
223.7160,1.02318,0.56723,-0.00113,1.00000,0.55710,89.967,-0.016,8
223.7660,1.02309,0.57462,-0.00113,1.00000,0.56460,89.967,-0.016,8
223.8160,1.02301,0.58202,-0.00113,1.00000,0.57210,89.966,-0.016,8
223.8660,1.02295,0.58943,-0.00114,1.00000,0.57960,89.966,-0.016,8
223.9160,1.02289,0.59684,-0.00114,1.00000,0.58710,89.966,-0.016,8
223.9660,1.02284,0.60427,-0.00114,1.00000,0.59460,89.965,-0.016,8
224.0160,1.02280,0.61170,-0.00114,1.00000,0.60210,89.965,-0.016,8
224.0660,1.02277,0.61914,-0.00114,1.00000,0.60960,89.965,-0.016,8
224.1160,1.02277,0.62660,-0.00114,1.00000,0.61710,89.965,-0.016,8
224.1660,1.02276,0.63406,-0.00114,1.00000,0.62460,89.964,-0.016,8
224.2160,1.02276,0.64152,-0.00114,1.00000,0.63210,89.964,-0.016,8
224.2660,1.02276,0.64899,-0.00114,1.00000,0.63960,89.964,-0.016,8
224.3160,1.02275,0.65646,-0.00114,1.00000,0.64710,89.964,-0.016,8
224.3660,1.02273,0.66393,-0.00114,1.00000,0.65460,89.963,-0.016,8
224.4160,1.02269,0.67141,-0.00114,1.00000,0.66210,89.963,-0.016,8
224.4660,1.02266,0.67888,-0.00114,1.00000,0.66960,89.963,-0.016,8
224.5160,1.02263,0.68636,-0.00114,1.00000,0.67710,89.963,-0.016,8
224.5660,1.02261,0.69384,-0.00114,1.00000,0.68460,89.963,-0.016,8
224.6160,1.02261,0.70134,-0.00114,1.00000,0.69210,89.962,-0.016,8
224.6660,1.02262,0.70883,-0.00114,1.00000,0.69960,89.962,-0.016,8
224.7160,1.02262,0.71633,-0.00114,1.00000,0.70710,89.962,-0.016,8
224.7660,1.02263,0.72383,-0.00114,1.00000,0.71460,89.962,-0.016,8
224.8160,1.02266,0.73134,-0.00114,1.00000,0.72210,89.962,-0.016,8
224.8660,1.02267,0.73885,-0.00114,1.00000,0.72960,89.962,-0.016,8
224.9160,1.02269,0.74635,-0.00114,1.00000,0.73710,89.962,-0.016,8
224.9660,1.02270,0.75386,-0.00114,1.00000,0.74460,89.962,-0.016,8
225.0160,1.02272,0.76137,-0.00114,1.00000,0.75210,89.962,-0.016,8
225.0660,1.02273,0.76888,-0.00114,1.00000,0.75960,89.962,-0.016,8
225.1160,1.02274,0.77639,-0.00114,1.00000,0.76710,89.962,-0.016,8
225.1660,1.02275,0.78389,-0.00114,1.00000,0.77460,89.962,-0.016,8
225.2160,1.02276,0.79140,-0.00114,1.00000,0.78210,89.962,-0.016,8
225.2660,1.02277,0.79891,-0.00114,1.00000,0.78960,89.962,-0.016,8
225.3160,1.02279,0.80642,-0.00114,1.00000,0.79710,89.962,-0.016,8
225.3660,1.02280,0.81393,-0.00114,1.00000,0.80460,89.962,-0.016,8
225.4160,1.02280,0.82144,-0.00114,1.00000,0.81210,89.962,-0.016,8
225.4660,1.02280,0.82894,-0.00114,1.00000,0.81960,89.962,-0.016,8
225.5160,1.02278,0.83644,-0.00114,1.00000,0.82710,89.962,-0.016,8
225.5660,1.02277,0.84394,-0.00114,1.00000,0.83460,89.962,-0.016,8
225.6160,1.02275,0.85144,-0.00114,1.00000,0.84210,89.962,-0.016,8
225.6660,1.02274,0.85894,-0.00114,1.00000,0.84960,89.962,-0.016,8
225.7160,1.02271,0.86644,-0.00114,1.00000,0.85710,89.962,-0.016,8
225.7660,1.02268,0.87393,-0.00114,1.00000,0.86460,89.961,-0.016,8
225.8160,1.02263,0.88142,-0.00114,1.00000,0.87210,89.961,-0.016,8
225.8660,1.02258,0.88891,-0.00114,1.00000,0.87960,89.961,-0.016,8
225.9160,1.02254,0.89640,-0.00114,1.00000,0.88710,89.961,-0.016,8
225.9660,1.02250,0.90389,-0.00114,1.00000,0.89460,89.961,-0.016,8
226.0160,1.02247,0.91138,-0.00114,1.00000,0.90210,89.961,-0.016,8
226.0660,1.02244,0.91888,-0.00114,1.00000,0.90960,89.961,-0.016,8
226.1160,1.02241,0.92637,-0.00114,1.00000,0.91710,89.961,-0.016,8
226.1660,1.02238,0.93386,-0.00114,1.00000,0.92460,89.961,-0.016,8
226.2160,1.02236,0.94136,-0.00114,1.00000,0.93210,89.961,-0.016,8
226.2660,1.02234,0.94886,-0.00114,1.00000,0.93960,89.961,-0.016,8
226.3160,1.02233,0.95635,-0.00114,1.00000,0.94710,89.961,-0.016,8
226.3660,1.02231,0.96385,-0.00114,1.00000,0.95460,89.961,-0.016,8
226.4160,1.02230,0.97135,-0.00114,1.00000,0.96210,89.960,-0.016,8
226.4660,1.02229,0.97885,-0.00114,1.00000,0.96960,89.960,-0.016,8
226.5160,1.02229,0.98635,-0.00114,1.00000,0.97710,89.960,-0.016,8
226.5660,1.02229,0.99385,-0.00114,1.00000,0.98460,89.960,-0.016,8
226.6160,1.02231,1.00136,-0.00114,1.00000,0.99210,89.960,-0.016,8
226.6660,1.02232,1.00887,-0.00114,1.00000,0.99960,89.960,-0.016,8
226.7160,1.02229,1.01631,-0.00114,0.99290,1.00000,90.045,-0.015,8
226.7660,1.02161,1.02286,-0.00114,0.98540,1.00000,91.569,0.002,8
226.8160,1.02009,1.02840,-0.00113,0.97790,1.00000,94.736,0.004,8
226.8660,1.01779,1.03308,-0.00113,0.97040,1.00000,98.389,-0.003,8
226.9160,1.01480,1.03701,-0.00113,0.96290,1.00000,102.013,-0.009,8
226.9660,1.01116,1.04031,-0.00112,0.95540,1.00000,105.537,-0.013,8
227.0160,1.00692,1.04308,-0.00112,0.94790,1.00000,108.970,-0.016,8
227.0660,1.00214,1.04540,-0.00112,0.94040,1.00000,112.327,-0.019,8
227.1160,0.99684,1.04736,-0.00112,0.93290,1.00000,115.622,-0.021,8
227.1660,0.99103,1.04901,-0.00112,0.92540,1.00000,118.864,-0.022,8
227.2160,0.98476,1.05042,-0.00112,0.91790,1.00000,122.061,-0.023,8
227.2660,0.97804,1.05162,-0.00112,0.91040,1.00000,125.221,-0.024,8
227.3160,0.97087,1.05263,-0.00112,0.90290,1.00000,128.349,-0.026,8
227.3660,0.96329,1.05347,-0.00112,0.89540,1.00000,131.450,-0.027,8
227.4160,0.95532,1.05415,-0.00112,0.88790,1.00000,134.529,-0.028,8
227.4660,0.94698,1.05467,-0.00112,0.88040,1.00000,137.588,-0.030,8
227.5160,0.93828,1.05502,-0.00112,0.87290,1.00000,140.631,-0.031,8
227.5660,0.92928,1.05520,-0.00112,0.86540,1.00000,143.660,-0.033,8
227.6160,0.92000,1.05519,-0.00111,0.85790,1.00000,146.678,-0.035,8
227.6660,0.91046,1.05499,-0.00111,0.85040,1.00000,149.686,-0.037,8
227.7160,0.90071,1.05457,-0.00111,0.84290,1.00000,152.686,-0.039,8
227.7660,0.89079,1.05392,-0.00111,0.83540,1.00000,155.681,-0.041,8
227.8160,0.88074,1.05305,-0.00111,0.82790,1.00000,158.669,-0.043,8
227.8660,0.87061,1.05195,-0.00111,0.82040,1.00000,161.654,-0.045,8
227.9160,0.86044,1.05060,-0.00111,0.81290,1.00000,164.634,-0.047,8
227.9660,0.85027,1.04902,-0.00111,0.80540,1.00000,167.611,-0.049,8
228.0160,0.84014,1.04720,-0.00111,0.79790,1.00000,170.583,-0.051,8
228.0660,0.83009,1.04516,-0.00110,0.79040,1.00000,173.548,-0.053,8
228.1160,0.82014,1.04290,-0.00110,0.78290,1.00000,176.459,-0.054,8
228.1660,0.81035,1.04044,-0.00110,0.77540,1.00000,178.953,-0.055,8
228.2160,0.80079,1.03790,-0.00110,0.76790,1.00000,179.800,-0.057,8
228.2660,0.79150,1.03542,-0.00110,0.76040,1.00000,179.823,-0.058,8
228.3160,0.78249,1.03307,-0.00110,0.75290,1.00000,179.782,-0.059,8
228.3660,0.77371,1.03084,-0.00110,0.74540,1.00000,179.772,-0.059,8
228.4160,0.76515,1.02874,-0.00110,0.73790,1.00000,179.769,-0.060,8
228.4660,0.75677,1.02677,-0.00110,0.73040,1.00000,179.766,-0.060,8
228.5160,0.74858,1.02493,-0.00110,0.72290,1.00000,179.764,-0.060,8
228.5660,0.74053,1.02321,-0.00110,0.71540,1.00000,179.763,-0.060,8
228.6160,0.73261,1.02161,-0.00110,0.70790,1.00000,179.762,-0.059,8
228.6660,0.72481,1.02013,-0.00110,0.70040,1.00000,179.762,-0.059,8
228.7160,0.71712,1.01877,-0.00110,0.69290,1.00000,179.762,-0.059,8
228.7660,0.70951,1.01751,-0.00110,0.68540,1.00000,179.762,-0.058,8
228.8160,0.70196,1.01636,-0.00110,0.67790,1.00000,179.763,-0.058,8
228.8660,0.69448,1.01529,-0.00110,0.67040,1.00000,179.763,-0.057,8
228.9160,0.68704,1.01432,-0.00110,0.66290,1.00000,179.765,-0.057,8
228.9660,0.67965,1.01345,-0.00110,0.65540,1.00000,179.766,-0.057,8
229.0160,0.67229,1.01265,-0.00111,0.64790,1.00000,179.767,-0.056,8
229.0660,0.66495,1.01193,-0.00111,0.64040,1.00000,179.768,-0.056,8
229.1160,0.65764,1.01128,-0.00111,0.63290,1.00000,179.770,-0.055,8
229.1660,0.65033,1.01070,-0.00111,0.62540,1.00000,179.771,-0.055,8
229.2160,0.64303,1.01017,-0.00111,0.61790,1.00000,179.772,-0.055,8
229.2660,0.63573,1.00970,-0.00111,0.61040,1.00000,179.774,-0.055,8
229.3160,0.62844,1.00930,-0.00111,0.60290,1.00000,179.775,-0.054,8
229.3660,0.62115,1.00894,-0.00111,0.59540,1.00000,179.777,-0.054,8
229.4160,0.61386,1.00864,-0.00112,0.58790,1.00000,179.778,-0.054,8
229.4660,0.60656,1.00837,-0.00112,0.58040,1.00000,179.779,-0.054,8
229.5160,0.59926,1.00815,-0.00112,0.57290,1.00000,179.781,-0.054,8
229.5660,0.59195,1.00796,-0.00112,0.56540,1.00000,179.782,-0.053,8
229.6160,0.58463,1.00781,-0.00112,0.55790,1.00000,179.783,-0.053,8
229.6660,0.57731,1.00768,-0.00112,0.55040,1.00000,179.784,-0.053,8
229.7160,0.56997,1.00758,-0.00112,0.54290,1.00000,179.785,-0.053,8
229.7660,0.56263,1.00750,-0.00112,0.53540,1.00000,179.786,-0.053,8
229.8160,0.55528,1.00745,-0.00112,0.52790,1.00000,179.787,-0.053,8
229.8660,0.54793,1.00743,-0.00112,0.52040,1.00000,179.788,-0.053,8
229.9160,0.54056,1.00741,-0.00113,0.51290,1.00000,179.789,-0.053,8
229.9660,0.53319,1.00742,-0.00113,0.50540,1.00000,179.790,-0.053,8
230.0160,0.52580,1.00743,-0.00113,0.49790,1.00000,179.790,-0.053,8
230.0660,0.51841,1.00746,-0.00113,0.49040,1.00000,179.791,-0.053,8
230.1160,0.51101,1.00749,-0.00113,0.48290,1.00000,179.792,-0.053,8
230.1660,0.50362,1.00755,-0.00113,0.47540,1.00000,179.792,-0.053,8
230.2160,0.49622,1.00761,-0.00113,0.46790,1.00000,179.792,-0.053,8
230.2660,0.48881,1.00767,-0.00113,0.46040,1.00000,179.793,-0.053,8
230.3160,0.48139,1.00774,-0.00113,0.45290,1.00000,179.793,-0.053,8
230.3660,0.47396,1.00781,-0.00113,0.44540,1.00000,179.793,-0.053,8
230.4160,0.46652,1.00787,-0.00113,0.43790,1.00000,179.794,-0.053,8
230.4660,0.45908,1.00794,-0.00113,0.43040,1.00000,179.794,-0.053,8
230.5160,0.45163,1.00802,-0.00113,0.42290,1.00000,179.794,-0.053,8
230.5660,0.44418,1.00809,-0.00113,0.41540,1.00000,179.795,-0.053,8
230.6160,0.43672,1.00815,-0.00113,0.40790,1.00000,179.795,-0.053,8
230.6660,0.42925,1.00822,-0.00113,0.40040,1.00000,179.795,-0.053,8
230.7160,0.42178,1.00828,-0.00113,0.39290,1.00000,179.795,-0.053,8
230.7660,0.41431,1.00835,-0.00113,0.38540,1.00000,179.796,-0.053,8
230.8160,0.40683,1.00841,-0.00113,0.37790,1.00000,179.796,-0.053,8
230.8660,0.39935,1.00847,-0.00113,0.37040,1.00000,179.796,-0.053,8
230.9160,0.39186,1.00852,-0.00113,0.36290,1.00000,179.796,-0.053,8
230.9660,0.38438,1.00858,-0.00113,0.35540,1.00000,179.796,-0.053,8
231.0160,0.37689,1.00863,-0.00113,0.34790,1.00000,179.796,-0.053,8
231.0660,0.36940,1.00868,-0.00113,0.34040,1.00000,179.796,-0.053,8
231.1160,0.36192,1.00874,-0.00113,0.33290,1.00000,179.796,-0.053,8
231.1660,0.35445,1.00880,-0.00113,0.32540,1.00000,179.796,-0.053,8
231.2160,0.34698,1.00886,-0.00113,0.31790,1.00000,179.796,-0.053,8
231.2660,0.33950,1.00891,-0.00113,0.31040,1.00000,179.796,-0.054,8
231.3160,0.33202,1.00896,-0.00113,0.30290,1.00000,179.796,-0.054,8
231.3660,0.32453,1.00900,-0.00113,0.29540,1.00000,179.796,-0.054,8
231.4160,0.31705,1.00904,-0.00113,0.28790,1.00000,179.796,-0.054,8
231.4660,0.30956,1.00908,-0.00113,0.28040,1.00000,179.796,-0.054,8
231.5160,0.30207,1.00911,-0.00113,0.27290,1.00000,179.796,-0.054,8
231.5660,0.29459,1.00914,-0.00113,0.26540,1.00000,179.795,-0.054,8
231.6160,0.28711,1.00917,-0.00113,0.25790,1.00000,179.795,-0.054,8
231.6660,0.27963,1.00921,-0.00113,0.25040,1.00000,179.795,-0.054,8
231.7160,0.27215,1.00924,-0.00113,0.24290,1.00000,179.795,-0.054,8
231.7660,0.26466,1.00926,-0.00113,0.23540,1.00000,179.795,-0.054,8
231.8160,0.25719,1.00929,-0.00113,0.22790,1.00000,179.795,-0.054,8
231.8660,0.24972,1.00933,-0.00113,0.22040,1.00000,179.794,-0.054,8
231.9160,0.24226,1.00937,-0.00113,0.21290,1.00000,179.794,-0.054,8
231.9660,0.23479,1.00940,-0.00113,0.20540,1.00000,179.794,-0.054,8
232.0160,0.22733,1.00943,-0.00113,0.19790,1.00000,179.793,-0.054,8
232.0660,0.21986,1.00945,-0.00113,0.19040,1.00000,179.793,-0.054,8
232.1160,0.21240,1.00948,-0.00113,0.18290,1.00000,179.793,-0.054,8
232.1660,0.20493,1.00951,-0.00113,0.17540,1.00000,179.792,-0.054,8
232.2160,0.19747,1.00953,-0.00113,0.16790,1.00000,179.792,-0.054,8
232.2660,0.19002,1.00956,-0.00113,0.16040,1.00000,179.791,-0.054,8
232.3160,0.18257,1.00959,-0.00113,0.15290,1.00000,179.791,-0.054,8
232.3660,0.17511,1.00962,-0.00113,0.14540,1.00000,179.791,-0.054,8
232.4160,0.16766,1.00965,-0.00113,0.13790,1.00000,179.790,-0.054,8
232.4660,0.16021,1.00968,-0.00113,0.13040,1.00000,179.790,-0.054,8
232.5160,0.15276,1.00970,-0.00113,0.12290,1.00000,179.789,-0.054,8
232.5660,0.14530,1.00972,-0.00113,0.11540,1.00000,179.789,-0.054,8
232.6160,0.13784,1.00973,-0.00113,0.10790,1.00000,179.788,-0.054,8
232.6660,0.13037,1.00974,-0.00113,0.10040,1.00000,179.788,-0.054,8
232.7160,0.12290,1.00975,-0.00113,0.09290,1.00000,179.788,-0.054,8
232.7660,0.11543,1.00975,-0.00113,0.08540,1.00000,179.788,-0.054,8
232.8160,0.10795,1.00976,-0.00113,0.07790,1.00000,179.788,-0.054,8
232.8660,0.10048,1.00976,-0.00113,0.07040,1.00000,179.787,-0.054,8
232.9160,0.09300,1.00977,-0.00113,0.06290,1.00000,179.787,-0.054,8
232.9660,0.08552,1.00977,-0.00113,0.05540,1.00000,179.787,-0.054,8
233.0160,0.07804,1.00977,-0.00113,0.04790,1.00000,179.787,-0.054,8
233.0660,0.07056,1.00977,-0.00113,0.04040,1.00000,179.787,-0.054,8
233.1160,0.06309,1.00977,-0.00113,0.03290,1.00000,179.786,-0.054,8
233.1660,0.05560,1.00977,-0.00113,0.02540,1.00000,179.786,-0.054,8
233.2160,0.04812,1.00977,-0.00113,0.01790,1.00000,179.786,-0.054,8
233.2660,0.04063,1.00976,-0.00113,0.01040,1.00000,179.786,-0.054,8
233.3160,0.03313,1.00975,-0.00113,0.00290,1.00000,179.786,-0.054,8
233.3660,0.02570,1.00970,-0.00113,0.00000,0.99540,179.869,-0.053,8
233.4160,0.01919,1.00892,-0.00113,0.00000,0.98790,-178.628,-0.034,8
233.4660,0.01406,1.00617,-0.00113,0.00000,0.98040,-175.521,0.000,8
233.5160,0.00978,1.00236,-0.00112,0.00000,0.97290,-172.024,-0.013,8
233.5660,0.00620,0.99786,-0.00111,0.00000,0.96540,-168.530,-0.027,8
233.6160,0.00327,0.99273,-0.00110,0.00000,0.95790,-165.106,-0.032,8
233.6660,0.00090,0.98703,-0.00110,0.00000,0.95040,-161.755,-0.035,8
233.7160,-0.00095,0.98084,-0.00109,0.00000,0.94290,-158.463,-0.038,8
233.7660,-0.00235,0.97420,-0.00109,0.00000,0.93540,-155.220,-0.040,8
233.8160,-0.00334,0.96716,-0.00108,0.00000,0.92790,-152.018,-0.041,8
233.8660,-0.00398,0.95977,-0.00108,0.00000,0.92040,-148.848,-0.042,8
233.9160,-0.00430,0.95207,-0.00107,0.00000,0.91290,-145.706,-0.043,8
233.9660,-0.00432,0.94410,-0.00107,0.00000,0.90540,-142.585,-0.044,8
234.0160,-0.00408,0.93590,-0.00107,0.00000,0.89790,-139.483,-0.044,8
234.0660,-0.00360,0.92751,-0.00107,0.00000,0.89040,-136.395,-0.045,8
234.1160,-0.00290,0.91896,-0.00107,0.00000,0.88290,-133.320,-0.045,8
234.1660,-0.00200,0.91028,-0.00107,0.00000,0.87540,-130.254,-0.046,8
234.2160,-0.00093,0.90151,-0.00107,0.00000,0.86790,-127.195,-0.046,8
234.2660,0.00028,0.89267,-0.00107,0.00000,0.86040,-124.142,-0.046,8
234.3160,0.00165,0.88381,-0.00107,0.00000,0.85290,-121.094,-0.047,8
234.3660,0.00313,0.87495,-0.00107,0.00000,0.84540,-118.049,-0.047,8
234.4160,0.00471,0.86611,-0.00107,0.00000,0.83790,-115.006,-0.047,8
234.4660,0.00637,0.85732,-0.00107,0.00000,0.83040,-111.964,-0.047,8
234.5160,0.00809,0.84859,-0.00107,0.00000,0.82290,-108.922,-0.047,8
234.5660,0.00985,0.83995,-0.00107,0.00000,0.81540,-105.880,-0.047,8
234.6160,0.01164,0.83141,-0.00107,0.00000,0.80790,-102.837,-0.047,8
234.6660,0.01345,0.82298,-0.00107,0.00000,0.80040,-99.792,-0.047,8
234.7160,0.01527,0.81466,-0.00108,0.00000,0.79290,-96.749,-0.047,8
234.7660,0.01710,0.80648,-0.00108,0.00000,0.78540,-93.749,-0.046,8
234.8160,0.01892,0.79842,-0.00108,0.00000,0.77790,-91.154,-0.046,8
234.8660,0.02066,0.79042,-0.00108,0.00000,0.77040,-90.136,-0.046,8
234.9160,0.02223,0.78244,-0.00109,0.00000,0.76290,-90.003,-0.045,8
234.9660,0.02360,0.77446,-0.00109,0.00000,0.75540,-89.983,-0.045,8
235.0160,0.02479,0.76649,-0.00109,0.00000,0.74790,-89.945,-0.045,8
235.0660,0.02583,0.75854,-0.00109,0.00000,0.74040,-89.909,-0.045,8
235.1160,0.02672,0.75060,-0.00110,0.00000,0.73290,-89.878,-0.044,8
235.1660,0.02749,0.74269,-0.00110,0.00000,0.72540,-89.853,-0.044,8
235.2160,0.02814,0.73480,-0.00110,0.00000,0.71790,-89.831,-0.044,8
235.2660,0.02869,0.72693,-0.00110,0.00000,0.71040,-89.813,-0.044,8
235.3160,0.02914,0.71909,-0.00110,0.00000,0.70290,-89.798,-0.044,8
235.3660,0.02948,0.71126,-0.00111,0.00000,0.69540,-89.785,-0.043,8
235.4160,0.02974,0.70345,-0.00111,0.00000,0.68790,-89.774,-0.043,8
235.4660,0.02993,0.69567,-0.00111,0.00000,0.68040,-89.765,-0.043,8
235.5160,0.03006,0.68790,-0.00111,0.00000,0.67290,-89.757,-0.043,8
235.5660,0.03014,0.68016,-0.00111,0.00000,0.66540,-89.751,-0.043,8
235.6160,0.03016,0.67244,-0.00111,0.00000,0.65790,-89.745,-0.043,8
235.6660,0.03014,0.66473,-0.00112,0.00000,0.65040,-89.741,-0.043,8
235.7160,0.03007,0.65704,-0.00112,0.00000,0.64290,-89.737,-0.042,8
235.7660,0.02998,0.64937,-0.00112,0.00000,0.63540,-89.733,-0.042,8
235.8160,0.02986,0.64172,-0.00112,0.00000,0.62790,-89.730,-0.042,8
235.8660,0.02972,0.63407,-0.00112,0.00000,0.62040,-89.728,-0.042,8
235.9160,0.02955,0.62644,-0.00112,0.00000,0.61290,-89.725,-0.042,8
235.9660,0.02936,0.61883,-0.00112,0.00000,0.60540,-89.723,-0.042,8
236.0160,0.02917,0.61122,-0.00112,0.00000,0.59790,-89.722,-0.042,8
236.0660,0.02896,0.60363,-0.00112,0.00000,0.59040,-89.720,-0.042,8
236.1160,0.02874,0.59604,-0.00112,0.00000,0.58290,-89.719,-0.042,8
236.1660,0.02853,0.58847,-0.00112,0.00000,0.57540,-89.718,-0.041,8
236.2160,0.02832,0.58091,-0.00113,0.00000,0.56790,-89.717,-0.041,8
236.2660,0.02811,0.57336,-0.00113,0.00000,0.56040,-89.716,-0.041,8
236.3160,0.02790,0.56581,-0.00113,0.00000,0.55290,-89.715,-0.041,8
236.3660,0.02768,0.55826,-0.00113,0.00000,0.54540,-89.715,-0.041,8
236.4160,0.02747,0.55072,-0.00113,0.00000,0.53790,-89.714,-0.041,8
236.4660,0.02726,0.54319,-0.00113,0.00000,0.53040,-89.714,-0.041,8
236.5160,0.02706,0.53566,-0.00113,0.00000,0.52290,-89.713,-0.041,8
236.5660,0.02687,0.52814,-0.00113,0.00000,0.51540,-89.713,-0.041,8
236.6160,0.02668,0.52062,-0.00113,0.00000,0.50790,-89.713,-0.041,8
236.6660,0.02652,0.51311,-0.00113,0.00000,0.50040,-89.712,-0.041,8
236.7160,0.02634,0.50560,-0.00113,0.00000,0.49290,-89.712,-0.041,8
236.7660,0.02617,0.49809,-0.00113,0.00000,0.48540,-89.712,-0.041,8
236.8160,0.02601,0.49058,-0.00113,0.00000,0.47790,-89.712,-0.041,8
236.8660,0.02585,0.48307,-0.00113,0.00000,0.47040,-89.712,-0.041,8
236.9160,0.02570,0.47556,-0.00113,0.00000,0.46290,-89.712,-0.041,8
236.9660,0.02556,0.46806,-0.00113,0.00000,0.45540,-89.712,-0.041,8
237.0160,0.02542,0.46055,-0.00113,0.00000,0.44790,-89.712,-0.041,8
237.0660,0.02529,0.45304,-0.00113,0.00000,0.44040,-89.712,-0.040,8
237.1160,0.02515,0.44553,-0.00113,0.00000,0.43290,-89.712,-0.040,8
237.1660,0.02502,0.43802,-0.00113,0.00000,0.42540,-89.712,-0.040,8
237.2160,0.02489,0.43052,-0.00113,0.00000,0.41790,-89.712,-0.040,8
237.2660,0.02477,0.42301,-0.00113,0.00000,0.41040,-89.713,-0.040,8
237.3160,0.02467,0.41550,-0.00113,0.00000,0.40290,-89.713,-0.040,8
237.3660,0.02458,0.40800,-0.00113,0.00000,0.39540,-89.713,-0.040,8
237.4160,0.02451,0.40050,-0.00113,0.00000,0.38790,-89.713,-0.040,8
237.4660,0.02445,0.39300,-0.00113,0.00000,0.38040,-89.713,-0.040,8
237.5160,0.02439,0.38550,-0.00113,0.00000,0.37290,-89.713,-0.040,8
237.5660,0.02432,0.37800,-0.00113,0.00000,0.36540,-89.713,-0.040,8
237.6160,0.02427,0.37050,-0.00113,0.00000,0.35790,-89.713,-0.040,8
237.6660,0.02421,0.36300,-0.00113,0.00000,0.35040,-89.713,-0.040,8
237.7160,0.02415,0.35550,-0.00113,0.00000,0.34290,-89.713,-0.040,8
237.7660,0.02409,0.34799,-0.00113,0.00000,0.33540,-89.714,-0.040,8
237.8160,0.02403,0.34048,-0.00113,0.00000,0.32790,-89.714,-0.040,8
237.8660,0.02398,0.33298,-0.00113,0.00000,0.32040,-89.714,-0.040,8
237.9160,0.02393,0.32547,-0.00113,0.00000,0.31290,-89.714,-0.040,8
237.9660,0.02388,0.31796,-0.00113,0.00000,0.30540,-89.715,-0.040,8
238.0160,0.02385,0.31046,-0.00113,0.00000,0.29790,-89.715,-0.040,8
238.0660,0.02384,0.30296,-0.00113,0.00000,0.29040,-89.715,-0.040,8
238.1160,0.02384,0.29547,-0.00113,0.00000,0.28290,-89.715,-0.040,8
238.1660,0.02384,0.28798,-0.00113,0.00000,0.27540,-89.715,-0.040,8
238.2160,0.02385,0.28048,-0.00113,0.00000,0.26790,-89.715,-0.040,8
238.2660,0.02388,0.27299,-0.00113,0.00000,0.26040,-89.715,-0.040,8
238.3160,0.02391,0.26551,-0.00113,0.00000,0.25290,-89.714,-0.040,8
238.3660,0.02395,0.25802,-0.00113,0.00000,0.24540,-89.714,-0.040,8
238.4160,0.02399,0.25054,-0.00113,0.00000,0.23790,-89.714,-0.040,8
238.4660,0.02402,0.24305,-0.00113,0.00000,0.23040,-89.713,-0.040,8
238.5160,0.02405,0.23556,-0.00113,0.00000,0.22290,-89.713,-0.040,8
238.5660,0.02408,0.22808,-0.00113,0.00000,0.21540,-89.713,-0.040,8
238.6160,0.02411,0.22059,-0.00113,0.00000,0.20790,-89.713,-0.040,8
238.6660,0.02414,0.21310,-0.00113,0.00000,0.20040,-89.712,-0.040,8
238.7160,0.02416,0.20561,-0.00113,0.00000,0.19290,-89.712,-0.040,8
238.7660,0.02416,0.19811,-0.00113,0.00000,0.18540,-89.712,-0.040,8
238.8160,0.02415,0.19061,-0.00113,0.00000,0.17790,-89.712,-0.040,8
238.8660,0.02413,0.18310,-0.00113,0.00000,0.17040,-89.713,-0.040,8
238.9160,0.02409,0.17559,-0.00113,0.00000,0.16290,-89.713,-0.040,8
238.9660,0.02406,0.16808,-0.00113,0.00000,0.15540,-89.713,-0.040,8
239.0160,0.02404,0.16058,-0.00113,0.00000,0.14790,-89.714,-0.040,8
239.0660,0.02403,0.15307,-0.00113,0.00000,0.14040,-89.714,-0.040,8
239.1160,0.02401,0.14556,-0.00113,0.00000,0.13290,-89.714,-0.040,8
239.1660,0.02398,0.13805,-0.00113,0.00000,0.12540,-89.714,-0.040,8
239.2160,0.02396,0.13054,-0.00113,0.00000,0.11790,-89.715,-0.040,8
239.2660,0.02393,0.12303,-0.00113,0.00000,0.11040,-89.715,-0.040,8
239.3160,0.02388,0.11552,-0.00113,0.00000,0.10290,-89.715,-0.040,8
239.3660,0.02384,0.10800,-0.00113,0.00000,0.09540,-89.716,-0.040,8
239.4160,0.02381,0.10049,-0.00113,0.00000,0.08790,-89.716,-0.040,8
239.4660,0.02378,0.09298,-0.00113,0.00000,0.08040,-89.716,-0.040,8
239.5160,0.02377,0.08547,-0.00113,0.00000,0.07290,-89.716,-0.040,8
239.5660,0.02376,0.07796,-0.00113,0.00000,0.06540,-89.717,-0.040,8
239.6160,0.02376,0.07046,-0.00113,0.00000,0.05790,-89.717,-0.040,8
239.6660,0.02375,0.06295,-0.00113,0.00000,0.05040,-89.717,-0.040,8
239.7160,0.02374,0.05545,-0.00113,0.00000,0.04290,-89.717,-0.040,8
239.7660,0.02374,0.04794,-0.00113,0.00000,0.03540,-89.717,-0.040,8
239.8160,0.02373,0.04044,-0.00113,0.00000,0.02790,-89.717,-0.040,8
239.8660,0.02371,0.03293,-0.00113,0.00000,0.02040,-89.717,-0.040,8
239.9160,0.02369,0.02542,-0.00113,0.00000,0.01290,-89.717,-0.040,8
239.9660,0.02367,0.01792,-0.00113,0.00000,0.00540,-89.717,-0.040,8
240.0160,0.02370,0.01047,-0.00113,0.00210,0.00000,-89.630,-0.039,9
240.0660,0.02435,0.00399,-0.00113,0.00960,0.00000,-88.074,-0.023,9
240.1160,0.02589,-0.00128,-0.00113,0.01710,0.00000,-85.113,-0.019,9
240.1660,0.02826,-0.00541,-0.00113,0.02460,0.00000,-81.756,-0.024,9
240.2160,0.03137,-0.00856,-0.00113,0.03210,0.00000,-78.406,-0.028,9
240.2660,0.03512,-0.01087,-0.00112,0.03960,0.00000,-75.118,-0.030,9
240.3160,0.03943,-0.01248,-0.00112,0.04710,0.00000,-71.883,-0.031,9
240.3660,0.04422,-0.01351,-0.00112,0.05460,0.00000,-68.691,-0.031,9
240.4160,0.04945,-0.01406,-0.00112,0.06210,0.00000,-65.533,-0.030,9
240.4660,0.05506,-0.01424,-0.00112,0.06960,0.00000,-62.403,-0.029,9
240.5160,0.06102,-0.01413,-0.00113,0.07710,0.00000,-59.294,-0.027,9
240.5660,0.06729,-0.01379,-0.00113,0.08460,0.00000,-56.203,-0.025,9
240.6160,0.07386,-0.01328,-0.00113,0.09210,0.00000,-53.126,-0.023,9
240.6660,0.08070,-0.01264,-0.00113,0.09960,0.00000,-50.060,-0.022,9
240.7160,0.08780,-0.01192,-0.00113,0.10710,0.00000,-47.004,-0.020,9
240.7660,0.09512,-0.01115,-0.00113,0.11460,0.00000,-43.955,-0.018,9
240.8160,0.10265,-0.01037,-0.00113,0.12210,0.00000,-40.911,-0.017,9
240.8660,0.11039,-0.00958,-0.00113,0.12960,0.00000,-37.872,-0.016,9
240.9160,0.11830,-0.00879,-0.00113,0.13710,0.00000,-34.835,-0.015,9
240.9660,0.12637,-0.00803,-0.00113,0.14460,0.00000,-31.801,-0.014,9
241.0160,0.13459,-0.00729,-0.00113,0.15210,0.00000,-28.767,-0.013,9
241.0660,0.14294,-0.00657,-0.00113,0.15960,0.00000,-25.731,-0.013,9
241.1160,0.15141,-0.00589,-0.00113,0.16710,0.00000,-22.694,-0.012,9
241.1660,0.15997,-0.00522,-0.00113,0.17460,0.00000,-19.653,-0.012,9
241.2160,0.16861,-0.00459,-0.00113,0.18210,0.00000,-16.606,-0.012,9
241.2660,0.17731,-0.00397,-0.00114,0.18960,0.00000,-13.551,-0.012,9
241.3160,0.18604,-0.00338,-0.00114,0.19710,0.00000,-10.486,-0.012,9
241.3660,0.19482,-0.00280,-0.00114,0.20460,0.00000,-7.413,-0.012,9
241.4160,0.20362,-0.00222,-0.00114,0.21210,0.00000,-4.371,-0.011,9
241.4660,0.21242,-0.00164,-0.00114,0.21960,0.00000,-1.718,-0.011,9
241.5160,0.22124,-0.00107,-0.00114,0.22710,0.00000,-0.675,-0.011,9
241.5660,0.23011,-0.00050,-0.00114,0.23460,0.00000,-0.504,-0.011,9
241.6160,0.23901,0.00007,-0.00114,0.24210,0.00000,-0.440,-0.011,9
241.6660,0.24793,0.00064,-0.00114,0.24960,0.00000,-0.366,-0.011,9
241.7160,0.25685,0.00121,-0.00114,0.25710,0.00000,-0.300,-0.011,9
241.7660,0.26575,0.00177,-0.00114,0.26460,0.00000,-0.246,-0.010,9
241.8160,0.27462,0.00231,-0.00114,0.27210,0.00000,-0.202,-0.010,9
241.8660,0.28345,0.00283,-0.00114,0.27960,0.00000,-0.167,-0.010,9
241.9160,0.29224,0.00335,-0.00114,0.28710,0.00000,-0.138,-0.010,9
241.9660,0.30097,0.00384,-0.00114,0.29460,0.00000,-0.114,-0.010,9
242.0160,0.30964,0.00432,-0.00114,0.30210,0.00000,-0.096,-0.010,9
242.0660,0.31825,0.00478,-0.00114,0.30960,0.00000,-0.081,-0.010,9
242.1160,0.32678,0.00521,-0.00114,0.31710,0.00000,-0.069,-0.010,9
242.1660,0.33524,0.00562,-0.00114,0.32460,0.00000,-0.059,-0.010,9
242.2160,0.34363,0.00601,-0.00114,0.33210,0.00000,-0.052,-0.009,9
242.2660,0.35195,0.00637,-0.00114,0.33960,0.00000,-0.046,-0.009,9
242.3160,0.36018,0.00670,-0.00114,0.34710,0.00000,-0.042,-0.009,9
242.3660,0.36834,0.00701,-0.00114,0.35460,0.00000,-0.039,-0.009,9
242.4160,0.37643,0.00729,-0.00114,0.36210,0.00000,-0.036,-0.009,9
242.4660,0.38445,0.00756,-0.00114,0.36960,0.00000,-0.035,-0.008,9
242.5160,0.39242,0.00780,-0.00114,0.37710,0.00000,-0.034,-0.008,9
242.5660,0.40034,0.00803,-0.00114,0.38460,0.00000,-0.033,-0.008,9
242.6160,0.40819,0.00824,-0.00114,0.39210,0.00000,-0.033,-0.008,9
242.6660,0.41600,0.00843,-0.00114,0.39960,0.00000,-0.033,-0.008,9
242.7160,0.42376,0.00861,-0.00114,0.40710,0.00000,-0.033,-0.007,9
242.7660,0.43148,0.00877,-0.00114,0.41460,0.00000,-0.034,-0.007,9
242.8160,0.43917,0.00892,-0.00114,0.42210,0.00000,-0.034,-0.007,9
242.8660,0.44682,0.00906,-0.00114,0.42960,0.00000,-0.035,-0.007,9
242.9160,0.45443,0.00918,-0.00114,0.43710,0.00000,-0.036,-0.006,9
242.9660,0.46201,0.00929,-0.00114,0.44460,0.00000,-0.037,-0.006,9
243.0160,0.46956,0.00938,-0.00114,0.45210,0.00000,-0.037,-0.006,9
243.0660,0.47708,0.00945,-0.00114,0.45960,0.00000,-0.038,-0.006,9
243.1160,0.48458,0.00952,-0.00114,0.46710,0.00000,-0.039,-0.006,9
243.1660,0.49206,0.00958,-0.00114,0.47460,0.00000,-0.039,-0.005,9
243.2160,0.49953,0.00963,-0.00114,0.48210,0.00000,-0.040,-0.005,9
243.2660,0.50698,0.00967,-0.00114,0.48960,0.00000,-0.040,-0.005,9
243.3160,0.51443,0.00971,-0.00114,0.49710,0.00000,-0.041,-0.005,9
243.3660,0.52187,0.00974,-0.00114,0.50460,0.00000,-0.041,-0.005,9
243.4160,0.52931,0.00977,-0.00114,0.51210,0.00000,-0.042,-0.005,9
243.4660,0.53675,0.00980,-0.00114,0.51960,0.00000,-0.042,-0.004,9
243.5160,0.54419,0.00982,-0.00114,0.52710,0.00000,-0.043,-0.004,9
243.5660,0.55161,0.00984,-0.00114,0.53460,0.00000,-0.043,-0.004,9
243.6160,0.55903,0.00984,-0.00114,0.54210,0.00000,-0.044,-0.004,9
243.6660,0.56645,0.00985,-0.00114,0.54960,0.00000,-0.044,-0.004,9
243.7160,0.57386,0.00984,-0.00114,0.55710,0.00000,-0.044,-0.004,9
243.7660,0.58128,0.00983,-0.00114,0.56460,0.00000,-0.044,-0.004,9
243.8160,0.58870,0.00983,-0.00114,0.57210,0.00000,-0.044,-0.004,9
243.8660,0.59614,0.00983,-0.00114,0.57960,0.00000,-0.044,-0.004,9
243.9160,0.60357,0.00983,-0.00114,0.58710,0.00000,-0.045,-0.004,9
243.9660,0.61101,0.00982,-0.00114,0.59460,0.00000,-0.045,-0.004,9
244.0160,0.61845,0.00982,-0.00114,0.60210,0.00000,-0.045,-0.004,9
244.0660,0.62589,0.00981,-0.00114,0.60960,0.00000,-0.045,-0.004,9
244.1160,0.63334,0.00980,-0.00114,0.61710,0.00000,-0.045,-0.004,9
244.1660,0.64080,0.00980,-0.00114,0.62460,0.00000,-0.045,-0.004,9
244.2160,0.64828,0.00980,-0.00114,0.63210,0.00000,-0.045,-0.004,9
244.2660,0.65576,0.00981,-0.00114,0.63960,0.00000,-0.045,-0.004,9
244.3160,0.66324,0.00982,-0.00114,0.64710,0.00000,-0.045,-0.004,9
244.3660,0.67072,0.00982,-0.00114,0.65460,0.00000,-0.045,-0.004,9
244.4160,0.67821,0.00982,-0.00114,0.66210,0.00000,-0.046,-0.004,9
244.4660,0.68570,0.00983,-0.00114,0.66960,0.00000,-0.046,-0.004,9
244.5160,0.69319,0.00983,-0.00114,0.67710,0.00000,-0.046,-0.004,9
244.5660,0.70067,0.00982,-0.00114,0.68460,0.00000,-0.046,-0.004,9
244.6160,0.70816,0.00982,-0.00114,0.69210,0.00000,-0.046,-0.004,9
244.6660,0.71566,0.00982,-0.00114,0.69960,0.00000,-0.046,-0.004,9
244.7160,0.72315,0.00982,-0.00114,0.70710,0.00000,-0.046,-0.004,9
244.7660,0.73065,0.00981,-0.00114,0.71460,0.00000,-0.046,-0.004,9
244.8160,0.73814,0.00981,-0.00114,0.72210,0.00000,-0.046,-0.004,9
244.8660,0.74563,0.00980,-0.00114,0.72960,0.00000,-0.046,-0.004,9
244.9160,0.75313,0.00980,-0.00114,0.73710,0.00000,-0.046,-0.004,9
244.9660,0.76063,0.00979,-0.00114,0.74460,0.00000,-0.046,-0.004,9
245.0160,0.76812,0.00979,-0.00114,0.75210,0.00000,-0.046,-0.004,9
245.0660,0.77562,0.00978,-0.00114,0.75960,0.00000,-0.046,-0.004,9
245.1160,0.78313,0.00978,-0.00114,0.76710,0.00000,-0.046,-0.004,9
245.1660,0.79063,0.00978,-0.00114,0.77460,0.00000,-0.046,-0.004,9
245.2160,0.79815,0.00979,-0.00114,0.78210,0.00000,-0.046,-0.004,9
245.2660,0.80567,0.00980,-0.00114,0.78960,0.00000,-0.046,-0.004,9
245.3160,0.81319,0.00981,-0.00114,0.79710,0.00000,-0.046,-0.004,9
245.3660,0.82071,0.00982,-0.00114,0.80460,0.00000,-0.047,-0.003,9
245.4160,0.82822,0.00983,-0.00114,0.81210,0.00000,-0.047,-0.003,9
245.4660,0.83573,0.00983,-0.00114,0.81960,0.00000,-0.047,-0.003,9
245.5160,0.84324,0.00983,-0.00114,0.82710,0.00000,-0.047,-0.004,9
245.5660,0.85074,0.00983,-0.00114,0.83460,0.00000,-0.047,-0.004,9
245.6160,0.85824,0.00982,-0.00114,0.84210,0.00000,-0.047,-0.004,9
245.6660,0.86574,0.00982,-0.00114,0.84960,0.00000,-0.047,-0.004,9
245.7160,0.87324,0.00981,-0.00114,0.85710,0.00000,-0.047,-0.004,9
245.7660,0.88073,0.00980,-0.00114,0.86460,0.00000,-0.047,-0.004,9
245.8160,0.88823,0.00980,-0.00114,0.87210,0.00000,-0.047,-0.004,9
245.8660,0.89573,0.00980,-0.00114,0.87960,0.00000,-0.047,-0.004,9
245.9160,0.90323,0.00979,-0.00114,0.88710,0.00000,-0.047,-0.004,9
245.9660,0.91073,0.00979,-0.00114,0.89460,0.00000,-0.047,-0.004,9
246.0160,0.91824,0.00979,-0.00114,0.90210,0.00000,-0.047,-0.003,9
246.0660,0.92575,0.00979,-0.00114,0.90960,0.00000,-0.047,-0.003,9
246.1160,0.93325,0.00980,-0.00114,0.91710,0.00000,-0.047,-0.003,9
246.1660,0.94075,0.00979,-0.00114,0.92460,0.00000,-0.047,-0.003,9
246.2160,0.94826,0.00980,-0.00114,0.93210,0.00000,-0.047,-0.003,9
246.2660,0.95576,0.00980,-0.00114,0.93960,0.00000,-0.047,-0.003,9
246.3160,0.96327,0.00980,-0.00114,0.94710,0.00000,-0.047,-0.003,9
246.3660,0.97077,0.00981,-0.00114,0.95460,0.00000,-0.047,-0.003,9
246.4160,0.97828,0.00981,-0.00114,0.96210,0.00000,-0.047,-0.003,9
246.4660,0.98578,0.00981,-0.00114,0.96960,0.00000,-0.047,-0.003,9
246.5160,0.99327,0.00980,-0.00114,0.97710,0.00000,-0.047,-0.003,9
246.5660,1.00076,0.00979,-0.00114,0.98460,0.00000,-0.047,-0.003,9
246.6160,1.00825,0.00978,-0.00114,0.99210,0.00000,-0.047,-0.003,9
246.6660,1.01574,0.00977,-0.00114,0.99960,0.00000,-0.047,-0.003,9
246.7160,1.02317,0.00981,-0.00114,1.00000,0.00710,0.038,-0.002,9
246.7660,1.02965,0.01049,-0.00114,1.00000,0.01460,1.569,0.014,9
246.8160,1.03493,0.01196,-0.00114,1.00000,0.02210,4.739,0.017,9
246.8660,1.03910,0.01411,-0.00114,1.00000,0.02960,8.389,0.011,9
246.9160,1.04232,0.01685,-0.00113,1.00000,0.03710,12.009,0.005,9
246.9660,1.04475,0.02010,-0.00113,1.00000,0.04460,15.532,0.002,9
247.0160,1.04657,0.02385,-0.00113,1.00000,0.05210,18.969,-0.000,9
247.0660,1.04789,0.02807,-0.00113,1.00000,0.05960,22.337,-0.001,9
247.1160,1.04884,0.03272,-0.00113,1.00000,0.06710,25.649,-0.002,9
247.1660,1.04950,0.03780,-0.00113,1.00000,0.07460,28.913,-0.002,9
247.2160,1.04998,0.04330,-0.00112,1.00000,0.08210,32.137,-0.001,9
247.2660,1.05032,0.04921,-0.00112,1.00000,0.08960,35.328,-0.001,9
247.3160,1.05057,0.05551,-0.00112,1.00000,0.09710,38.491,-0.000,9
247.3660,1.05077,0.06219,-0.00112,1.00000,0.10460,41.628,0.000,9
247.4160,1.05095,0.06925,-0.00112,1.00000,0.11210,44.743,0.000,9
247.4660,1.05113,0.07668,-0.00112,1.00000,0.11960,47.838,0.000,9
247.5160,1.05132,0.08446,-0.00112,1.00000,0.12710,50.916,-0.000,9
247.5660,1.05151,0.09259,-0.00112,1.00000,0.13460,53.977,-0.001,9
247.6160,1.05172,0.10105,-0.00112,1.00000,0.14210,57.024,-0.002,9
247.6660,1.05193,0.10982,-0.00112,1.00000,0.14960,60.058,-0.003,9
247.7160,1.05212,0.11890,-0.00112,1.00000,0.15710,63.080,-0.004,9
247.7660,1.05228,0.12826,-0.00113,1.00000,0.16460,66.090,-0.006,9
247.8160,1.05241,0.13788,-0.00113,1.00000,0.17210,69.091,-0.007,9
247.8660,1.05248,0.14775,-0.00113,1.00000,0.17960,72.082,-0.009,9
247.9160,1.05248,0.15783,-0.00113,1.00000,0.18710,75.064,-0.011,9
247.9660,1.05236,0.16809,-0.00113,1.00000,0.19460,78.037,-0.013,9
248.0160,1.05212,0.17850,-0.00113,1.00000,0.20210,81.002,-0.015,9
248.0660,1.05174,0.18903,-0.00113,1.00000,0.20960,83.953,-0.016,9
248.1160,1.05119,0.19963,-0.00113,1.00000,0.21710,86.848,-0.018,9
248.1660,1.05050,0.21025,-0.00113,1.00000,0.22460,89.319,-0.020,9
248.2160,1.04968,0.22080,-0.00113,1.00000,0.23210,90.167,-0.021,9
248.2660,1.04878,0.23115,-0.00113,1.00000,0.23960,90.176,-0.022,9
248.3160,1.04783,0.24129,-0.00113,1.00000,0.24710,90.112,-0.023,9
248.3660,1.04684,0.25122,-0.00113,1.00000,0.25460,90.082,-0.024,9
248.4160,1.04583,0.26096,-0.00113,1.00000,0.26210,90.062,-0.024,9
248.4660,1.04480,0.27049,-0.00113,1.00000,0.26960,90.046,-0.025,9
248.5160,1.04375,0.27984,-0.00113,1.00000,0.27710,90.032,-0.025,9
248.5660,1.04270,0.28900,-0.00113,1.00000,0.28460,90.021,-0.025,9
248.6160,1.04167,0.29798,-0.00113,1.00000,0.29210,90.012,-0.025,9
248.6660,1.04064,0.30680,-0.00113,1.00000,0.29960,90.005,-0.025,9
248.7160,1.03962,0.31545,-0.00113,1.00000,0.30710,89.999,-0.024,9
248.7660,1.03864,0.32396,-0.00113,1.00000,0.31460,89.994,-0.024,9
248.8160,1.03769,0.33234,-0.00113,1.00000,0.32210,89.991,-0.024,9
248.8660,1.03677,0.34059,-0.00113,1.00000,0.32960,89.988,-0.023,9
248.9160,1.03591,0.34873,-0.00113,1.00000,0.33710,89.985,-0.023,9
248.9660,1.03508,0.35675,-0.00113,1.00000,0.34460,89.984,-0.022,9
249.0160,1.03428,0.36468,-0.00113,1.00000,0.35210,89.982,-0.022,9
249.0660,1.03350,0.37252,-0.00113,1.00000,0.35960,89.981,-0.022,9
249.1160,1.03276,0.38027,-0.00113,1.00000,0.36710,89.981,-0.021,9
249.1660,1.03206,0.38795,-0.00113,1.00000,0.37460,89.980,-0.021,9
249.2160,1.03139,0.39557,-0.00113,1.00000,0.38210,89.980,-0.020,9
249.2660,1.03076,0.40313,-0.00113,1.00000,0.38960,89.979,-0.020,9
249.3160,1.03016,0.41064,-0.00113,1.00000,0.39710,89.979,-0.019,9
249.3660,1.02959,0.41811,-0.00113,1.00000,0.40460,89.979,-0.019,9
249.4160,1.02905,0.42554,-0.00113,1.00000,0.41210,89.979,-0.019,9
249.4660,1.02856,0.43294,-0.00113,1.00000,0.41960,89.978,-0.018,9
249.5160,1.02810,0.44031,-0.00113,1.00000,0.42710,89.978,-0.018,9
249.5660,1.02768,0.44767,-0.00113,1.00000,0.43460,89.978,-0.018,9
249.6160,1.02728,0.45501,-0.00113,1.00000,0.44210,89.978,-0.017,9
249.6660,1.02692,0.46234,-0.00113,1.00000,0.44960,89.977,-0.017,9
249.7160,1.02658,0.46966,-0.00113,1.00000,0.45710,89.977,-0.017,9
249.7660,1.02626,0.47697,-0.00113,1.00000,0.46460,89.977,-0.017,9
249.8160,1.02598,0.48428,-0.00113,1.00000,0.47210,89.976,-0.016,9
249.8660,1.02573,0.49160,-0.00113,1.00000,0.47960,89.976,-0.016,9
249.9160,1.02550,0.49892,-0.00113,1.00000,0.48710,89.976,-0.016,9
249.9660,1.02530,0.50624,-0.00113,1.00000,0.49460,89.975,-0.016,9
250.0160,1.02512,0.51356,-0.00113,1.00000,0.50210,89.975,-0.016,9
250.0660,1.02495,0.52089,-0.00113,1.00000,0.50960,89.974,-0.016,9
250.1160,1.02480,0.52823,-0.00113,1.00000,0.51710,89.974,-0.016,9
250.1660,1.02466,0.53558,-0.00113,1.00000,0.52460,89.974,-0.016,9
250.2160,1.02455,0.54293,-0.00113,1.00000,0.53210,89.973,-0.015,9
250.2660,1.02445,0.55029,-0.00113,1.00000,0.53960,89.973,-0.015,9
250.3160,1.02435,0.55766,-0.00114,1.00000,0.54710,89.972,-0.015,9
250.3660,1.02426,0.56504,-0.00114,1.00000,0.55460,89.972,-0.015,9
250.4160,1.02417,0.57242,-0.00114,1.00000,0.56210,89.971,-0.015,9
250.4660,1.02408,0.57981,-0.00114,1.00000,0.56960,89.971,-0.015,9
250.5160,1.02400,0.58721,-0.00114,1.00000,0.57710,89.971,-0.015,9
250.5660,1.02394,0.59462,-0.00114,1.00000,0.58460,89.970,-0.015,9
250.6160,1.02388,0.60204,-0.00114,1.00000,0.59210,89.970,-0.015,9
250.6660,1.02383,0.60946,-0.00114,1.00000,0.59960,89.969,-0.015,9
250.7160,1.02378,0.61689,-0.00114,1.00000,0.60710,89.969,-0.015,9
250.7660,1.02374,0.62434,-0.00114,1.00000,0.61460,89.969,-0.015,9
250.8160,1.02372,0.63179,-0.00114,1.00000,0.62210,89.968,-0.015,9
250.8660,1.02371,0.63924,-0.00114,1.00000,0.62960,89.968,-0.015,9
250.9160,1.02371,0.64671,-0.00114,1.00000,0.63710,89.968,-0.015,9
250.9660,1.02371,0.65419,-0.00114,1.00000,0.64460,89.967,-0.015,9
251.0160,1.02371,0.66166,-0.00114,1.00000,0.65210,89.967,-0.015,9
251.0660,1.02371,0.66914,-0.00114,1.00000,0.65960,89.967,-0.015,9
251.1160,1.02371,0.67662,-0.00114,1.00000,0.66710,89.967,-0.016,9
251.1660,1.02371,0.68411,-0.00114,1.00000,0.67460,89.967,-0.016,9
251.2160,1.02370,0.69160,-0.00114,1.00000,0.68210,89.966,-0.016,9
251.2660,1.02370,0.69909,-0.00114,1.00000,0.68960,89.966,-0.016,9
251.3160,1.02371,0.70659,-0.00114,1.00000,0.69710,89.966,-0.016,9
251.3660,1.02372,0.71409,-0.00114,1.00000,0.70460,89.966,-0.016,9
251.4160,1.02372,0.72158,-0.00114,1.00000,0.71210,89.966,-0.016,9
251.4660,1.02371,0.72908,-0.00114,1.00000,0.71960,89.966,-0.016,9
251.5160,1.02372,0.73659,-0.00114,1.00000,0.72710,89.966,-0.016,9
251.5660,1.02373,0.74409,-0.00114,1.00000,0.73460,89.966,-0.016,9
251.6160,1.02374,0.75159,-0.00114,1.00000,0.74210,89.965,-0.016,9
251.6660,1.02375,0.75910,-0.00114,1.00000,0.74960,89.965,-0.016,9
251.7160,1.02376,0.76661,-0.00114,1.00000,0.75710,89.965,-0.016,9
251.7660,1.02377,0.77412,-0.00114,1.00000,0.76460,89.965,-0.016,9
251.8160,1.02379,0.78163,-0.00114,1.00000,0.77210,89.965,-0.016,9
251.8660,1.02380,0.78914,-0.00114,1.00000,0.77960,89.965,-0.016,9
251.9160,1.02380,0.79664,-0.00114,1.00000,0.78710,89.965,-0.016,9
251.9660,1.02378,0.80414,-0.00114,1.00000,0.79460,89.965,-0.016,9
252.0160,1.02377,0.81164,-0.00114,1.00000,0.80210,89.965,-0.016,9
252.0660,1.02375,0.81915,-0.00114,1.00000,0.80960,89.965,-0.016,9
252.1160,1.02373,0.82665,-0.00114,1.00000,0.81710,89.965,-0.016,9
252.1660,1.02371,0.83414,-0.00114,1.00000,0.82460,89.965,-0.016,9
252.2160,1.02369,0.84164,-0.00114,1.00000,0.83210,89.965,-0.016,9
252.2660,1.02367,0.84914,-0.00114,1.00000,0.83960,89.965,-0.016,9
252.3160,1.02364,0.85664,-0.00114,1.00000,0.84710,89.965,-0.016,9
252.3660,1.02361,0.86413,-0.00114,1.00000,0.85460,89.965,-0.016,9
252.4160,1.02360,0.87163,-0.00114,1.00000,0.86210,89.965,-0.016,9
252.4660,1.02360,0.87914,-0.00114,1.00000,0.86960,89.965,-0.016,9
252.5160,1.02360,0.88664,-0.00114,1.00000,0.87710,89.965,-0.016,9
252.5660,1.02360,0.89415,-0.00114,1.00000,0.88460,89.965,-0.016,9
252.6160,1.02360,0.90165,-0.00114,1.00000,0.89210,89.965,-0.016,9
252.6660,1.02358,0.90915,-0.00114,1.00000,0.89960,89.965,-0.016,9
252.7160,1.02355,0.91664,-0.00114,1.00000,0.90710,89.965,-0.016,9
252.7660,1.02353,0.92414,-0.00114,1.00000,0.91460,89.964,-0.016,9
252.8160,1.02352,0.93164,-0.00114,1.00000,0.92210,89.964,-0.016,9
252.8660,1.02351,0.93914,-0.00114,1.00000,0.92960,89.964,-0.016,9
252.9160,1.02352,0.94664,-0.00114,1.00000,0.93710,89.964,-0.016,9
252.9660,1.02351,0.95414,-0.00114,1.00000,0.94460,89.964,-0.016,9
253.0160,1.02351,0.96164,-0.00114,1.00000,0.95210,89.964,-0.016,9
253.0660,1.02350,0.96914,-0.00114,1.00000,0.95960,89.964,-0.016,9
253.1160,1.02350,0.97664,-0.00114,1.00000,0.96710,89.964,-0.016,9
253.1660,1.02350,0.98415,-0.00114,1.00000,0.97460,89.964,-0.016,9
253.2160,1.02350,0.99165,-0.00114,1.00000,0.98210,89.964,-0.016,9
253.2660,1.02349,0.99915,-0.00114,1.00000,0.98960,89.964,-0.016,9
253.3160,1.02349,1.00665,-0.00114,1.00000,0.99710,89.964,-0.016,9
253.3660,1.02345,1.01409,-0.00114,0.99540,1.00000,90.049,-0.015,9
253.4160,1.02278,1.02066,-0.00114,0.98790,1.00000,91.566,0.002,9
253.4660,1.02128,1.02625,-0.00113,0.98040,1.00000,94.623,0.004,9
253.5160,1.01903,1.03099,-0.00113,0.97290,1.00000,98.137,-0.003,9
253.5660,1.01610,1.03500,-0.00113,0.96540,1.00000,101.639,-0.009,9
253.6160,1.01253,1.03839,-0.00113,0.95790,1.00000,105.061,-0.013,9
253.6660,1.00837,1.04125,-0.00112,0.95040,1.00000,108.411,-0.016,9
253.7160,1.00366,1.04367,-0.00112,0.94290,1.00000,111.700,-0.018,9
253.7660,0.99844,1.04572,-0.00112,0.93540,1.00000,114.938,-0.020,9
253.8160,0.99271,1.04747,-0.00112,0.92790,1.00000,118.134,-0.021,9
253.8660,0.98650,1.04896,-0.00112,0.92040,1.00000,121.294,-0.023,9
253.9160,0.97984,1.05025,-0.00112,0.91290,1.00000,124.424,-0.024,9
253.9660,0.97276,1.05135,-0.00112,0.90540,1.00000,127.528,-0.025,9
254.0160,0.96526,1.05228,-0.00112,0.89790,1.00000,130.611,-0.026,9
254.0660,0.95736,1.05305,-0.00112,0.89040,1.00000,133.675,-0.028,9
254.1160,0.94910,1.05367,-0.00112,0.88290,1.00000,136.725,-0.029,9
254.1660,0.94050,1.05413,-0.00112,0.87540,1.00000,139.762,-0.031,9
254.2160,0.93159,1.05442,-0.00112,0.86790,1.00000,142.789,-0.033,9
254.2660,0.92239,1.05453,-0.00112,0.86040,1.00000,145.808,-0.035,9
254.3160,0.91294,1.05444,-0.00111,0.85290,1.00000,148.820,-0.037,9
254.3660,0.90327,1.05414,-0.00111,0.84540,1.00000,151.829,-0.039,9
254.4160,0.89343,1.05363,-0.00111,0.83790,1.00000,154.836,-0.041,9
254.4660,0.88347,1.05288,-0.00111,0.83040,1.00000,157.841,-0.043,9
254.5160,0.87342,1.05191,-0.00111,0.82290,1.00000,160.847,-0.045,9
254.5660,0.86332,1.05070,-0.00111,0.81540,1.00000,163.855,-0.047,9
254.6160,0.85321,1.04924,-0.00111,0.80790,1.00000,166.866,-0.049,9
254.6660,0.84312,1.04754,-0.00111,0.80040,1.00000,169.882,-0.051,9
254.7160,0.83310,1.04559,-0.00111,0.79290,1.00000,172.900,-0.053,9
254.7660,0.82318,1.04341,-0.00110,0.78540,1.00000,175.878,-0.054,9
254.8160,0.81341,1.04103,-0.00110,0.77790,1.00000,178.454,-0.056,9
254.8660,0.80387,1.03855,-0.00110,0.77040,1.00000,179.379,-0.057,9
254.9160,0.79462,1.03612,-0.00110,0.76290,1.00000,179.471,-0.058,9
254.9660,0.78564,1.03381,-0.00110,0.75540,1.00000,179.490,-0.059,9
255.0160,0.77690,1.03162,-0.00110,0.74790,1.00000,179.529,-0.060,9
255.0660,0.76837,1.02955,-0.00110,0.74040,1.00000,179.566,-0.060,9
255.1160,0.76004,1.02760,-0.00110,0.73290,1.00000,179.596,-0.060,9
255.1660,0.75187,1.02576,-0.00110,0.72540,1.00000,179.622,-0.060,9
255.2160,0.74384,1.02403,-0.00110,0.71790,1.00000,179.644,-0.060,9
255.2660,0.73594,1.02241,-0.00110,0.71040,1.00000,179.662,-0.060,9
255.3160,0.72815,1.02091,-0.00110,0.70290,1.00000,179.677,-0.060,9
255.3660,0.72046,1.01952,-0.00110,0.69540,1.00000,179.690,-0.059,9
255.4160,0.71286,1.01824,-0.00110,0.68790,1.00000,179.701,-0.059,9
255.4660,0.70533,1.01706,-0.00110,0.68040,1.00000,179.711,-0.058,9
255.5160,0.69786,1.01598,-0.00110,0.67290,1.00000,179.719,-0.058,9
255.5660,0.69045,1.01500,-0.00110,0.66540,1.00000,179.726,-0.058,9
255.6160,0.68308,1.01411,-0.00110,0.65790,1.00000,179.732,-0.057,9
255.6660,0.67575,1.01330,-0.00111,0.65040,1.00000,179.737,-0.057,9
255.7160,0.66845,1.01257,-0.00111,0.64290,1.00000,179.741,-0.057,9
255.7660,0.66116,1.01192,-0.00111,0.63540,1.00000,179.745,-0.056,9
255.8160,0.65389,1.01133,-0.00111,0.62790,1.00000,179.749,-0.056,9
255.8660,0.64663,1.01081,-0.00111,0.62040,1.00000,179.752,-0.056,9
255.9160,0.63937,1.01035,-0.00111,0.61290,1.00000,179.755,-0.055,9
255.9660,0.63211,1.00993,-0.00111,0.60540,1.00000,179.757,-0.055,9
256.0160,0.62485,1.00957,-0.00111,0.59790,1.00000,179.760,-0.055,9
256.0660,0.61758,1.00926,-0.00112,0.59040,1.00000,179.762,-0.055,9
256.1160,0.61031,1.00899,-0.00112,0.58290,1.00000,179.764,-0.055,9
256.1660,0.60303,1.00876,-0.00112,0.57540,1.00000,179.766,-0.054,9
256.2160,0.59575,1.00856,-0.00112,0.56790,1.00000,179.767,-0.054,9
256.2660,0.58846,1.00840,-0.00112,0.56040,1.00000,179.769,-0.054,9
256.3160,0.58116,1.00828,-0.00112,0.55290,1.00000,179.770,-0.054,9
256.3660,0.57385,1.00818,-0.00112,0.54540,1.00000,179.771,-0.054,9
256.4160,0.56654,1.00810,-0.00112,0.53790,1.00000,179.772,-0.054,9
256.4660,0.55920,1.00805,-0.00112,0.53040,1.00000,179.773,-0.054,9
256.5160,0.55185,1.00800,-0.00112,0.52290,1.00000,179.774,-0.054,9
256.5660,0.54449,1.00797,-0.00113,0.51540,1.00000,179.775,-0.054,9
256.6160,0.53712,1.00797,-0.00113,0.50790,1.00000,179.776,-0.054,9
256.6660,0.52973,1.00797,-0.00113,0.50040,1.00000,179.777,-0.054,9
256.7160,0.52234,1.00798,-0.00113,0.49290,1.00000,179.778,-0.054,9
256.7660,0.51494,1.00801,-0.00113,0.48540,1.00000,179.779,-0.054,9
256.8160,0.50753,1.00804,-0.00113,0.47790,1.00000,179.779,-0.054,9
256.8660,0.50010,1.00807,-0.00113,0.47040,1.00000,179.780,-0.054,9
256.9160,0.49267,1.00811,-0.00113,0.46290,1.00000,179.781,-0.054,9
256.9660,0.48524,1.00816,-0.00113,0.45540,1.00000,179.781,-0.054,9
257.0160,0.47780,1.00822,-0.00113,0.44790,1.00000,179.782,-0.054,9
257.0660,0.47036,1.00829,-0.00113,0.44040,1.00000,179.782,-0.054,9
257.1160,0.46291,1.00835,-0.00113,0.43290,1.00000,179.782,-0.054,9
257.1660,0.45546,1.00841,-0.00113,0.42540,1.00000,179.783,-0.054,9
257.2160,0.44800,1.00847,-0.00113,0.41790,1.00000,179.783,-0.054,9
257.2660,0.44053,1.00854,-0.00113,0.41040,1.00000,179.783,-0.054,9
257.3160,0.43306,1.00860,-0.00113,0.40290,1.00000,179.784,-0.054,9
257.3660,0.42558,1.00866,-0.00113,0.39540,1.00000,179.784,-0.054,9
257.4160,0.41809,1.00871,-0.00113,0.38790,1.00000,179.784,-0.054,9
257.4660,0.41061,1.00877,-0.00113,0.38040,1.00000,179.784,-0.054,9
257.5160,0.40312,1.00883,-0.00113,0.37290,1.00000,179.785,-0.054,9
257.5660,0.39563,1.00888,-0.00113,0.36540,1.00000,179.785,-0.054,9
257.6160,0.38814,1.00893,-0.00113,0.35790,1.00000,179.785,-0.054,9
257.6660,0.38065,1.00899,-0.00113,0.35040,1.00000,179.785,-0.054,9
257.7160,0.37317,1.00904,-0.00113,0.34290,1.00000,179.785,-0.054,9
257.7660,0.36568,1.00910,-0.00113,0.33540,1.00000,179.785,-0.054,9
257.8160,0.35820,1.00915,-0.00113,0.32790,1.00000,179.785,-0.054,9
257.8660,0.35072,1.00921,-0.00113,0.32040,1.00000,179.785,-0.054,9
257.9160,0.34324,1.00926,-0.00113,0.31290,1.00000,179.785,-0.054,9
257.9660,0.33576,1.00931,-0.00113,0.30540,1.00000,179.785,-0.054,9
258.0160,0.32827,1.00935,-0.00113,0.29790,1.00000,179.785,-0.055,9
258.0660,0.32078,1.00939,-0.00113,0.29040,1.00000,179.785,-0.055,9
258.1160,0.31330,1.00942,-0.00113,0.28290,1.00000,179.785,-0.055,9
258.1660,0.30580,1.00946,-0.00113,0.27540,1.00000,179.785,-0.055,9
258.2160,0.29831,1.00949,-0.00113,0.26790,1.00000,179.785,-0.055,9
258.2660,0.29082,1.00951,-0.00113,0.26040,1.00000,179.785,-0.055,9
258.3160,0.28333,1.00954,-0.00113,0.25290,1.00000,179.785,-0.055,9
258.3660,0.27583,1.00956,-0.00113,0.24540,1.00000,179.785,-0.055,9
258.4160,0.26834,1.00959,-0.00113,0.23790,1.00000,179.784,-0.055,9
258.4660,0.26085,1.00961,-0.00113,0.23040,1.00000,179.784,-0.055,9
258.5160,0.25336,1.00963,-0.00113,0.22290,1.00000,179.784,-0.055,9
258.5660,0.24587,1.00965,-0.00113,0.21540,1.00000,179.784,-0.055,9
258.6160,0.23838,1.00967,-0.00113,0.20790,1.00000,179.784,-0.055,9
258.6660,0.23088,1.00968,-0.00113,0.20040,1.00000,179.784,-0.055,9
258.7160,0.22339,1.00969,-0.00113,0.19290,1.00000,179.784,-0.055,9
258.7660,0.21590,1.00971,-0.00113,0.18540,1.00000,179.784,-0.055,9
258.8160,0.20841,1.00972,-0.00113,0.17790,1.00000,179.784,-0.055,9
258.8660,0.20092,1.00973,-0.00113,0.17040,1.00000,179.784,-0.055,9
258.9160,0.19344,1.00975,-0.00113,0.16290,1.00000,179.783,-0.055,9
258.9660,0.18596,1.00977,-0.00113,0.15540,1.00000,179.783,-0.055,9
259.0160,0.17849,1.00979,-0.00113,0.14790,1.00000,179.783,-0.055,9
259.0660,0.17101,1.00981,-0.00113,0.14040,1.00000,179.783,-0.055,9
259.1160,0.16353,1.00982,-0.00113,0.13290,1.00000,179.782,-0.055,9
259.1660,0.15604,1.00983,-0.00113,0.12540,1.00000,179.782,-0.055,9
259.2160,0.14855,1.00983,-0.00113,0.11790,1.00000,179.782,-0.055,9
259.2660,0.14106,1.00983,-0.00113,0.11040,1.00000,179.782,-0.055,9
259.3160,0.13358,1.00984,-0.00113,0.10290,1.00000,179.782,-0.055,9
259.3660,0.12609,1.00985,-0.00113,0.09540,1.00000,179.782,-0.055,9
259.4160,0.11860,1.00985,-0.00113,0.08790,1.00000,179.782,-0.055,9
259.4660,0.11110,1.00984,-0.00113,0.08040,1.00000,179.782,-0.055,9
259.5160,0.10361,1.00984,-0.00113,0.07290,1.00000,179.782,-0.055,9
259.5660,0.09612,1.00985,-0.00113,0.06540,1.00000,179.781,-0.055,9
259.6160,0.08863,1.00985,-0.00113,0.05790,1.00000,179.781,-0.055,9
259.6660,0.08113,1.00985,-0.00113,0.05040,1.00000,179.781,-0.055,9
259.7160,0.07364,1.00985,-0.00113,0.04290,1.00000,179.781,-0.055,9
259.7660,0.06614,1.00984,-0.00113,0.03540,1.00000,179.781,-0.055,9
259.8160,0.05864,1.00984,-0.00113,0.02790,1.00000,179.781,-0.055,9
259.8660,0.05114,1.00983,-0.00113,0.02040,1.00000,179.781,-0.055,9
259.9160,0.04365,1.00983,-0.00113,0.01290,1.00000,179.781,-0.055,9
259.9660,0.03615,1.00983,-0.00113,0.00540,1.00000,179.781,-0.055,9
260.0160,0.02871,1.00977,-0.00113,0.00000,0.99790,179.864,-0.054,9
260.0660,0.02218,1.00902,-0.00113,0.00000,0.99040,-178.640,-0.035,9
260.1160,0.01703,1.00623,-0.00113,0.00000,0.98290,-175.641,0.001,9
260.1660,0.01269,1.00241,-0.00112,0.00000,0.97540,-172.282,-0.012,9
260.2160,0.00903,0.99790,-0.00111,0.00000,0.96790,-168.910,-0.026,9
260.2660,0.00600,0.99279,-0.00110,0.00000,0.96040,-165.587,-0.031,9
260.3160,0.00353,0.98714,-0.00110,0.00000,0.95290,-162.320,-0.035,9
260.3660,0.00157,0.98100,-0.00109,0.00000,0.94540,-159.098,-0.037,9
260.4160,0.00005,0.97442,-0.00109,0.00000,0.93790,-155.911,-0.039,9
260.4660,-0.00107,0.96745,-0.00108,0.00000,0.93040,-152.754,-0.041,9
260.5160,-0.00185,0.96014,-0.00108,0.00000,0.92290,-149.622,-0.042,9
260.5660,-0.00230,0.95252,-0.00107,0.00000,0.91540,-146.509,-0.043,9
260.6160,-0.00248,0.94463,-0.00107,0.00000,0.90790,-143.412,-0.043,9
260.6660,-0.00238,0.93652,-0.00107,0.00000,0.90040,-140.328,-0.044,9
260.7160,-0.00205,0.92822,-0.00107,0.00000,0.89290,-137.254,-0.045,9
260.7660,-0.00150,0.91975,-0.00107,0.00000,0.88540,-134.187,-0.045,9
260.8160,-0.00074,0.91117,-0.00107,0.00000,0.87790,-131.127,-0.045,9
260.8660,0.00020,0.90249,-0.00106,0.00000,0.87040,-128.070,-0.046,9
260.9160,0.00130,0.89375,-0.00106,0.00000,0.86290,-125.016,-0.046,9
260.9660,0.00255,0.88498,-0.00106,0.00000,0.85540,-121.963,-0.047,9
261.0160,0.00393,0.87620,-0.00107,0.00000,0.84790,-118.909,-0.047,9
261.0660,0.00542,0.86745,-0.00107,0.00000,0.84040,-115.852,-0.047,9
261.1160,0.00700,0.85874,-0.00107,0.00000,0.83290,-112.793,-0.047,9
261.1660,0.00865,0.85010,-0.00107,0.00000,0.82540,-109.728,-0.047,9
261.2160,0.01036,0.84154,-0.00107,0.00000,0.81790,-106.657,-0.047,9
261.2660,0.01210,0.83307,-0.00107,0.00000,0.81040,-103.578,-0.047,9
261.3160,0.01387,0.82471,-0.00107,0.00000,0.80290,-100.489,-0.047,9
261.3660,0.01567,0.81647,-0.00108,0.00000,0.79540,-97.391,-0.046,9
261.4160,0.01748,0.80835,-0.00108,0.00000,0.78790,-94.324,-0.046,9
261.4660,0.01927,0.80035,-0.00108,0.00000,0.78040,-91.646,-0.046,9
261.5160,0.02099,0.79242,-0.00108,0.00000,0.77290,-90.548,-0.045,9
261.5660,0.02254,0.78450,-0.00109,0.00000,0.76540,-90.344,-0.045,9
261.6160,0.02390,0.77658,-0.00109,0.00000,0.75790,-90.264,-0.045,9
261.6660,0.02509,0.76867,-0.00109,0.00000,0.75040,-90.177,-0.045,9
261.7160,0.02611,0.76077,-0.00109,0.00000,0.74290,-90.099,-0.044,9
261.7660,0.02696,0.75288,-0.00109,0.00000,0.73540,-90.035,-0.044,9
261.8160,0.02769,0.74501,-0.00110,0.00000,0.72790,-89.982,-0.044,9
261.8660,0.02830,0.73715,-0.00110,0.00000,0.72040,-89.938,-0.044,9
261.9160,0.02881,0.72931,-0.00110,0.00000,0.71290,-89.901,-0.044,9
261.9660,0.02920,0.72149,-0.00110,0.00000,0.70540,-89.871,-0.043,9
262.0160,0.02949,0.71368,-0.00111,0.00000,0.69790,-89.846,-0.043,9
262.0660,0.02970,0.70589,-0.00111,0.00000,0.69040,-89.825,-0.043,9
262.1160,0.02983,0.69811,-0.00111,0.00000,0.68290,-89.807,-0.043,9
262.1660,0.02991,0.69035,-0.00111,0.00000,0.67540,-89.793,-0.043,9
262.2160,0.02994,0.68261,-0.00111,0.00000,0.66790,-89.781,-0.043,9
262.2660,0.02992,0.67489,-0.00111,0.00000,0.66040,-89.771,-0.042,9
262.3160,0.02986,0.66718,-0.00112,0.00000,0.65290,-89.762,-0.042,9
262.3660,0.02976,0.65949,-0.00112,0.00000,0.64540,-89.755,-0.042,9
262.4160,0.02964,0.65182,-0.00112,0.00000,0.63790,-89.749,-0.042,9
262.4660,0.02950,0.64416,-0.00112,0.00000,0.63040,-89.744,-0.042,9
262.5160,0.02934,0.63652,-0.00112,0.00000,0.62290,-89.739,-0.042,9
262.5660,0.02918,0.62889,-0.00112,0.00000,0.61540,-89.736,-0.042,9
262.6160,0.02900,0.62128,-0.00112,0.00000,0.60790,-89.732,-0.042,9
262.6660,0.02881,0.61368,-0.00112,0.00000,0.60040,-89.730,-0.042,9
262.7160,0.02862,0.60609,-0.00112,0.00000,0.59290,-89.727,-0.042,9
262.7660,0.02842,0.59850,-0.00112,0.00000,0.58540,-89.725,-0.041,9
262.8160,0.02820,0.59093,-0.00112,0.00000,0.57790,-89.723,-0.041,9
262.8660,0.02799,0.58336,-0.00113,0.00000,0.57040,-89.722,-0.041,9
262.9160,0.02778,0.57581,-0.00113,0.00000,0.56290,-89.721,-0.041,9
262.9660,0.02757,0.56826,-0.00113,0.00000,0.55540,-89.719,-0.041,9
263.0160,0.02738,0.56072,-0.00113,0.00000,0.54790,-89.718,-0.041,9
263.0660,0.02720,0.55318,-0.00113,0.00000,0.54040,-89.718,-0.041,9
263.1160,0.02702,0.54566,-0.00113,0.00000,0.53290,-89.717,-0.041,9
263.1660,0.02686,0.53814,-0.00113,0.00000,0.52540,-89.716,-0.041,9
263.2160,0.02669,0.53062,-0.00113,0.00000,0.51790,-89.715,-0.041,9
263.2660,0.02653,0.52311,-0.00113,0.00000,0.51040,-89.714,-0.041,9
263.3160,0.02637,0.51560,-0.00113,0.00000,0.50290,-89.714,-0.041,9
263.3660,0.02622,0.50809,-0.00113,0.00000,0.49540,-89.713,-0.041,9
263.4160,0.02608,0.50058,-0.00113,0.00000,0.48790,-89.713,-0.041,9
263.4660,0.02594,0.49308,-0.00113,0.00000,0.48040,-89.713,-0.041,9
263.5160,0.02581,0.48558,-0.00113,0.00000,0.47290,-89.712,-0.041,9
263.5660,0.02569,0.47808,-0.00113,0.00000,0.46540,-89.712,-0.041,9
263.6160,0.02558,0.47058,-0.00113,0.00000,0.45790,-89.712,-0.041,9
263.6660,0.02547,0.46308,-0.00113,0.00000,0.45040,-89.712,-0.041,9
263.7160,0.02537,0.45558,-0.00113,0.00000,0.44290,-89.711,-0.040,9
263.7660,0.02527,0.44809,-0.00113,0.00000,0.43540,-89.711,-0.040,9
263.8160,0.02519,0.44059,-0.00113,0.00000,0.42790,-89.711,-0.040,9
263.8660,0.02511,0.43310,-0.00113,0.00000,0.42040,-89.711,-0.040,9
263.9160,0.02502,0.42560,-0.00113,0.00000,0.41290,-89.711,-0.040,9
263.9660,0.02494,0.41810,-0.00113,0.00000,0.40540,-89.711,-0.040,9
264.0160,0.02487,0.41060,-0.00113,0.00000,0.39790,-89.711,-0.040,9
264.0660,0.02482,0.40311,-0.00113,0.00000,0.39040,-89.711,-0.040,9
264.1160,0.02476,0.39562,-0.00113,0.00000,0.38290,-89.711,-0.040,9
264.1660,0.02469,0.38812,-0.00113,0.00000,0.37540,-89.711,-0.040,9
264.2160,0.02463,0.38061,-0.00113,0.00000,0.36790,-89.711,-0.040,9
264.2660,0.02458,0.37312,-0.00113,0.00000,0.36040,-89.711,-0.040,9
264.3160,0.02454,0.36562,-0.00113,0.00000,0.35290,-89.711,-0.040,9
264.3660,0.02451,0.35812,-0.00113,0.00000,0.34540,-89.711,-0.040,9
264.4160,0.02448,0.35063,-0.00113,0.00000,0.33790,-89.711,-0.040,9
264.4660,0.02448,0.34314,-0.00113,0.00000,0.33040,-89.711,-0.040,9
264.5160,0.02448,0.33565,-0.00113,0.00000,0.32290,-89.711,-0.040,9
264.5660,0.02448,0.32817,-0.00113,0.00000,0.31540,-89.710,-0.040,9
264.6160,0.02448,0.32068,-0.00113,0.00000,0.30790,-89.710,-0.040,9
264.6660,0.02448,0.31319,-0.00113,0.00000,0.30040,-89.710,-0.040,9
264.7160,0.02448,0.30569,-0.00113,0.00000,0.29290,-89.710,-0.040,9
264.7660,0.02448,0.29820,-0.00113,0.00000,0.28540,-89.710,-0.040,9
264.8160,0.02447,0.29071,-0.00113,0.00000,0.27790,-89.710,-0.040,9
264.8660,0.02447,0.28321,-0.00113,0.00000,0.27040,-89.710,-0.040,9
264.9160,0.02446,0.27571,-0.00113,0.00000,0.26290,-89.710,-0.040,9
264.9660,0.02444,0.26821,-0.00113,0.00000,0.25540,-89.710,-0.040,9
265.0160,0.02441,0.26071,-0.00113,0.00000,0.24790,-89.710,-0.040,9
265.0660,0.02437,0.25320,-0.00113,0.00000,0.24040,-89.710,-0.040,9
265.1160,0.02432,0.24569,-0.00113,0.00000,0.23290,-89.711,-0.040,9
265.1660,0.02427,0.23817,-0.00113,0.00000,0.22540,-89.711,-0.040,9
265.2160,0.02423,0.23066,-0.00113,0.00000,0.21790,-89.711,-0.040,9
265.2660,0.02419,0.22315,-0.00113,0.00000,0.21040,-89.712,-0.040,9
265.3160,0.02416,0.21564,-0.00113,0.00000,0.20290,-89.712,-0.040,9
265.3660,0.02413,0.20812,-0.00113,0.00000,0.19540,-89.712,-0.040,9
265.4160,0.02410,0.20061,-0.00113,0.00000,0.18790,-89.713,-0.040,9
265.4660,0.02406,0.19310,-0.00113,0.00000,0.18040,-89.713,-0.040,9
265.5160,0.02403,0.18559,-0.00113,0.00000,0.17290,-89.713,-0.040,9
265.5660,0.02399,0.17808,-0.00113,0.00000,0.16540,-89.713,-0.040,9
265.6160,0.02396,0.17056,-0.00113,0.00000,0.15790,-89.714,-0.040,9
265.6660,0.02394,0.16305,-0.00113,0.00000,0.15040,-89.714,-0.040,9
265.7160,0.02392,0.15555,-0.00113,0.00000,0.14290,-89.714,-0.040,9
265.7660,0.02390,0.14804,-0.00113,0.00000,0.13540,-89.714,-0.040,9
265.8160,0.02389,0.14053,-0.00113,0.00000,0.12790,-89.714,-0.040,9
265.8660,0.02388,0.13302,-0.00113,0.00000,0.12040,-89.715,-0.040,9
265.9160,0.02387,0.12552,-0.00113,0.00000,0.11290,-89.715,-0.040,9
265.9660,0.02385,0.11801,-0.00113,0.00000,0.10540,-89.715,-0.040,9
266.0160,0.02384,0.11050,-0.00113,0.00000,0.09790,-89.715,-0.040,9
266.0660,0.02383,0.10300,-0.00113,0.00000,0.09040,-89.715,-0.040,9
266.1160,0.02382,0.09549,-0.00113,0.00000,0.08290,-89.715,-0.040,9
266.1660,0.02380,0.08798,-0.00113,0.00000,0.07540,-89.715,-0.040,9
266.2160,0.02377,0.08047,-0.00113,0.00000,0.06790,-89.716,-0.040,9
266.2660,0.02375,0.07296,-0.00113,0.00000,0.06040,-89.716,-0.040,9
266.3160,0.02372,0.06545,-0.00113,0.00000,0.05290,-89.716,-0.040,9
266.3660,0.02370,0.05794,-0.00113,0.00000,0.04540,-89.716,-0.040,9
266.4160,0.02368,0.05043,-0.00113,0.00000,0.03790,-89.717,-0.040,9
266.4660,0.02366,0.04293,-0.00113,0.00000,0.03040,-89.717,-0.040,9
266.5160,0.02365,0.03542,-0.00113,0.00000,0.02290,-89.717,-0.040,9
266.5660,0.02364,0.02791,-0.00113,0.00000,0.01540,-89.717,-0.040,9
266.6160,0.02362,0.02040,-0.00113,0.00000,0.00790,-89.717,-0.040,9
266.6660,0.02360,0.01290,-0.00113,0.00000,0.00040,-89.717,-0.040,9
