t,px,py,pz,rx,ry,yaw_deg,pitch_deg,lap
0.0020,0.00000,0.00000,0.00000,0.00000,0.00000,0.000,-0.000,0
0.0520,0.00062,-0.00012,0.00007,0.00750,0.00000,-0.006,-0.011,0
0.1020,0.00231,-0.00031,0.00016,0.01500,0.00000,0.005,-0.018,0
0.1520,0.00499,-0.00047,0.00024,0.02250,0.00000,0.033,-0.014,0
0.2020,0.00855,-0.00061,0.00030,0.03000,0.00000,0.054,-0.011,0
0.2520,0.01293,-0.00072,0.00035,0.03750,0.00000,0.069,-0.009,0
0.3020,0.01801,-0.00080,0.00038,0.04500,0.00000,0.079,-0.007,0
0.3520,0.02374,-0.00087,0.00039,0.05250,0.00000,0.086,-0.006,0
0.4020,0.03002,-0.00091,0.00039,0.06000,0.00000,0.090,-0.005,0
0.4520,0.03680,-0.00094,0.00038,0.06750,0.00000,0.092,-0.005,0
0.5040,0.04430,-0.00094,0.00035,0.07530,0.00000,0.091,-0.005,0
0.5540,0.05188,-0.00094,0.00032,0.08280,0.00000,0.090,-0.006,0
0.6040,0.05977,-0.00092,0.00028,0.09030,0.00000,0.087,-0.006,0
0.6540,0.06793,-0.00090,0.00023,0.09780,0.00000,0.084,-0.007,0
0.7040,0.07630,-0.00086,0.00017,0.10530,0.00000,0.080,-0.008,0
0.7540,0.08485,-0.00082,0.00011,0.11280,0.00000,0.076,-0.010,0
0.8040,0.09353,-0.00077,0.00004,0.12030,0.00000,0.071,-0.011,0
0.8540,0.10232,-0.00071,-0.00003,0.12780,0.00000,0.067,-0.012,0
0.9040,0.11119,-0.00065,-0.00010,0.13530,0.00000,0.063,-0.013,0
0.9540,0.12011,-0.00059,-0.00017,0.14280,0.00000,0.059,-0.015,0
1.0060,0.12942,-0.00052,-0.00025,0.15060,0.00000,0.055,-0.016,0
1.0560,0.13838,-0.00046,-0.00033,0.15810,0.00000,0.051,-0.017,0
1.1060,0.14733,-0.00039,-0.00041,0.16560,0.00000,0.048,-0.018,0
1.1560,0.15626,-0.00032,-0.00049,0.17310,0.00000,0.045,-0.019,0
1.2060,0.16516,-0.00026,-0.00057,0.18060,0.00000,0.042,-0.020,0
1.2560,0.17402,-0.00019,-0.00064,0.18810,0.00000,0.040,-0.021,0
1.3060,0.18283,-0.00013,-0.00072,0.19560,0.00000,0.037,-0.022,0
1.3560,0.19158,-0.00006,-0.00080,0.20310,0.00000,0.035,-0.023,0
1.4060,0.20028,-0.00000,-0.00087,0.21060,0.00000,0.034,-0.023,0
1.4560,0.20890,0.00006,-0.00095,0.21810,0.00000,0.032,-0.024,0
1.5060,0.21746,0.00011,-0.00102,0.22560,0.00000,0.031,-0.024,0
1.5560,0.22596,0.00017,-0.00109,0.23310,0.00000,0.030,-0.025,0
1.6060,0.23438,0.00022,-0.00115,0.24060,0.00000,0.029,-0.025,0
1.6560,0.24274,0.00027,-0.00122,0.24810,0.00000,0.028,-0.025,0
1.7060,0.25103,0.00032,-0.00128,0.25560,0.00000,0.028,-0.026,0
1.7560,0.25926,0.00036,-0.00134,0.26310,0.00000,0.027,-0.026,0
1.8060,0.26742,0.00041,-0.00140,0.27060,0.00000,0.027,-0.026,0
1.8560,0.27552,0.00045,-0.00145,0.27810,0.00000,0.027,-0.026,0
1.9060,0.28357,0.00048,-0.00151,0.28560,0.00000,0.027,-0.026,0
1.9560,0.29156,0.00052,-0.00156,0.29310,0.00000,0.027,-0.027,0
2.0080,0.29981,0.00055,-0.00161,0.30090,0.00000,0.027,-0.027,0
2.0600,0.30801,0.00058,-0.00165,0.30870,0.00000,0.027,-0.027,0
2.1120,0.31616,0.00061,-0.00170,0.31650,0.00000,0.027,-0.027,0
2.1640,0.32427,0.00064,-0.00174,0.32430,0.00000,0.028,-0.027,0
2.2160,0.33233,0.00066,-0.00178,0.33210,0.00000,0.028,-0.027,0
2.2680,0.34035,0.00068,-0.00182,0.33990,0.00000,0.028,-0.027,0
2.3200,0.34834,0.00070,-0.00185,0.34770,0.00000,0.029,-0.027,0
2.3720,0.35630,0.00072,-0.00188,0.35550,0.00000,0.029,-0.027,0
2.4240,0.36423,0.00073,-0.00191,0.36330,0.00000,0.029,-0.027,0
2.4760,0.37213,0.00074,-0.00194,0.37110,0.00000,0.030,-0.027,0
2.5280,0.38001,0.00076,-0.00197,0.37890,0.00000,0.030,-0.027,0
2.5800,0.38786,0.00077,-0.00199,0.38670,0.00000,0.030,-0.026,0
2.6320,0.39570,0.00078,-0.00201,0.39450,0.00000,0.031,-0.026,0
2.6840,0.40353,0.00078,-0.00203,0.40230,0.00000,0.031,-0.026,0
2.7360,0.41134,0.00079,-0.00205,0.41010,0.00000,0.031,-0.026,0
2.7880,0.41913,0.00079,-0.00206,0.41790,0.00000,0.032,-0.026,0
2.8400,0.42692,0.00080,-0.00208,0.42570,0.00000,0.032,-0.026,0
2.8920,0.43470,0.00080,-0.00209,0.43350,0.00000,0.032,-0.026,0
2.9440,0.44247,0.00080,-0.00210,0.44130,0.00000,0.033,-0.026,0
2.9960,0.45024,0.00081,-0.00211,0.44910,0.00000,0.033,-0.026,0
3.0480,0.45800,0.00081,-0.00212,0.45690,0.00000,0.033,-0.026,0
3.1000,0.46576,0.00081,-0.00213,0.46470,0.00000,0.033,-0.026,0
3.1520,0.47352,0.00081,-0.00214,0.47250,0.00000,0.033,-0.026,0
3.2040,0.48128,0.00081,-0.00214,0.48030,0.00000,0.034,-0.026,0
3.2560,0.48903,0.00081,-0.00215,0.48810,0.00000,0.034,-0.026,0
3.3080,0.49679,0.00080,-0.00215,0.49590,0.00000,0.034,-0.026,0
3.3600,0.50454,0.00080,-0.00216,0.50370,0.00000,0.034,-0.026,0
3.4120,0.51230,0.00080,-0.00216,0.51150,0.00000,0.034,-0.026,0
3.4640,0.52006,0.00080,-0.00216,0.51930,0.00000,0.034,-0.026,0
3.5160,0.52781,0.00080,-0.00216,0.52710,0.00000,0.034,-0.026,0
3.5680,0.53558,0.00079,-0.00216,0.53490,0.00000,0.034,-0.026,0
3.6200,0.54334,0.00079,-0.00216,0.54270,0.00000,0.034,-0.026,0
3.6720,0.55110,0.00079,-0.00216,0.55050,0.00000,0.035,-0.026,0
3.7240,0.55887,0.00079,-0.00216,0.55830,0.00000,0.035,-0.026,0
3.7760,0.56664,0.00078,-0.00216,0.56610,0.00000,0.035,-0.026,0
3.8280,0.57441,0.00078,-0.00216,0.57390,0.00000,0.035,-0.026,0
3.8800,0.58218,0.00078,-0.00216,0.58170,0.00000,0.035,-0.026,0
3.9320,0.58996,0.00078,-0.00216,0.58950,0.00000,0.035,-0.026,0
3.9840,0.59773,0.00077,-0.00216,0.59730,0.00000,0.035,-0.026,0
4.0360,0.60551,0.00077,-0.00215,0.60510,0.00000,0.035,-0.026,0
4.0880,0.61330,0.00077,-0.00215,0.61290,0.00000,0.035,-0.026,0
4.1400,0.62108,0.00077,-0.00215,0.62070,0.00000,0.035,-0.026,0
4.1920,0.62886,0.00077,-0.00215,0.62850,0.00000,0.035,-0.026,0
4.2440,0.63665,0.00076,-0.00215,0.63630,0.00000,0.035,-0.026,0
4.2960,0.64444,0.00076,-0.00214,0.64410,0.00000,0.035,-0.026,0
4.3480,0.65223,0.00076,-0.00214,0.65190,0.00000,0.035,-0.026,0
4.4000,0.66002,0.00076,-0.00214,0.65970,0.00000,0.035,-0.026,0
4.4520,0.66781,0.00076,-0.00214,0.66750,0.00000,0.035,-0.026,0
4.5040,0.67561,0.00076,-0.00213,0.67530,0.00000,0.035,-0.026,0
4.5560,0.68340,0.00075,-0.00213,0.68310,0.00000,0.035,-0.026,0
4.6080,0.69120,0.00075,-0.00213,0.69090,0.00000,0.035,-0.026,0
4.6600,0.69899,0.00075,-0.00213,0.69870,0.00000,0.035,-0.026,0
4.7120,0.70679,0.00075,-0.00212,0.70650,0.00000,0.035,-0.026,0
4.7640,0.71459,0.00075,-0.00212,0.71430,0.00000,0.035,-0.026,0
4.8160,0.72238,0.00075,-0.00212,0.72210,0.00000,0.035,-0.026,0
4.8680,0.73018,0.00075,-0.00212,0.72990,0.00000,0.035,-0.026,0
4.9200,0.73798,0.00075,-0.00211,0.73770,0.00000,0.035,-0.026,0
4.9720,0.74578,0.00075,-0.00211,0.74550,0.00000,0.035,-0.026,0
5.0240,0.75358,0.00075,-0.00211,0.75330,0.00000,0.035,-0.026,0
5.0760,0.76138,0.00075,-0.00211,0.76110,0.00000,0.035,-0.026,0
5.1280,0.76918,0.00075,-0.00211,0.76890,0.00000,0.035,-0.026,0
5.1800,0.77698,0.00075,-0.00210,0.77670,0.00000,0.035,-0.026,0
5.2320,0.78479,0.00075,-0.00210,0.78450,0.00000,0.035,-0.026,0
5.2840,0.79259,0.00075,-0.00210,0.79230,0.00000,0.035,-0.026,0
5.3360,0.80039,0.00075,-0.00210,0.80010,0.00000,0.035,-0.026,0
5.3880,0.80819,0.00074,-0.00210,0.80790,0.00000,0.035,-0.026,0
5.4400,0.81599,0.00074,-0.00210,0.81570,0.00000,0.035,-0.026,0
5.4920,0.82379,0.00074,-0.00210,0.82350,0.00000,0.035,-0.026,0
5.5440,0.83159,0.00074,-0.00210,0.83130,0.00000,0.035,-0.026,0
5.5960,0.83939,0.00074,-0.00209,0.83910,0.00000,0.035,-0.026,0
5.6480,0.84720,0.00074,-0.00209,0.84690,0.00000,0.035,-0.026,0
5.7000,0.85500,0.00074,-0.00209,0.85470,0.00000,0.035,-0.026,0
5.7520,0.86280,0.00074,-0.00209,0.86250,0.00000,0.035,-0.026,0
5.8040,0.87060,0.00074,-0.00209,0.87030,0.00000,0.035,-0.026,0
5.8560,0.87840,0.00074,-0.00209,0.87810,0.00000,0.035,-0.026,0
5.9080,0.88620,0.00074,-0.00209,0.88590,0.00000,0.035,-0.026,0
5.9600,0.89400,0.00074,-0.00209,0.89370,0.00000,0.035,-0.026,0
6.0120,0.90180,0.00074,-0.00209,0.90150,0.00000,0.035,-0.026,0
6.0640,0.90960,0.00074,-0.00209,0.90930,0.00000,0.035,-0.026,0
6.1160,0.91741,0.00075,-0.00209,0.91710,0.00000,0.035,-0.026,0
6.1680,0.92521,0.00075,-0.00209,0.92490,0.00000,0.035,-0.026,0
6.2200,0.93301,0.00075,-0.00209,0.93270,0.00000,0.035,-0.026,0
6.2720,0.94081,0.00075,-0.00209,0.94050,0.00000,0.035,-0.026,0
6.3240,0.94861,0.00075,-0.00209,0.94830,0.00000,0.035,-0.026,0
6.3760,0.95641,0.00075,-0.00209,0.95610,0.00000,0.035,-0.026,0
6.4280,0.96421,0.00075,-0.00209,0.96390,0.00000,0.035,-0.026,0
6.4800,0.97201,0.00075,-0.00209,0.97170,0.00000,0.035,-0.026,0
6.5320,0.97981,0.00075,-0.00209,0.97950,0.00000,0.035,-0.026,0
6.5840,0.98761,0.00075,-0.00209,0.98730,0.00000,0.035,-0.026,0
6.6360,0.99541,0.00075,-0.00209,0.99510,0.00000,0.035,-0.026,0
6.6880,1.00321,0.00075,-0.00209,1.00000,0.00290,0.035,-0.026,0
6.7400,1.01063,0.00102,-0.00209,1.00000,0.01070,0.609,-0.018,0
6.7920,1.01690,0.00218,-0.00208,1.00000,0.01850,3.074,-0.002,0
6.8440,1.02208,0.00423,-0.00208,1.00000,0.02630,6.698,-0.006,0
6.8960,1.02623,0.00711,-0.00208,1.00000,0.03410,10.410,-0.011,0
6.9480,1.02942,0.01072,-0.00208,1.00000,0.04190,14.127,-0.011,0
7.0000,1.03179,0.01498,-0.00208,1.00000,0.04970,17.765,-0.010,0
7.0520,1.03345,0.01983,-0.00207,1.00000,0.05750,21.321,-0.008,0
7.1040,1.03455,0.02523,-0.00207,1.00000,0.06530,24.800,-0.008,0
7.1560,1.03517,0.03112,-0.00207,1.00000,0.07310,28.214,-0.007,0
7.2080,1.03543,0.03749,-0.00207,1.00000,0.08090,31.575,-0.007,0
7.2600,1.03540,0.04430,-0.00207,1.00000,0.08870,34.890,-0.008,0
7.3120,1.03513,0.05153,-0.00207,1.00000,0.09650,38.168,-0.010,0
7.3640,1.03467,0.05917,-0.00207,1.00000,0.10430,41.415,-0.012,0
7.4160,1.03406,0.06718,-0.00207,1.00000,0.11210,44.636,-0.015,0
7.4680,1.03332,0.07556,-0.00207,1.00000,0.11990,47.836,-0.019,0
7.5200,1.03247,0.08427,-0.00207,1.00000,0.12770,51.017,-0.024,0
7.5720,1.03151,0.09328,-0.00207,1.00000,0.13550,54.184,-0.029,0
7.6240,1.03045,0.10257,-0.00207,1.00000,0.14330,57.337,-0.035,0
7.6760,1.02929,0.11211,-0.00207,1.00000,0.15110,60.481,-0.042,0
7.7280,1.02804,0.12186,-0.00207,1.00000,0.15890,63.615,-0.048,0
7.7800,1.02668,0.13179,-0.00207,1.00000,0.16670,66.743,-0.055,0
7.8320,1.02521,0.14186,-0.00207,1.00000,0.17450,69.864,-0.062,0
7.8840,1.02365,0.15204,-0.00207,1.00000,0.18230,72.980,-0.069,0
7.9360,1.02198,0.16228,-0.00207,1.00000,0.19010,76.091,-0.076,0
7.9880,1.02022,0.17256,-0.00207,1.00000,0.19790,79.197,-0.083,0
8.0380,1.01845,0.18242,-0.00207,1.00000,0.20540,82.177,-0.089,0
8.0880,1.01661,0.19225,-0.00206,1.00000,0.21290,85.138,-0.094,0
8.1380,1.01472,0.20201,-0.00206,1.00000,0.22040,87.947,-0.099,0
8.1880,1.01281,0.21165,-0.00206,1.00000,0.22790,89.883,-0.103,0
8.2380,1.01099,0.22116,-0.00206,1.00000,0.23540,90.256,-0.107,0
8.2880,1.00928,0.23050,-0.00206,1.00000,0.24290,90.240,-0.111,0
8.3380,1.00770,0.23970,-0.00206,1.00000,0.25040,90.221,-0.114,0
8.3880,1.00626,0.24876,-0.00205,1.00000,0.25790,90.196,-0.116,0
8.4380,1.00495,0.25769,-0.00205,1.00000,0.26540,90.168,-0.118,0
8.4880,1.00377,0.26650,-0.00205,1.00000,0.27290,90.144,-0.120,0
8.5380,1.00270,0.27518,-0.00205,1.00000,0.28040,90.123,-0.122,0
8.5880,1.00175,0.28375,-0.00205,1.00000,0.28790,90.106,-0.123,0
8.6380,1.00090,0.29221,-0.00205,1.00000,0.29540,90.091,-0.123,0
8.6880,1.00014,0.30056,-0.00205,1.00000,0.30290,90.078,-0.124,0
8.7380,0.99948,0.30882,-0.00205,1.00000,0.31040,90.067,-0.124,0
8.7880,0.99890,0.31699,-0.00205,1.00000,0.31790,90.058,-0.124,0
8.8380,0.99840,0.32507,-0.00205,1.00000,0.32540,90.050,-0.124,0
8.8880,0.99798,0.33308,-0.00205,1.00000,0.33290,90.043,-0.124,0
8.9380,0.99762,0.34101,-0.00205,1.00000,0.34040,90.036,-0.124,0
8.9880,0.99733,0.34888,-0.00205,1.00000,0.34790,90.031,-0.124,0
9.0380,0.99709,0.35669,-0.00206,1.00000,0.35540,90.026,-0.123,0
9.0880,0.99690,0.36444,-0.00206,1.00000,0.36290,90.022,-0.123,0
9.1380,0.99676,0.37215,-0.00206,1.00000,0.37040,90.019,-0.123,0
9.1880,0.99666,0.37981,-0.00206,1.00000,0.37790,90.015,-0.122,0
9.2380,0.99660,0.38743,-0.00206,1.00000,0.38540,90.012,-0.122,0
9.2880,0.99657,0.39502,-0.00206,1.00000,0.39290,90.010,-0.122,0
9.3380,0.99657,0.40258,-0.00206,1.00000,0.40040,90.008,-0.121,0
9.3880,0.99660,0.41011,-0.00206,1.00000,0.40790,90.006,-0.121,0
9.4380,0.99665,0.41762,-0.00207,1.00000,0.41540,90.004,-0.120,0
9.4880,0.99672,0.42511,-0.00207,1.00000,0.42290,90.002,-0.120,0
9.5380,0.99680,0.43258,-0.00207,1.00000,0.43040,90.001,-0.120,0
9.5880,0.99690,0.44003,-0.00207,1.00000,0.43790,90.000,-0.119,0
9.6380,0.99701,0.44748,-0.00207,1.00000,0.44540,89.999,-0.119,0
9.6880,0.99714,0.45491,-0.00207,1.00000,0.45290,89.998,-0.119,0
9.7380,0.99726,0.46234,-0.00207,1.00000,0.46040,89.997,-0.118,0
9.7880,0.99740,0.46977,-0.00207,1.00000,0.46790,89.996,-0.118,0
9.8380,0.99753,0.47718,-0.00207,1.00000,0.47540,89.995,-0.118,0
9.8880,0.99767,0.48460,-0.00208,1.00000,0.48290,89.995,-0.118,0
9.9380,0.99781,0.49202,-0.00208,1.00000,0.49040,89.994,-0.118,0
9.9880,0.99796,0.49943,-0.00208,1.00000,0.49790,89.994,-0.117,0
10.0380,0.99809,0.50685,-0.00208,1.00000,0.50540,89.994,-0.117,0
10.0880,0.99823,0.51426,-0.00208,1.00000,0.51290,89.994,-0.117,0
10.1380,0.99837,0.52168,-0.00208,1.00000,0.52040,89.993,-0.117,0
10.1880,0.99850,0.52910,-0.00208,1.00000,0.52790,89.993,-0.117,0
10.2380,0.99862,0.53653,-0.00208,1.00000,0.53540,89.993,-0.117,0
10.2880,0.99875,0.54395,-0.00208,1.00000,0.54290,89.993,-0.117,0
10.3380,0.99886,0.55138,-0.00208,1.00000,0.55040,89.993,-0.117,0
10.3880,0.99897,0.55882,-0.00208,1.00000,0.55790,89.993,-0.117,0
10.4380,0.99908,0.56626,-0.00208,1.00000,0.56540,89.993,-0.117,0
10.4880,0.99918,0.57370,-0.00208,1.00000,0.57290,89.993,-0.117,0
10.5380,0.99928,0.58115,-0.00208,1.00000,0.58040,89.993,-0.117,0
10.5880,0.99937,0.58860,-0.00209,1.00000,0.58790,89.993,-0.117,0
10.6380,0.99945,0.59605,-0.00209,1.00000,0.59540,89.993,-0.117,0
10.6880,0.99953,0.60351,-0.00209,1.00000,0.60290,89.993,-0.117,0
10.7380,0.99961,0.61097,-0.00209,1.00000,0.61040,89.993,-0.117,0
10.7880,0.99967,0.61844,-0.00209,1.00000,0.61790,89.993,-0.117,0
10.8380,0.99974,0.62591,-0.00209,1.00000,0.62540,89.994,-0.117,0
10.8880,0.99979,0.63338,-0.00209,1.00000,0.63290,89.994,-0.117,0
10.9380,0.99985,0.64085,-0.00209,1.00000,0.64040,89.994,-0.117,0
10.9880,0.99990,0.64833,-0.00209,1.00000,0.64790,89.994,-0.117,0
11.0380,0.99994,0.65581,-0.00209,1.00000,0.65540,89.994,-0.117,0
11.0880,0.99998,0.66329,-0.00209,1.00000,0.66290,89.994,-0.117,0
11.1380,1.00002,0.67078,-0.00209,1.00000,0.67040,89.994,-0.117,0
11.1880,1.00005,0.67826,-0.00209,1.00000,0.67790,89.994,-0.117,0
11.2380,1.00008,0.68575,-0.00209,1.00000,0.68540,89.995,-0.117,0
11.2880,1.00010,0.69324,-0.00209,1.00000,0.69290,89.995,-0.117,0
11.3380,1.00012,0.70074,-0.00209,1.00000,0.70040,89.995,-0.117,0
11.3880,1.00014,0.70823,-0.00209,1.00000,0.70790,89.995,-0.117,0
11.4380,1.00016,0.71572,-0.00209,1.00000,0.71540,89.995,-0.117,0
11.4880,1.00017,0.72322,-0.00209,1.00000,0.72290,89.995,-0.117,0
11.5380,1.00018,0.73072,-0.00209,1.00000,0.73040,89.995,-0.117,0
11.5880,1.00019,0.73822,-0.00209,1.00000,0.73790,89.995,-0.117,0
11.6380,1.00020,0.74572,-0.00209,1.00000,0.74540,89.995,-0.117,0
11.6880,1.00020,0.75321,-0.00209,1.00000,0.75290,89.995,-0.117,0
11.7380,1.00021,0.76071,-0.00209,1.00000,0.76040,89.996,-0.117,0
11.7880,1.00021,0.76822,-0.00209,1.00000,0.76790,89.996,-0.117,0
11.8380,1.00021,0.77572,-0.00209,1.00000,0.77540,89.996,-0.117,0
11.8880,1.00021,0.78322,-0.00209,1.00000,0.78290,89.996,-0.117,0
11.9380,1.00021,0.79072,-0.00209,1.00000,0.79040,89.996,-0.117,0
11.9880,1.00021,0.79822,-0.00209,1.00000,0.79790,89.996,-0.117,0
12.0380,1.00021,0.80572,-0.00209,1.00000,0.80540,89.996,-0.117,0
12.0880,1.00020,0.81323,-0.00209,1.00000,0.81290,89.996,-0.117,0
12.1380,1.00020,0.82073,-0.00209,1.00000,0.82040,89.996,-0.117,0
12.1880,1.00020,0.82823,-0.00209,1.00000,0.82790,89.996,-0.117,0
12.2380,1.00019,0.83573,-0.00209,1.00000,0.83540,89.996,-0.117,0
12.2880,1.00019,0.84324,-0.00209,1.00000,0.84290,89.996,-0.117,0
12.3380,1.00018,0.85074,-0.00209,1.00000,0.85040,89.996,-0.117,0
12.3880,1.00018,0.85824,-0.00209,1.00000,0.85790,89.996,-0.117,0
12.4380,1.00017,0.86574,-0.00209,1.00000,0.86540,89.996,-0.117,0
12.4880,1.00017,0.87325,-0.00209,1.00000,0.87290,89.996,-0.117,0
12.5380,1.00016,0.88075,-0.00209,1.00000,0.88040,89.996,-0.117,0
12.5880,1.00016,0.88825,-0.00209,1.00000,0.88790,89.996,-0.117,0
12.6380,1.00015,0.89575,-0.00209,1.00000,0.89540,89.996,-0.117,0
12.6880,1.00015,0.90325,-0.00209,1.00000,0.90290,89.996,-0.117,0
12.7380,1.00014,0.91076,-0.00209,1.00000,0.91040,89.996,-0.117,0
12.7880,1.00014,0.91826,-0.00209,1.00000,0.91790,89.996,-0.117,0
12.8380,1.00013,0.92576,-0.00209,1.00000,0.92540,89.996,-0.117,0
12.8880,1.00013,0.93326,-0.00209,1.00000,0.93290,89.996,-0.117,0
12.9380,1.00013,0.94076,-0.00209,1.00000,0.94040,89.996,-0.117,0
12.9880,1.00012,0.94826,-0.00209,1.00000,0.94790,89.996,-0.117,0
13.0380,1.00012,0.95576,-0.00209,1.00000,0.95540,89.996,-0.117,0
13.0880,1.00011,0.96326,-0.00209,1.00000,0.96290,89.996,-0.117,0
13.1380,1.00011,0.97076,-0.00209,1.00000,0.97040,89.996,-0.117,0
13.1880,1.00011,0.97827,-0.00209,1.00000,0.97790,89.996,-0.117,0
13.2380,1.00011,0.98577,-0.00209,1.00000,0.98540,89.996,-0.117,0
13.2880,1.00010,0.99327,-0.00209,1.00000,0.99290,89.996,-0.117,0
13.3380,1.00010,1.00077,-0.00209,0.99960,1.00000,89.996,-0.117,0
13.3880,0.99985,1.00791,-0.00209,0.99210,1.00000,90.531,-0.111,0
13.4380,0.99874,1.01394,-0.00209,0.98460,1.00000,92.799,-0.096,0
13.4880,0.99666,1.01897,-0.00209,0.97710,1.00000,96.099,-0.101,0
13.5380,0.99367,1.02314,-0.00209,0.96960,1.00000,99.488,-0.111,0
13.5880,0.98988,1.02656,-0.00208,0.96210,1.00000,102.910,-0.117,0
13.6380,0.98537,1.02932,-0.00208,0.95460,1.00000,106.288,-0.121,0
13.6880,0.98022,1.03152,-0.00208,0.94710,1.00000,109.613,-0.124,0
13.7380,0.97448,1.03323,-0.00208,0.93960,1.00000,112.888,-0.126,0
13.7880,0.96822,1.03453,-0.00208,0.93210,1.00000,116.119,-0.126,0
13.8380,0.96149,1.03546,-0.00208,0.92460,1.00000,119.312,-0.126,0
13.8880,0.95431,1.03609,-0.00208,0.91710,1.00000,122.475,-0.125,0
13.9380,0.94674,1.03646,-0.00208,0.90960,1.00000,125.612,-0.124,0
13.9880,0.93880,1.03660,-0.00208,0.90210,1.00000,128.727,-0.123,0
14.0380,0.93054,1.03653,-0.00208,0.89460,1.00000,131.826,-0.122,0
14.0880,0.92197,1.03630,-0.00208,0.88710,1.00000,134.909,-0.120,0
14.1380,0.91314,1.03590,-0.00208,0.87960,1.00000,137.981,-0.119,0
14.1880,0.90408,1.03536,-0.00208,0.87210,1.00000,141.043,-0.117,0
14.2380,0.89481,1.03468,-0.00208,0.86460,1.00000,144.097,-0.115,0
14.2880,0.88538,1.03387,-0.00208,0.85710,1.00000,147.144,-0.113,0
14.3380,0.87581,1.03295,-0.00208,0.84960,1.00000,150.187,-0.111,0
14.3880,0.86613,1.03190,-0.00208,0.84210,1.00000,153.226,-0.109,0
14.4380,0.85637,1.03075,-0.00208,0.83460,1.00000,156.261,-0.106,0
14.4880,0.84658,1.02948,-0.00208,0.82710,1.00000,159.295,-0.103,0
14.5380,0.83677,1.02811,-0.00208,0.81960,1.00000,162.328,-0.100,0
14.5880,0.82697,1.02664,-0.00208,0.81210,1.00000,165.362,-0.096,0
14.6380,0.81722,1.02508,-0.00208,0.80460,1.00000,168.395,-0.092,0
14.6880,0.80755,1.02343,-0.00208,0.79710,1.00000,171.430,-0.088,0
14.7380,0.79797,1.02170,-0.00208,0.78960,1.00000,174.454,-0.083,0
14.7880,0.78851,1.01991,-0.00208,0.78210,1.00000,177.329,-0.078,0
14.8380,0.77917,1.01806,-0.00208,0.77460,1.00000,179.335,-0.074,0
14.8880,0.76994,1.01620,-0.00208,0.76710,1.00000,179.796,-0.070,0
14.9380,0.76089,1.01436,-0.00208,0.75960,1.00000,179.857,-0.064,0
14.9880,0.75204,1.01261,-0.00208,0.75210,1.00000,179.897,-0.056,0
15.0380,0.74338,1.01098,-0.00208,0.74460,1.00000,179.920,-0.049,0
15.0880,0.73490,1.00946,-0.00208,0.73710,1.00000,179.931,-0.043,0
15.1380,0.72659,1.00806,-0.00208,0.72960,1.00000,179.939,-0.038,0
15.1880,0.71842,1.00677,-0.00208,0.72210,1.00000,179.944,-0.033,0
15.2380,0.71038,1.00559,-0.00209,0.71460,1.00000,179.949,-0.029,0
15.2880,0.70246,1.00451,-0.00209,0.70710,1.00000,179.952,-0.025,0
15.3380,0.69465,1.00354,-0.00209,0.69960,1.00000,179.954,-0.022,0
15.3880,0.68693,1.00265,-0.00209,0.69210,1.00000,179.955,-0.019,0
15.4380,0.67930,1.00186,-0.00209,0.68460,1.00000,179.956,-0.017,0
15.4880,0.67174,1.00115,-0.00209,0.67710,1.00000,179.957,-0.014,0
15.5380,0.66423,1.00053,-0.00209,0.66960,1.00000,179.957,-0.012,0
15.5880,0.65678,0.99998,-0.00209,0.66210,1.00000,179.957,-0.011,0
15.6380,0.64938,0.99950,-0.00209,0.65460,1.00000,179.957,-0.009,0
15.6880,0.64201,0.99908,-0.00210,0.64710,1.00000,179.957,-0.008,0
15.7380,0.63468,0.99873,-0.00210,0.63960,1.00000,179.957,-0.007,0
15.7880,0.62736,0.99843,-0.00210,0.63210,1.00000,179.956,-0.005,0
15.8380,0.62007,0.99819,-0.00210,0.62460,1.00000,179.956,-0.005,0
15.8880,0.61279,0.99799,-0.00210,0.61710,1.00000,179.956,-0.004,0
15.9380,0.60552,0.99784,-0.00210,0.60960,1.00000,179.956,-0.003,0
15.9880,0.59826,0.99772,-0.00210,0.60210,1.00000,179.955,-0.002,0
16.0400,0.59070,0.99764,-0.00210,0.59430,1.00000,179.955,-0.002,0
16.0920,0.58315,0.99760,-0.00210,0.58650,1.00000,179.955,-0.001,0
16.1440,0.57559,0.99758,-0.00210,0.57870,1.00000,179.955,-0.001,0
16.1960,0.56803,0.99759,-0.00210,0.57090,1.00000,179.955,-0.000,0
16.2480,0.56046,0.99763,-0.00210,0.56310,1.00000,179.955,-0.000,0
16.3000,0.55288,0.99768,-0.00210,0.55530,1.00000,179.955,0.000,0
16.3520,0.54530,0.99776,-0.00210,0.54750,1.00000,179.955,0.000,0
16.4040,0.53770,0.99784,-0.00210,0.53970,1.00000,179.955,0.001,0
16.4560,0.53009,0.99794,-0.00210,0.53190,1.00000,179.956,0.001,0
16.5080,0.52246,0.99805,-0.00210,0.52410,1.00000,179.956,0.001,0
16.5600,0.51483,0.99817,-0.00210,0.51630,1.00000,179.956,0.001,0
16.6120,0.50718,0.99829,-0.00210,0.50850,1.00000,179.956,0.001,0
16.6640,0.49953,0.99842,-0.00210,0.50070,1.00000,179.957,0.001,0
16.7160,0.49186,0.99855,-0.00210,0.49290,1.00000,179.957,0.002,0
16.7680,0.48417,0.99868,-0.00210,0.48510,1.00000,179.957,0.002,0
16.8200,0.47648,0.99881,-0.00210,0.47730,1.00000,179.958,0.002,0
16.8720,0.46878,0.99894,-0.00210,0.46950,1.00000,179.958,0.002,0
16.9240,0.46107,0.99906,-0.00210,0.46170,1.00000,179.959,0.002,0
16.9760,0.45334,0.99919,-0.00210,0.45390,1.00000,179.959,0.002,0
17.0280,0.44561,0.99931,-0.00209,0.44610,1.00000,179.960,0.002,0
17.0800,0.43787,0.99943,-0.00209,0.43830,1.00000,179.960,0.002,0
17.1320,0.43013,0.99954,-0.00209,0.43050,1.00000,179.960,0.002,0
17.1840,0.42237,0.99965,-0.00209,0.42270,1.00000,179.961,0.002,0
17.2360,0.41461,0.99975,-0.00209,0.41490,1.00000,179.961,0.002,0
17.2880,0.40684,0.99985,-0.00209,0.40710,1.00000,179.961,0.002,0
17.3400,0.39907,0.99995,-0.00209,0.39930,1.00000,179.962,0.002,0
17.3920,0.39129,1.00003,-0.00209,0.39150,1.00000,179.962,0.002,0
17.4440,0.38351,1.00012,-0.00209,0.38370,1.00000,179.962,0.002,0
17.4960,0.37572,1.00019,-0.00209,0.37590,1.00000,179.963,0.002,0
17.5480,0.36793,1.00027,-0.00209,0.36810,1.00000,179.963,0.002,0
17.6000,0.36014,1.00033,-0.00209,0.36030,1.00000,179.963,0.002,0
17.6520,0.35235,1.00040,-0.00209,0.35250,1.00000,179.964,0.002,0
17.7040,0.34455,1.00045,-0.00209,0.34470,1.00000,179.964,0.002,0
17.7560,0.33675,1.00050,-0.00209,0.33690,1.00000,179.964,0.002,0
17.8080,0.32895,1.00055,-0.00209,0.32910,1.00000,179.964,0.002,0
17.8600,0.32114,1.00060,-0.00209,0.32130,1.00000,179.964,0.002,0
17.9120,0.31334,1.00063,-0.00209,0.31350,1.00000,179.965,0.002,0
17.9640,0.30553,1.00067,-0.00209,0.30570,1.00000,179.965,0.002,0
18.0160,0.29773,1.00070,-0.00209,0.29790,1.00000,179.965,0.002,0
18.0680,0.28992,1.00073,-0.00209,0.29010,1.00000,179.965,0.002,0
18.1200,0.28211,1.00075,-0.00209,0.28230,1.00000,179.965,0.002,0
18.1720,0.27431,1.00077,-0.00209,0.27450,1.00000,179.965,0.002,0
18.2240,0.26650,1.00079,-0.00209,0.26670,1.00000,179.965,0.002,0
18.2760,0.25869,1.00081,-0.00209,0.25890,1.00000,179.965,0.002,0
18.3280,0.25089,1.00082,-0.00209,0.25110,1.00000,179.965,0.002,0
18.3800,0.24308,1.00083,-0.00209,0.24330,1.00000,179.965,0.002,0
18.4320,0.23527,1.00084,-0.00209,0.23550,1.00000,179.965,0.002,0
18.4840,0.22746,1.00085,-0.00209,0.22770,1.00000,179.966,0.002,0
18.5360,0.21966,1.00085,-0.00209,0.21990,1.00000,179.966,0.002,0
18.5880,0.21185,1.00086,-0.00209,0.21210,1.00000,179.966,0.002,0
18.6400,0.20405,1.00086,-0.00209,0.20430,1.00000,179.966,0.002,0
18.6920,0.19624,1.00086,-0.00209,0.19650,1.00000,179.966,0.002,0
18.7440,0.18844,1.00086,-0.00209,0.18870,1.00000,179.966,0.002,0
18.7960,0.18063,1.00086,-0.00209,0.18090,1.00000,179.966,0.002,0
18.8480,0.17283,1.00086,-0.00209,0.17310,1.00000,179.966,0.002,0
18.9000,0.16502,1.00086,-0.00209,0.16530,1.00000,179.966,0.002,0
18.9520,0.15722,1.00086,-0.00209,0.15750,1.00000,179.966,0.002,0
19.0040,0.14941,1.00085,-0.00209,0.14970,1.00000,179.966,0.002,0
19.0560,0.14161,1.00085,-0.00209,0.14190,1.00000,179.966,0.002,0
19.1080,0.13381,1.00084,-0.00209,0.13410,1.00000,179.966,0.002,0
19.1600,0.12601,1.00084,-0.00209,0.12630,1.00000,179.966,0.002,0
19.2120,0.11820,1.00084,-0.00209,0.11850,1.00000,179.966,0.002,0
19.2640,0.11040,1.00083,-0.00209,0.11070,1.00000,179.965,0.002,0
19.3160,0.10260,1.00083,-0.00209,0.10290,1.00000,179.965,0.002,0
19.3680,0.09480,1.00082,-0.00209,0.09510,1.00000,179.965,0.002,0
19.4200,0.08700,1.00082,-0.00209,0.08730,1.00000,179.965,0.002,0
19.4720,0.07920,1.00081,-0.00209,0.07950,1.00000,179.965,0.002,0
19.5240,0.07140,1.00081,-0.00209,0.07170,1.00000,179.965,0.002,0
19.5760,0.06360,1.00080,-0.00209,0.06390,1.00000,179.965,0.002,0
19.6280,0.05579,1.00080,-0.00209,0.05610,1.00000,179.965,0.002,0
19.6800,0.04799,1.00079,-0.00209,0.04830,1.00000,179.965,0.002,0
19.7320,0.04019,1.00079,-0.00209,0.04050,1.00000,179.965,0.002,0
19.7840,0.03239,1.00079,-0.00209,0.03270,1.00000,179.965,0.002,0
19.8360,0.02459,1.00078,-0.00209,0.02490,1.00000,179.965,0.002,0
19.8880,0.01679,1.00078,-0.00209,0.01710,1.00000,179.965,0.002,0
19.9400,0.00899,1.00077,-0.00209,0.00930,1.00000,179.965,0.002,0
19.9920,0.00119,1.00077,-0.00209,0.00150,1.00000,179.965,0.002,0
20.0440,-0.00661,1.00077,-0.00209,0.00000,0.99370,179.965,0.002,0
20.0960,-0.01384,1.00040,-0.00209,0.00000,0.98590,-179.239,0.011,0
20.1480,-0.01958,0.99891,-0.00209,0.00000,0.97810,-176.468,0.027,0
20.2000,-0.02404,0.99632,-0.00208,0.00000,0.97030,-172.716,0.019,0
20.2520,-0.02761,0.99290,-0.00208,0.00000,0.96250,-168.905,-0.001,0
20.3040,-0.03043,0.98872,-0.00207,0.00000,0.95470,-165.102,-0.012,0
20.3560,-0.03262,0.98384,-0.00207,0.00000,0.94690,-161.395,-0.020,0
20.4080,-0.03429,0.97834,-0.00207,0.00000,0.93910,-157.777,-0.026,0
20.4600,-0.03551,0.97226,-0.00206,0.00000,0.93130,-154.242,-0.030,0
20.5120,-0.03637,0.96566,-0.00206,0.00000,0.92350,-150.775,-0.032,0
20.5640,-0.03692,0.95860,-0.00206,0.00000,0.91570,-147.366,-0.033,0
20.6160,-0.03722,0.95111,-0.00206,0.00000,0.90790,-144.004,-0.033,0
20.6680,-0.03732,0.94323,-0.00206,0.00000,0.90010,-140.681,-0.032,0
20.7200,-0.03723,0.93500,-0.00206,0.00000,0.89230,-137.391,-0.030,0
20.7720,-0.03700,0.92645,-0.00205,0.00000,0.88450,-134.127,-0.027,0
20.8240,-0.03664,0.91762,-0.00205,0.00000,0.87670,-130.886,-0.024,0
20.8760,-0.03617,0.90853,-0.00205,0.00000,0.86890,-127.662,-0.021,0
20.9280,-0.03559,0.89923,-0.00205,0.00000,0.86110,-124.452,-0.017,0
20.9800,-0.03491,0.88974,-0.00205,0.00000,0.85330,-121.253,-0.014,0
21.0320,-0.03413,0.88010,-0.00205,0.00000,0.84550,-118.061,-0.010,0
21.0840,-0.03326,0.87034,-0.00205,0.00000,0.83770,-114.874,-0.006,0
21.1360,-0.03229,0.86048,-0.00205,0.00000,0.82990,-111.688,-0.002,0
21.1880,-0.03121,0.85056,-0.00205,0.00000,0.82210,-108.500,0.002,0
21.2400,-0.03004,0.84062,-0.00205,0.00000,0.81430,-105.308,0.006,0
21.2920,-0.02876,0.83066,-0.00205,0.00000,0.80650,-102.108,0.010,0
21.3440,-0.02738,0.82072,-0.00206,0.00000,0.79870,-98.897,0.014,0
21.3960,-0.02588,0.81082,-0.00206,0.00000,0.79090,-95.688,0.017,0
21.4480,-0.02427,0.80098,-0.00206,0.00000,0.78310,-92.675,0.020,0
21.5000,-0.02254,0.79123,-0.00206,0.00000,0.77530,-90.911,0.023,0
21.5520,-0.02066,0.78164,-0.00206,0.00000,0.76750,-90.538,0.028,0
21.6040,-0.01875,0.77220,-0.00206,0.00000,0.75970,-90.414,0.031,0
21.6560,-0.01690,0.76286,-0.00206,0.00000,0.75190,-90.318,0.033,0
21.7080,-0.01513,0.75364,-0.00206,0.00000,0.74410,-90.255,0.034,0
21.7600,-0.01346,0.74452,-0.00206,0.00000,0.73630,-90.208,0.035,0
21.8120,-0.01190,0.73551,-0.00207,0.00000,0.72850,-90.171,0.036,0
21.8640,-0.01043,0.72660,-0.00207,0.00000,0.72070,-90.141,0.037,0
21.9160,-0.00906,0.71779,-0.00207,0.00000,0.71290,-90.117,0.037,0
21.9680,-0.00779,0.70907,-0.00207,0.00000,0.70510,-90.098,0.038,0
22.0200,-0.00661,0.70045,-0.00207,0.00000,0.69730,-90.082,0.038,0
22.0720,-0.00553,0.69191,-0.00207,0.00000,0.68950,-90.070,0.038,0
22.1240,-0.00454,0.68345,-0.00207,0.00000,0.68170,-90.060,0.039,0
22.1760,-0.00364,0.67507,-0.00208,0.00000,0.67390,-90.052,0.039,0
22.2280,-0.00282,0.66676,-0.00208,0.00000,0.66610,-90.045,0.039,0
22.2800,-0.00208,0.65852,-0.00208,0.00000,0.65830,-90.040,0.039,0
22.3320,-0.00141,0.65034,-0.00208,0.00000,0.65050,-90.035,0.039,0
22.3840,-0.00082,0.64222,-0.00208,0.00000,0.64270,-90.032,0.039,0
22.4360,-0.00029,0.63415,-0.00208,0.00000,0.63490,-90.029,0.040,0
22.4880,0.00017,0.62612,-0.00208,0.00000,0.62710,-90.026,0.040,0
22.5400,0.00057,0.61814,-0.00208,0.00000,0.61930,-90.024,0.040,0
22.5920,0.00092,0.61019,-0.00208,0.00000,0.61150,-90.022,0.040,0
22.6440,0.00122,0.60228,-0.00208,0.00000,0.60370,-90.020,0.040,0
22.6960,0.00147,0.59439,-0.00209,0.00000,0.59590,-90.018,0.040,0
22.7480,0.00168,0.58654,-0.00209,0.00000,0.58810,-90.017,0.040,0
22.8000,0.00185,0.57870,-0.00209,0.00000,0.58030,-90.016,0.040,0
22.8520,0.00199,0.57089,-0.00209,0.00000,0.57250,-90.014,0.040,0
22.9040,0.00209,0.56309,-0.00209,0.00000,0.56470,-90.013,0.040,0
22.9560,0.00217,0.55531,-0.00209,0.00000,0.55690,-90.012,0.040,0
23.0080,0.00221,0.54754,-0.00209,0.00000,0.54910,-90.011,0.040,0
23.0600,0.00224,0.53978,-0.00209,0.00000,0.54130,-90.010,0.040,0
23.1120,0.00224,0.53203,-0.00209,0.00000,0.53350,-90.009,0.040,0
23.1640,0.00223,0.52428,-0.00209,0.00000,0.52570,-90.008,0.040,0
23.2160,0.00220,0.51654,-0.00209,0.00000,0.51790,-90.007,0.040,0
23.2680,0.00216,0.50880,-0.00209,0.00000,0.51010,-90.006,0.040,0
23.3200,0.00210,0.50106,-0.00209,0.00000,0.50230,-90.006,0.040,0
23.3720,0.00204,0.49332,-0.00209,0.00000,0.49450,-90.005,0.040,0
23.4240,0.00197,0.48559,-0.00209,0.00000,0.48670,-90.004,0.040,0
23.4760,0.00189,0.47785,-0.00209,0.00000,0.47890,-90.004,0.040,0
23.5280,0.00181,0.47011,-0.00209,0.00000,0.47110,-90.003,0.040,0
23.5800,0.00173,0.46238,-0.00209,0.00000,0.46330,-90.002,0.040,0
23.6320,0.00164,0.45463,-0.00209,0.00000,0.45550,-90.002,0.040,0
23.6840,0.00155,0.44689,-0.00209,0.00000,0.44770,-90.001,0.040,0
23.7360,0.00146,0.43914,-0.00209,0.00000,0.43990,-90.001,0.040,0
23.7880,0.00137,0.43139,-0.00209,0.00000,0.43210,-90.000,0.040,0
23.8400,0.00128,0.42364,-0.00209,0.00000,0.42430,-90.000,0.040,0
23.8920,0.00119,0.41589,-0.00209,0.00000,0.41650,-89.999,0.040,0
23.9440,0.00111,0.40813,-0.00209,0.00000,0.40870,-89.999,0.040,0
23.9960,0.00103,0.40036,-0.00209,0.00000,0.40090,-89.998,0.040,0
24.0480,0.00095,0.39260,-0.00209,0.00000,0.39310,-89.998,0.040,0
24.1000,0.00087,0.38483,-0.00209,0.00000,0.38530,-89.998,0.040,0
24.1520,0.00080,0.37706,-0.00209,0.00000,0.37750,-89.997,0.040,0
24.2040,0.00073,0.36929,-0.00209,0.00000,0.36970,-89.997,0.040,0
24.2560,0.00066,0.36151,-0.00209,0.00000,0.36190,-89.997,0.040,0
24.3080,0.00060,0.35373,-0.00209,0.00000,0.35410,-89.997,0.040,0
24.3600,0.00054,0.34595,-0.00209,0.00000,0.34630,-89.996,0.040,0
24.4120,0.00048,0.33816,-0.00209,0.00000,0.33850,-89.996,0.040,0
24.4640,0.00043,0.33038,-0.00209,0.00000,0.33070,-89.996,0.040,0
24.5160,0.00039,0.32259,-0.00209,0.00000,0.32290,-89.996,0.040,0
24.5680,0.00034,0.31480,-0.00209,0.00000,0.31510,-89.996,0.040,0
24.6200,0.00030,0.30701,-0.00209,0.00000,0.30730,-89.996,0.040,0
24.6720,0.00026,0.29922,-0.00209,0.00000,0.29950,-89.996,0.040,0
24.7240,0.00023,0.29142,-0.00209,0.00000,0.29170,-89.996,0.040,0
24.7760,0.00020,0.28363,-0.00209,0.00000,0.28390,-89.995,0.040,0
24.8280,0.00017,0.27583,-0.00209,0.00000,0.27610,-89.995,0.040,0
24.8800,0.00015,0.26804,-0.00209,0.00000,0.26830,-89.995,0.040,0
24.9320,0.00012,0.26024,-0.00209,0.00000,0.26050,-89.995,0.040,0
24.9840,0.00010,0.25244,-0.00209,0.00000,0.25270,-89.995,0.040,0
25.0360,0.00009,0.24464,-0.00209,0.00000,0.24490,-89.995,0.040,0
25.0880,0.00007,0.23684,-0.00209,0.00000,0.23710,-89.995,0.040,0
25.1400,0.00006,0.22904,-0.00209,0.00000,0.22930,-89.995,0.040,0
25.1920,0.00005,0.22124,-0.00209,0.00000,0.22150,-89.995,0.040,0
25.2440,0.00004,0.21344,-0.00209,0.00000,0.21370,-89.995,0.040,0
25.2960,0.00003,0.20564,-0.00209,0.00000,0.20590,-89.995,0.040,0
25.3480,0.00002,0.19783,-0.00209,0.00000,0.19810,-89.995,0.040,0
25.4000,0.00002,0.19003,-0.00209,0.00000,0.19030,-89.995,0.040,0
25.4520,0.00001,0.18223,-0.00209,0.00000,0.18250,-89.995,0.040,0
25.5040,0.00001,0.17443,-0.00209,0.00000,0.17470,-89.995,0.040,0
25.5560,0.00001,0.16663,-0.00209,0.00000,0.16690,-89.995,0.040,0
25.6080,0.00001,0.15883,-0.00209,0.00000,0.15910,-89.995,0.040,0
25.6600,0.00001,0.15102,-0.00209,0.00000,0.15130,-89.995,0.040,0
25.7120,0.00001,0.14322,-0.00209,0.00000,0.14350,-89.995,0.040,0
25.7640,0.00001,0.13542,-0.00209,0.00000,0.13570,-89.995,0.040,0
25.8160,0.00001,0.12762,-0.00209,0.00000,0.12790,-89.995,0.040,0
25.8680,0.00001,0.11982,-0.00209,0.00000,0.12010,-89.995,0.040,0
25.9200,0.00001,0.11201,-0.00209,0.00000,0.11230,-89.996,0.040,0
25.9720,0.00002,0.10421,-0.00209,0.00000,0.10450,-89.996,0.040,0
26.0240,0.00002,0.09641,-0.00209,0.00000,0.09670,-89.996,0.040,0
26.0760,0.00002,0.08861,-0.00209,0.00000,0.08890,-89.996,0.040,0
26.1280,0.00002,0.08081,-0.00209,0.00000,0.08110,-89.996,0.040,0
26.1800,0.00003,0.07301,-0.00209,0.00000,0.07330,-89.996,0.040,0
26.2320,0.00003,0.06521,-0.00209,0.00000,0.06550,-89.996,0.040,0
26.2840,0.00003,0.05741,-0.00209,0.00000,0.05770,-89.996,0.040,0
26.3360,0.00004,0.04960,-0.00209,0.00000,0.04990,-89.996,0.040,0
26.3880,0.00004,0.04180,-0.00209,0.00000,0.04210,-89.996,0.040,0
26.4400,0.00004,0.03400,-0.00209,0.00000,0.03430,-89.996,0.040,0
26.4920,0.00005,0.02620,-0.00209,0.00000,0.02650,-89.996,0.040,0
26.5440,0.00005,0.01840,-0.00209,0.00000,0.01870,-89.996,0.040,0
26.5960,0.00005,0.01060,-0.00209,0.00000,0.01090,-89.996,0.040,0
26.6480,0.00006,0.00280,-0.00209,0.00000,0.00310,-89.996,0.040,0
26.7000,0.00006,-0.00500,-0.00209,0.00470,0.00000,-89.996,0.040,1
26.7520,0.00052,-0.01217,-0.00209,0.01250,0.00000,-88.989,0.053,1
26.8040,0.00178,-0.01815,-0.00209,0.02030,0.00000,-86.074,0.061,1
26.8560,0.00380,-0.02303,-0.00209,0.02810,0.00000,-82.389,0.053,1
26.9080,0.00657,-0.02689,-0.00208,0.03590,0.00000,-78.654,0.048,1
26.9600,0.01005,-0.02986,-0.00208,0.04370,0.00000,-74.949,0.046,1
27.0120,0.01416,-0.03205,-0.00208,0.05150,0.00000,-71.325,0.046,1
27.0640,0.01884,-0.03361,-0.00207,0.05930,0.00000,-67.782,0.047,1
27.1160,0.02404,-0.03464,-0.00207,0.06710,0.00000,-64.311,0.048,1
27.1680,0.02972,-0.03526,-0.00207,0.07490,0.00000,-60.901,0.050,1
27.2200,0.03584,-0.03555,-0.00207,0.08270,0.00000,-57.543,0.052,1
27.2720,0.04237,-0.03558,-0.00207,0.09050,0.00000,-54.228,0.054,1
27.3240,0.04930,-0.03541,-0.00206,0.09830,0.00000,-50.949,0.056,1
27.3760,0.05659,-0.03509,-0.00206,0.10610,0.00000,-47.700,0.057,1
27.4280,0.06422,-0.03467,-0.00206,0.11390,0.00000,-44.477,0.059,1
27.4800,0.07219,-0.03415,-0.00206,0.12170,0.00000,-41.276,0.060,1
27.5320,0.08046,-0.03356,-0.00206,0.12950,0.00000,-38.094,0.061,1
27.5840,0.08902,-0.03291,-0.00206,0.13730,0.00000,-34.928,0.061,1
27.6360,0.09783,-0.03220,-0.00206,0.14510,0.00000,-31.776,0.062,1
27.6880,0.10688,-0.03143,-0.00206,0.15290,0.00000,-28.635,0.062,1
27.7400,0.11613,-0.03059,-0.00206,0.16070,0.00000,-25.506,0.062,1
27.7920,0.12556,-0.02966,-0.00206,0.16850,0.00000,-22.385,0.061,1
27.8440,0.13514,-0.02866,-0.00206,0.17630,0.00000,-19.273,0.059,1
27.8960,0.14484,-0.02755,-0.00206,0.18410,0.00000,-16.169,0.057,1
27.9480,0.15464,-0.02635,-0.00206,0.19190,0.00000,-13.071,0.054,1
28.0000,0.16451,-0.02503,-0.00206,0.19970,0.00000,-9.981,0.051,1
28.0520,0.17443,-0.02360,-0.00206,0.20750,0.00000,-6.899,0.046,1
28.1040,0.18437,-0.02205,-0.00206,0.21530,0.00000,-3.847,0.042,1
28.1560,0.19430,-0.02038,-0.00206,0.22310,0.00000,-1.074,0.037,1
28.2080,0.20414,-0.01862,-0.00206,0.23090,0.00000,0.155,0.034,1
28.2600,0.21380,-0.01682,-0.00206,0.23870,0.00000,0.264,0.031,1
28.3120,0.22341,-0.01507,-0.00206,0.24650,0.00000,0.241,0.025,1
28.3640,0.23299,-0.01340,-0.00206,0.25430,0.00000,0.222,0.017,1
28.4160,0.24255,-0.01183,-0.00206,0.26210,0.00000,0.194,0.010,1
28.4680,0.25206,-0.01036,-0.00206,0.26990,0.00000,0.167,0.005,1
28.5200,0.26151,-0.00898,-0.00206,0.27770,0.00000,0.145,-0.001,1
28.5720,0.27090,-0.00770,-0.00206,0.28550,0.00000,0.125,-0.005,1
28.6240,0.28021,-0.00652,-0.00206,0.29330,0.00000,0.109,-0.009,1
28.6760,0.28944,-0.00542,-0.00206,0.30110,0.00000,0.095,-0.012,1
28.7280,0.29859,-0.00442,-0.00206,0.30890,0.00000,0.083,-0.015,1
28.7800,0.30766,-0.00350,-0.00206,0.31670,0.00000,0.073,-0.017,1
28.8320,0.31663,-0.00266,-0.00206,0.32450,0.00000,0.064,-0.019,1
28.8840,0.32552,-0.00190,-0.00206,0.33230,0.00000,0.057,-0.021,1
28.9360,0.33433,-0.00121,-0.00206,0.34010,0.00000,0.051,-0.022,1
28.9880,0.34305,-0.00060,-0.00206,0.34790,0.00000,0.046,-0.023,1
29.0400,0.35169,-0.00005,-0.00206,0.35570,0.00000,0.042,-0.024,1
29.0920,0.36025,0.00044,-0.00206,0.36350,0.00000,0.038,-0.025,1
29.1440,0.36873,0.00087,-0.00206,0.37130,0.00000,0.035,-0.025,1
29.1960,0.37715,0.00124,-0.00206,0.37910,0.00000,0.033,-0.026,1
29.2480,0.38549,0.00157,-0.00207,0.38690,0.00000,0.031,-0.026,1
29.3000,0.39378,0.00184,-0.00207,0.39470,0.00000,0.029,-0.027,1
29.3520,0.40200,0.00208,-0.00207,0.40250,0.00000,0.028,-0.027,1
29.4040,0.41017,0.00227,-0.00207,0.41030,0.00000,0.027,-0.027,1
29.4560,0.41829,0.00243,-0.00207,0.41810,0.00000,0.026,-0.027,1
29.5080,0.42636,0.00255,-0.00207,0.42590,0.00000,0.026,-0.027,1
29.5600,0.43439,0.00265,-0.00207,0.43370,0.00000,0.026,-0.027,1
29.6120,0.44238,0.00271,-0.00207,0.44150,0.00000,0.026,-0.027,1
29.6640,0.45033,0.00276,-0.00207,0.44930,0.00000,0.026,-0.027,1
29.7160,0.45825,0.00278,-0.00207,0.45710,0.00000,0.026,-0.027,1
29.7680,0.46615,0.00278,-0.00207,0.46490,0.00000,0.026,-0.027,1
29.8200,0.47402,0.00277,-0.00207,0.47270,0.00000,0.026,-0.027,1
29.8720,0.48187,0.00274,-0.00208,0.48050,0.00000,0.026,-0.027,1
29.9240,0.48970,0.00270,-0.00208,0.48830,0.00000,0.027,-0.027,1
29.9760,0.49751,0.00265,-0.00208,0.49610,0.00000,0.027,-0.027,1
30.0280,0.50531,0.00259,-0.00208,0.50390,0.00000,0.028,-0.026,1
30.0800,0.51310,0.00253,-0.00208,0.51170,0.00000,0.028,-0.026,1
30.1320,0.52087,0.00245,-0.00208,0.51950,0.00000,0.028,-0.026,1
30.1840,0.52864,0.00238,-0.00208,0.52730,0.00000,0.029,-0.026,1
30.2360,0.53640,0.00229,-0.00208,0.53510,0.00000,0.029,-0.026,1
30.2880,0.54416,0.00221,-0.00208,0.54290,0.00000,0.030,-0.026,1
30.3400,0.55191,0.00213,-0.00208,0.55070,0.00000,0.030,-0.026,1
30.3920,0.55966,0.00204,-0.00208,0.55850,0.00000,0.030,-0.026,1
30.4440,0.56741,0.00196,-0.00208,0.56630,0.00000,0.031,-0.026,1
30.4960,0.57516,0.00187,-0.00208,0.57410,0.00000,0.031,-0.026,1
30.5480,0.58290,0.00179,-0.00208,0.58190,0.00000,0.032,-0.026,1
30.6000,0.59065,0.00171,-0.00208,0.58970,0.00000,0.032,-0.026,1
30.6520,0.59840,0.00163,-0.00209,0.59750,0.00000,0.032,-0.026,1
30.7040,0.60615,0.00155,-0.00209,0.60530,0.00000,0.032,-0.026,1
30.7560,0.61390,0.00148,-0.00209,0.61310,0.00000,0.033,-0.026,1
30.8080,0.62165,0.00141,-0.00209,0.62090,0.00000,0.033,-0.026,1
30.8600,0.62940,0.00134,-0.00209,0.62870,0.00000,0.033,-0.026,1
30.9120,0.63716,0.00128,-0.00209,0.63650,0.00000,0.033,-0.026,1
30.9640,0.64492,0.00122,-0.00209,0.64430,0.00000,0.033,-0.026,1
31.0160,0.65268,0.00116,-0.00209,0.65210,0.00000,0.034,-0.026,1
31.0680,0.66045,0.00111,-0.00209,0.65990,0.00000,0.034,-0.026,1
31.1200,0.66822,0.00106,-0.00209,0.66770,0.00000,0.034,-0.026,1
31.1720,0.67599,0.00102,-0.00209,0.67550,0.00000,0.034,-0.026,1
31.2240,0.68376,0.00097,-0.00209,0.68330,0.00000,0.034,-0.026,1
31.2760,0.69154,0.00094,-0.00209,0.69110,0.00000,0.034,-0.026,1
31.3280,0.69931,0.00090,-0.00209,0.69890,0.00000,0.034,-0.026,1
31.3800,0.70709,0.00087,-0.00209,0.70670,0.00000,0.034,-0.026,1
31.4320,0.71488,0.00084,-0.00209,0.71450,0.00000,0.034,-0.026,1
31.4840,0.72266,0.00081,-0.00209,0.72230,0.00000,0.035,-0.026,1
31.5360,0.73045,0.00079,-0.00209,0.73010,0.00000,0.035,-0.026,1
31.5880,0.73823,0.00077,-0.00209,0.73790,0.00000,0.035,-0.026,1
31.6400,0.74602,0.00075,-0.00209,0.74570,0.00000,0.035,-0.026,1
31.6920,0.75381,0.00073,-0.00209,0.75350,0.00000,0.035,-0.026,1
31.7440,0.76160,0.00072,-0.00209,0.76130,0.00000,0.035,-0.026,1
31.7960,0.76940,0.00071,-0.00209,0.76910,0.00000,0.035,-0.026,1
31.8480,0.77719,0.00070,-0.00209,0.77690,0.00000,0.035,-0.026,1
31.9000,0.78499,0.00069,-0.00209,0.78470,0.00000,0.035,-0.026,1
31.9520,0.79278,0.00068,-0.00209,0.79250,0.00000,0.035,-0.026,1
32.0040,0.80058,0.00067,-0.00209,0.80030,0.00000,0.035,-0.026,1
32.0540,0.80808,0.00067,-0.00209,0.80780,0.00000,0.035,-0.026,1
32.1040,0.81558,0.00067,-0.00209,0.81530,0.00000,0.035,-0.026,1
32.1540,0.82308,0.00066,-0.00209,0.82280,0.00000,0.035,-0.026,1
32.2040,0.83058,0.00066,-0.00209,0.83030,0.00000,0.035,-0.026,1
32.2540,0.83808,0.00066,-0.00209,0.83780,0.00000,0.035,-0.026,1
32.3040,0.84558,0.00066,-0.00209,0.84530,0.00000,0.035,-0.026,1
32.3540,0.85308,0.00066,-0.00209,0.85280,0.00000,0.035,-0.026,1
32.4040,0.86058,0.00066,-0.00209,0.86030,0.00000,0.035,-0.026,1
32.4540,0.86808,0.00067,-0.00209,0.86780,0.00000,0.035,-0.026,1
32.5040,0.87558,0.00067,-0.00209,0.87530,0.00000,0.035,-0.026,1
32.5540,0.88308,0.00067,-0.00209,0.88280,0.00000,0.035,-0.026,1
32.6040,0.89058,0.00067,-0.00209,0.89030,0.00000,0.035,-0.026,1
32.6540,0.89809,0.00068,-0.00209,0.89780,0.00000,0.035,-0.026,1
32.7040,0.90559,0.00068,-0.00209,0.90530,0.00000,0.035,-0.026,1
32.7540,0.91309,0.00068,-0.00209,0.91280,0.00000,0.035,-0.026,1
32.8040,0.92059,0.00069,-0.00209,0.92030,0.00000,0.035,-0.026,1
32.8540,0.92809,0.00069,-0.00209,0.92780,0.00000,0.035,-0.026,1
32.9040,0.93559,0.00069,-0.00209,0.93530,0.00000,0.035,-0.026,1
32.9540,0.94310,0.00070,-0.00209,0.94280,0.00000,0.035,-0.026,1
33.0040,0.95060,0.00070,-0.00209,0.95030,0.00000,0.035,-0.026,1
33.0540,0.95810,0.00070,-0.00209,0.95780,0.00000,0.035,-0.026,1
33.1040,0.96560,0.00071,-0.00209,0.96530,0.00000,0.035,-0.026,1
33.1540,0.97310,0.00071,-0.00209,0.97280,0.00000,0.035,-0.026,1
33.2040,0.98060,0.00071,-0.00209,0.98030,0.00000,0.035,-0.026,1
33.2540,0.98810,0.00071,-0.00209,0.98780,0.00000,0.035,-0.026,1
33.3040,0.99560,0.00072,-0.00209,0.99530,0.00000,0.035,-0.026,1
33.3540,1.00310,0.00072,-0.00209,1.00000,0.00280,0.036,-0.026,1
33.4040,1.00994,0.00121,-0.00209,1.00000,0.01030,1.091,-0.012,1
33.4540,1.01573,0.00252,-0.00209,1.00000,0.01780,3.804,-0.002,1
33.5040,1.02055,0.00464,-0.00208,1.00000,0.02530,7.191,-0.007,1
33.5540,1.02444,0.00749,-0.00208,1.00000,0.03280,10.649,-0.011,1
33.6040,1.02747,0.01100,-0.00208,1.00000,0.04030,14.105,-0.011,1
33.6540,1.02975,0.01510,-0.00208,1.00000,0.04780,17.504,-0.009,1
33.7040,1.03141,0.01973,-0.00208,1.00000,0.05530,20.843,-0.008,1
33.7540,1.03254,0.02486,-0.00208,1.00000,0.06280,24.125,-0.008,1
33.8040,1.03325,0.03045,-0.00208,1.00000,0.07030,27.359,-0.007,1
33.8540,1.03361,0.03647,-0.00208,1.00000,0.07780,30.553,-0.007,1
33.9040,1.03369,0.04289,-0.00207,1.00000,0.08530,33.713,-0.008,1
33.9540,1.03354,0.04970,-0.00207,1.00000,0.09280,36.844,-0.009,1
34.0040,1.03322,0.05688,-0.00207,1.00000,0.10030,39.951,-0.011,1
34.0540,1.03275,0.06441,-0.00207,1.00000,0.10780,43.039,-0.014,1
34.1040,1.03215,0.07227,-0.00207,1.00000,0.11530,46.111,-0.018,1
34.1540,1.03145,0.08044,-0.00207,1.00000,0.12280,49.169,-0.022,1
34.2040,1.03065,0.08890,-0.00207,1.00000,0.13030,52.215,-0.026,1
34.2540,1.02975,0.09762,-0.00207,1.00000,0.13780,55.253,-0.032,1
34.3040,1.02877,0.10659,-0.00207,1.00000,0.14530,58.284,-0.037,1
34.3540,1.02769,0.11576,-0.00207,1.00000,0.15280,61.310,-0.044,1
34.4040,1.02652,0.12513,-0.00207,1.00000,0.16030,64.332,-0.050,1
34.4540,1.02526,0.13464,-0.00207,1.00000,0.16780,67.352,-0.057,1
34.5040,1.02390,0.14428,-0.00207,1.00000,0.17530,70.372,-0.064,1
34.5540,1.02244,0.15401,-0.00207,1.00000,0.18280,73.393,-0.070,1
34.6040,1.02090,0.16379,-0.00207,1.00000,0.19030,76.416,-0.077,1
34.6540,1.01926,0.17360,-0.00207,1.00000,0.19780,79.443,-0.083,1
34.7040,1.01754,0.18339,-0.00207,1.00000,0.20530,82.471,-0.089,1
34.7540,1.01575,0.19315,-0.00207,1.00000,0.21280,85.482,-0.094,1
34.8040,1.01391,0.20282,-0.00206,1.00000,0.22030,88.243,-0.099,1
34.8540,1.01207,0.21239,-0.00206,1.00000,0.22780,89.653,-0.103,1
34.9040,1.01032,0.22181,-0.00206,1.00000,0.23530,89.901,-0.107,1
34.9540,1.00869,0.23107,-0.00206,1.00000,0.24280,89.942,-0.110,1
35.0040,1.00719,0.24020,-0.00206,1.00000,0.25030,89.974,-0.113,1
35.0540,1.00582,0.24919,-0.00206,1.00000,0.25780,89.990,-0.116,1
35.1040,1.00457,0.25806,-0.00206,1.00000,0.26530,89.997,-0.118,1
35.1540,1.00344,0.26681,-0.00205,1.00000,0.27280,90.003,-0.120,1
35.2040,1.00242,0.27544,-0.00205,1.00000,0.28030,90.007,-0.121,1
35.2540,1.00151,0.28396,-0.00205,1.00000,0.28780,90.010,-0.122,1
35.3040,1.00069,0.29237,-0.00205,1.00000,0.29530,90.012,-0.123,1
35.3540,0.99998,0.30069,-0.00205,1.00000,0.30280,90.013,-0.124,1
35.4040,0.99935,0.30891,-0.00205,1.00000,0.31030,90.014,-0.124,1
35.4540,0.99880,0.31704,-0.00205,1.00000,0.31780,90.013,-0.124,1
35.5040,0.99832,0.32510,-0.00205,1.00000,0.32530,90.013,-0.124,1
35.5540,0.99792,0.33308,-0.00205,1.00000,0.33280,90.012,-0.124,1
35.6040,0.99758,0.34099,-0.00205,1.00000,0.34030,90.011,-0.124,1
35.6540,0.99731,0.34883,-0.00206,1.00000,0.34780,90.010,-0.123,1
35.7040,0.99708,0.35662,-0.00206,1.00000,0.35530,90.009,-0.123,1
35.7540,0.99691,0.36436,-0.00206,1.00000,0.36280,90.008,-0.123,1
35.8040,0.99678,0.37206,-0.00206,1.00000,0.37030,90.007,-0.122,1
35.8540,0.99669,0.37971,-0.00206,1.00000,0.37780,90.006,-0.122,1
35.9040,0.99664,0.38732,-0.00206,1.00000,0.38530,90.004,-0.122,1
35.9540,0.99661,0.39490,-0.00206,1.00000,0.39280,90.003,-0.121,1
36.0040,0.99662,0.40245,-0.00206,1.00000,0.40030,90.002,-0.121,1
36.0540,0.99665,0.40997,-0.00206,1.00000,0.40780,90.001,-0.121,1
36.1040,0.99671,0.41748,-0.00207,1.00000,0.41530,90.000,-0.120,1
36.1540,0.99678,0.42496,-0.00207,1.00000,0.42280,89.999,-0.120,1
36.2040,0.99687,0.43243,-0.00207,1.00000,0.43030,89.998,-0.120,1
36.2540,0.99697,0.43988,-0.00207,1.00000,0.43780,89.998,-0.119,1
36.3040,0.99708,0.44733,-0.00207,1.00000,0.44530,89.997,-0.119,1
36.3540,0.99720,0.45476,-0.00207,1.00000,0.45280,89.996,-0.119,1
36.4040,0.99733,0.46219,-0.00207,1.00000,0.46030,89.996,-0.118,1
36.4540,0.99746,0.46962,-0.00207,1.00000,0.46780,89.995,-0.118,1
36.5040,0.99760,0.47704,-0.00208,1.00000,0.47530,89.995,-0.118,1
36.5540,0.99774,0.48445,-0.00208,1.00000,0.48280,89.994,-0.118,1
36.6040,0.99788,0.49187,-0.00208,1.00000,0.49030,89.994,-0.118,1
36.6540,0.99801,0.49929,-0.00208,1.00000,0.49780,89.994,-0.117,1
36.7040,0.99815,0.50670,-0.00208,1.00000,0.50530,89.993,-0.117,1
36.7540,0.99829,0.51412,-0.00208,1.00000,0.51280,89.993,-0.117,1
36.8040,0.99842,0.52154,-0.00208,1.00000,0.52030,89.993,-0.117,1
36.8540,0.99854,0.52897,-0.00208,1.00000,0.52780,89.993,-0.117,1
36.9040,0.99867,0.53639,-0.00208,1.00000,0.53530,89.993,-0.117,1
36.9540,0.99879,0.54382,-0.00208,1.00000,0.54280,89.993,-0.117,1
37.0040,0.99890,0.55126,-0.00208,1.00000,0.55030,89.993,-0.117,1
37.0540,0.99901,0.55869,-0.00208,1.00000,0.55780,89.993,-0.117,1
37.1040,0.99912,0.56613,-0.00208,1.00000,0.56530,89.993,-0.117,1
37.1540,0.99922,0.57358,-0.00208,1.00000,0.57280,89.993,-0.117,1
37.2040,0.99931,0.58103,-0.00208,1.00000,0.58030,89.993,-0.117,1
37.2540,0.99940,0.58848,-0.00209,1.00000,0.58780,89.993,-0.117,1
37.3040,0.99948,0.59594,-0.00209,1.00000,0.59530,89.993,-0.117,1
37.3540,0.99956,0.60340,-0.00209,1.00000,0.60280,89.993,-0.117,1
37.4040,0.99963,0.61086,-0.00209,1.00000,0.61030,89.993,-0.117,1
37.4540,0.99969,0.61833,-0.00209,1.00000,0.61780,89.994,-0.117,1
37.5040,0.99975,0.62580,-0.00209,1.00000,0.62530,89.994,-0.117,1
37.5540,0.99981,0.63327,-0.00209,1.00000,0.63280,89.994,-0.117,1
37.6040,0.99986,0.64075,-0.00209,1.00000,0.64030,89.994,-0.117,1
37.6540,0.99991,0.64822,-0.00209,1.00000,0.64780,89.994,-0.117,1
37.7040,0.99995,0.65570,-0.00209,1.00000,0.65530,89.994,-0.117,1
37.7540,0.99999,0.66319,-0.00209,1.00000,0.66280,89.994,-0.117,1
37.8040,1.00002,0.67067,-0.00209,1.00000,0.67030,89.994,-0.117,1
37.8540,1.00005,0.67816,-0.00209,1.00000,0.67780,89.995,-0.117,1
37.9040,1.00008,0.68565,-0.00209,1.00000,0.68530,89.995,-0.117,1
37.9540,1.00010,0.69314,-0.00209,1.00000,0.69280,89.995,-0.117,1
38.0040,1.00013,0.70064,-0.00209,1.00000,0.70030,89.995,-0.117,1
38.0540,1.00014,0.70813,-0.00209,1.00000,0.70780,89.995,-0.117,1
38.1040,1.00016,0.71562,-0.00209,1.00000,0.71530,89.995,-0.117,1
38.1540,1.00017,0.72312,-0.00209,1.00000,0.72280,89.995,-0.117,1
38.2040,1.00018,0.73062,-0.00209,1.00000,0.73030,89.995,-0.117,1
38.2540,1.00019,0.73812,-0.00209,1.00000,0.73780,89.995,-0.117,1
38.3040,1.00020,0.74562,-0.00209,1.00000,0.74530,89.995,-0.117,1
38.3540,1.00020,0.75312,-0.00209,1.00000,0.75280,89.995,-0.117,1
38.4040,1.00021,0.76062,-0.00209,1.00000,0.76030,89.996,-0.117,1
38.4540,1.00021,0.76812,-0.00209,1.00000,0.76780,89.996,-0.117,1
38.5040,1.00021,0.77562,-0.00209,1.00000,0.77530,89.996,-0.117,1
38.5540,1.00021,0.78312,-0.00209,1.00000,0.78280,89.996,-0.117,1
38.6040,1.00021,0.79062,-0.00209,1.00000,0.79030,89.996,-0.117,1
38.6540,1.00021,0.79812,-0.00209,1.00000,0.79780,89.996,-0.117,1
38.7040,1.00021,0.80563,-0.00209,1.00000,0.80530,89.996,-0.117,1
38.7540,1.00020,0.81313,-0.00209,1.00000,0.81280,89.996,-0.117,1
38.8040,1.00020,0.82063,-0.00209,1.00000,0.82030,89.996,-0.117,1
38.8540,1.00019,0.82813,-0.00209,1.00000,0.82780,89.996,-0.117,1
38.9040,1.00019,0.83564,-0.00209,1.00000,0.83530,89.996,-0.117,1
38.9540,1.00019,0.84314,-0.00209,1.00000,0.84280,89.996,-0.117,1
39.0040,1.00018,0.85064,-0.00209,1.00000,0.85030,89.996,-0.117,1
39.0540,1.00018,0.85814,-0.00209,1.00000,0.85780,89.996,-0.117,1
39.1040,1.00017,0.86564,-0.00209,1.00000,0.86530,89.996,-0.117,1
39.1540,1.00017,0.87315,-0.00209,1.00000,0.87280,89.996,-0.117,1
39.2040,1.00016,0.88065,-0.00209,1.00000,0.88030,89.996,-0.117,1
39.2540,1.00016,0.88815,-0.00209,1.00000,0.88780,89.996,-0.117,1
39.3040,1.00015,0.89565,-0.00209,1.00000,0.89530,89.996,-0.117,1
39.3540,1.00015,0.90315,-0.00209,1.00000,0.90280,89.996,-0.117,1
39.4040,1.00014,0.91066,-0.00209,1.00000,0.91030,89.996,-0.117,1
39.4540,1.00014,0.91816,-0.00209,1.00000,0.91780,89.996,-0.117,1
39.5040,1.00013,0.92566,-0.00209,1.00000,0.92530,89.996,-0.117,1
39.5540,1.00013,0.93316,-0.00209,1.00000,0.93280,89.996,-0.117,1
39.6040,1.00012,0.94066,-0.00209,1.00000,0.94030,89.996,-0.117,1
39.6540,1.00012,0.94816,-0.00209,1.00000,0.94780,89.996,-0.117,1
39.7040,1.00012,0.95566,-0.00209,1.00000,0.95530,89.996,-0.117,1
39.7540,1.00011,0.96316,-0.00209,1.00000,0.96280,89.996,-0.117,1
39.8040,1.00011,0.97066,-0.00209,1.00000,0.97030,89.996,-0.117,1
39.8540,1.00011,0.97817,-0.00209,1.00000,0.97780,89.996,-0.117,1
39.9040,1.00010,0.98567,-0.00209,1.00000,0.98530,89.996,-0.117,1
39.9540,1.00010,0.99317,-0.00209,1.00000,0.99280,89.996,-0.117,1
40.0040,1.00010,1.00066,-0.00209,0.99970,1.00000,89.998,-0.117,1
40.0540,0.99961,1.00747,-0.00209,0.99220,1.00000,91.088,-0.105,1
40.1040,0.99822,1.01321,-0.00209,0.98470,1.00000,93.738,-0.097,1
40.1540,0.99588,1.01801,-0.00209,0.97720,1.00000,96.960,-0.104,1
40.2040,0.99268,1.02200,-0.00209,0.96970,1.00000,100.249,-0.112,1
40.2540,0.98873,1.02527,-0.00208,0.96220,1.00000,103.553,-0.118,1
40.3040,0.98409,1.02794,-0.00208,0.95470,1.00000,106.824,-0.121,1
40.3540,0.97883,1.03006,-0.00208,0.94720,1.00000,110.058,-0.124,1
40.4040,0.97302,1.03172,-0.00208,0.93970,1.00000,113.257,-0.125,1
40.4540,0.96671,1.03299,-0.00208,0.93220,1.00000,116.425,-0.125,1
40.5040,0.95993,1.03391,-0.00208,0.92470,1.00000,119.568,-0.125,1
40.5540,0.95274,1.03454,-0.00208,0.91720,1.00000,122.689,-0.124,1
40.6040,0.94516,1.03492,-0.00208,0.90970,1.00000,125.793,-0.123,1
40.6540,0.93723,1.03508,-0.00208,0.90220,1.00000,128.883,-0.122,1
40.7040,0.92898,1.03505,-0.00208,0.89470,1.00000,131.961,-0.121,1
40.7540,0.92044,1.03485,-0.00208,0.88720,1.00000,135.030,-0.119,1
40.8040,0.91165,1.03450,-0.00208,0.87970,1.00000,138.092,-0.118,1
40.8540,0.90263,1.03400,-0.00208,0.87220,1.00000,141.148,-0.116,1
40.9040,0.89341,1.03337,-0.00208,0.86470,1.00000,144.200,-0.114,1
40.9540,0.88404,1.03262,-0.00208,0.85720,1.00000,147.250,-0.112,1
41.0040,0.87452,1.03174,-0.00208,0.84970,1.00000,150.299,-0.110,1
41.0540,0.86491,1.03075,-0.00208,0.84220,1.00000,153.348,-0.108,1
41.1040,0.85522,1.02964,-0.00208,0.83470,1.00000,156.399,-0.105,1
41.1540,0.84550,1.02843,-0.00208,0.82720,1.00000,159.454,-0.102,1
41.2040,0.83576,1.02711,-0.00208,0.81970,1.00000,162.514,-0.099,1
41.2540,0.82604,1.02569,-0.00208,0.81220,1.00000,165.581,-0.096,1
41.3040,0.81636,1.02418,-0.00208,0.80470,1.00000,168.657,-0.092,1
41.3540,0.80676,1.02257,-0.00208,0.79720,1.00000,171.743,-0.087,1
41.4040,0.79725,1.02089,-0.00208,0.78970,1.00000,174.819,-0.083,1
41.4540,0.78786,1.01914,-0.00208,0.78220,1.00000,177.646,-0.078,1
41.5040,0.77858,1.01735,-0.00208,0.77470,1.00000,179.134,-0.075,1
41.5540,0.76942,1.01553,-0.00208,0.76720,1.00000,179.468,-0.070,1
41.6040,0.76045,1.01375,-0.00208,0.75970,1.00000,179.580,-0.063,1
41.6540,0.75167,1.01208,-0.00208,0.75220,1.00000,179.668,-0.056,1
41.7040,0.74308,1.01051,-0.00208,0.74470,1.00000,179.728,-0.049,1
41.7540,0.73466,1.00905,-0.00208,0.73720,1.00000,179.772,-0.043,1
41.8040,0.72640,1.00771,-0.00208,0.72970,1.00000,179.808,-0.038,1
41.8540,0.71828,1.00647,-0.00208,0.72220,1.00000,179.837,-0.033,1
41.9040,0.71029,1.00533,-0.00209,0.71470,1.00000,179.860,-0.029,1
41.9540,0.70241,1.00429,-0.00209,0.70720,1.00000,179.879,-0.025,1
42.0040,0.69463,1.00335,-0.00209,0.69970,1.00000,179.894,-0.022,1
42.0540,0.68694,1.00250,-0.00209,0.69220,1.00000,179.906,-0.019,1
42.1040,0.67933,1.00174,-0.00209,0.68470,1.00000,179.916,-0.017,1
42.1540,0.67179,1.00106,-0.00209,0.67720,1.00000,179.924,-0.015,1
42.2040,0.66430,1.00046,-0.00209,0.66970,1.00000,179.930,-0.013,1
42.2540,0.65687,0.99993,-0.00209,0.66220,1.00000,179.935,-0.011,1
42.3040,0.64948,0.99947,-0.00209,0.65470,1.00000,179.939,-0.009,1
42.3540,0.64213,0.99907,-0.00210,0.64720,1.00000,179.942,-0.008,1
42.4040,0.63480,0.99874,-0.00210,0.63970,1.00000,179.944,-0.007,1
42.4540,0.62750,0.99845,-0.00210,0.63220,1.00000,179.946,-0.006,1
42.5040,0.62021,0.99822,-0.00210,0.62470,1.00000,179.948,-0.005,1
42.5540,0.61293,0.99803,-0.00210,0.61720,1.00000,179.949,-0.004,1
42.6040,0.60567,0.99789,-0.00210,0.60970,1.00000,179.950,-0.003,1
42.6540,0.59840,0.99778,-0.00210,0.60220,1.00000,179.951,-0.002,1
42.7040,0.59114,0.99771,-0.00210,0.59470,1.00000,179.951,-0.002,1
42.7540,0.58388,0.99767,-0.00210,0.58720,1.00000,179.952,-0.001,1
42.8040,0.57662,0.99765,-0.00210,0.57970,1.00000,179.952,-0.001,1
42.8540,0.56935,0.99766,-0.00210,0.57220,1.00000,179.953,-0.000,1
42.9040,0.56207,0.99770,-0.00210,0.56470,1.00000,179.953,-0.000,1
42.9540,0.55478,0.99775,-0.00210,0.55720,1.00000,179.954,0.000,1
43.0040,0.54749,0.99781,-0.00210,0.54970,1.00000,179.954,0.000,1
43.0540,0.54018,0.99789,-0.00210,0.54220,1.00000,179.954,0.001,1
43.1040,0.53287,0.99798,-0.00210,0.53470,1.00000,179.955,0.001,1
43.1540,0.52554,0.99808,-0.00210,0.52720,1.00000,179.955,0.001,1
43.2040,0.51820,0.99819,-0.00210,0.51970,1.00000,179.956,0.001,1
43.2540,0.51085,0.99830,-0.00210,0.51220,1.00000,179.956,0.001,1
43.3040,0.50349,0.99842,-0.00210,0.50470,1.00000,179.956,0.001,1
43.3540,0.49612,0.99854,-0.00210,0.49720,1.00000,179.957,0.001,1
43.4040,0.48874,0.99866,-0.00210,0.48970,1.00000,179.957,0.002,1
43.4540,0.48134,0.99879,-0.00210,0.48220,1.00000,179.958,0.002,1
43.5040,0.47394,0.99891,-0.00210,0.47470,1.00000,179.958,0.002,1
43.5540,0.46653,0.99903,-0.00210,0.46720,1.00000,179.958,0.002,1
43.6040,0.45911,0.99915,-0.00210,0.45970,1.00000,179.959,0.002,1
43.6540,0.45168,0.99926,-0.00210,0.45220,1.00000,179.959,0.002,1
43.7040,0.44424,0.99938,-0.00209,0.44470,1.00000,179.960,0.002,1
43.7540,0.43680,0.99949,-0.00209,0.43720,1.00000,179.960,0.002,1
43.8040,0.42934,0.99959,-0.00209,0.42970,1.00000,179.960,0.002,1
43.8540,0.42189,0.99969,-0.00209,0.42220,1.00000,179.961,0.002,1
43.9040,0.41442,0.99979,-0.00209,0.41470,1.00000,179.961,0.002,1
43.9540,0.40695,0.99988,-0.00209,0.40720,1.00000,179.962,0.002,1
44.0040,0.39948,0.99997,-0.00209,0.39970,1.00000,179.962,0.002,1
44.0540,0.39200,1.00005,-0.00209,0.39220,1.00000,179.962,0.002,1
44.1040,0.38451,1.00013,-0.00209,0.38470,1.00000,179.963,0.002,1
44.1540,0.37703,1.00020,-0.00209,0.37720,1.00000,179.963,0.002,1
44.2040,0.36954,1.00027,-0.00209,0.36970,1.00000,179.963,0.002,1
44.2540,0.36204,1.00034,-0.00209,0.36220,1.00000,179.963,0.002,1
44.3040,0.35455,1.00039,-0.00209,0.35470,1.00000,179.964,0.002,1
44.3540,0.34705,1.00045,-0.00209,0.34720,1.00000,179.964,0.002,1
44.4040,0.33955,1.00050,-0.00209,0.33970,1.00000,179.964,0.002,1
44.4540,0.33205,1.00054,-0.00209,0.33220,1.00000,179.964,0.002,1
44.5040,0.32454,1.00059,-0.00209,0.32470,1.00000,179.964,0.002,1
44.5540,0.31704,1.00062,-0.00209,0.31720,1.00000,179.965,0.002,1
44.6040,0.30954,1.00066,-0.00209,0.30970,1.00000,179.965,0.002,1
44.6540,0.30203,1.00069,-0.00209,0.30220,1.00000,179.965,0.002,1
44.7040,0.29452,1.00072,-0.00209,0.29470,1.00000,179.965,0.002,1
44.7540,0.28702,1.00074,-0.00209,0.28720,1.00000,179.965,0.002,1
44.8040,0.27951,1.00076,-0.00209,0.27970,1.00000,179.965,0.002,1
44.8540,0.27200,1.00078,-0.00209,0.27220,1.00000,179.965,0.002,1
44.9040,0.26450,1.00080,-0.00209,0.26470,1.00000,179.965,0.002,1
44.9540,0.25699,1.00081,-0.00209,0.25720,1.00000,179.965,0.002,1
45.0040,0.24948,1.00082,-0.00209,0.24970,1.00000,179.965,0.002,1
45.0540,0.24198,1.00083,-0.00209,0.24220,1.00000,179.965,0.002,1
45.1040,0.23447,1.00084,-0.00209,0.23470,1.00000,179.965,0.002,1
45.1540,0.22696,1.00085,-0.00209,0.22720,1.00000,179.966,0.002,1
45.2040,0.21946,1.00085,-0.00209,0.21970,1.00000,179.966,0.002,1
45.2540,0.21195,1.00086,-0.00209,0.21220,1.00000,179.966,0.002,1
45.3040,0.20444,1.00086,-0.00209,0.20470,1.00000,179.966,0.002,1
45.3540,0.19694,1.00086,-0.00209,0.19720,1.00000,179.966,0.002,1
45.4040,0.18943,1.00086,-0.00209,0.18970,1.00000,179.966,0.002,1
45.4540,0.18193,1.00086,-0.00209,0.18220,1.00000,179.966,0.002,1
45.5040,0.17443,1.00086,-0.00209,0.17470,1.00000,179.966,0.002,1
45.5540,0.16692,1.00086,-0.00209,0.16720,1.00000,179.966,0.002,1
45.6040,0.15942,1.00085,-0.00209,0.15970,1.00000,179.966,0.002,1
45.6540,0.15191,1.00085,-0.00209,0.15220,1.00000,179.966,0.002,1
45.7040,0.14441,1.00085,-0.00209,0.14470,1.00000,179.966,0.002,1
45.7540,0.13691,1.00084,-0.00209,0.13720,1.00000,179.966,0.002,1
45.8040,0.12941,1.00084,-0.00209,0.12970,1.00000,179.966,0.002,1
45.8540,0.12190,1.00084,-0.00209,0.12220,1.00000,179.966,0.002,1
45.9040,0.11440,1.00083,-0.00209,0.11470,1.00000,179.965,0.002,1
45.9540,0.10690,1.00083,-0.00209,0.10720,1.00000,179.965,0.002,1
46.0040,0.09940,1.00082,-0.00209,0.09970,1.00000,179.965,0.002,1
46.0540,0.09190,1.00082,-0.00209,0.09220,1.00000,179.965,0.002,1
46.1040,0.08440,1.00081,-0.00209,0.08470,1.00000,179.965,0.002,1
46.1540,0.07690,1.00081,-0.00209,0.07720,1.00000,179.965,0.002,1
46.2040,0.06940,1.00080,-0.00209,0.06970,1.00000,179.965,0.002,1
46.2540,0.06189,1.00080,-0.00209,0.06220,1.00000,179.965,0.002,1
46.3040,0.05439,1.00080,-0.00209,0.05470,1.00000,179.965,0.002,1
46.3540,0.04689,1.00079,-0.00209,0.04720,1.00000,179.965,0.002,1
46.4040,0.03939,1.00079,-0.00209,0.03970,1.00000,179.965,0.002,1
46.4540,0.03189,1.00078,-0.00209,0.03220,1.00000,179.965,0.002,1
46.5040,0.02439,1.00078,-0.00209,0.02470,1.00000,179.965,0.002,1
46.5540,0.01689,1.00078,-0.00209,0.01720,1.00000,179.965,0.002,1
46.6040,0.00939,1.00077,-0.00209,0.00970,1.00000,179.965,0.002,1
46.6540,0.00189,1.00077,-0.00209,0.00220,1.00000,179.965,0.002,1
46.7040,-0.00560,1.00077,-0.00209,0.00000,0.99470,179.967,0.002,1
46.7540,-0.01234,1.00027,-0.00209,0.00000,0.98720,-178.935,0.014,1
46.8040,-0.01768,0.99865,-0.00209,0.00000,0.97970,-176.069,0.029,1
46.8540,-0.02193,0.99608,-0.00208,0.00000,0.97220,-172.566,0.018,1
46.9040,-0.02538,0.99275,-0.00208,0.00000,0.96470,-169.030,-0.001,1
46.9540,-0.02816,0.98874,-0.00207,0.00000,0.95720,-165.493,-0.011,1
47.0040,-0.03036,0.98410,-0.00207,0.00000,0.94970,-162.031,-0.018,1
47.0540,-0.03208,0.97888,-0.00207,0.00000,0.94220,-158.636,-0.024,1
47.1040,-0.03338,0.97315,-0.00206,0.00000,0.93470,-155.304,-0.028,1
47.1540,-0.03433,0.96695,-0.00206,0.00000,0.92720,-152.025,-0.030,1
47.2040,-0.03500,0.96031,-0.00206,0.00000,0.91970,-148.791,-0.032,1
47.2540,-0.03542,0.95328,-0.00206,0.00000,0.91220,-145.595,-0.032,1
47.3040,-0.03564,0.94590,-0.00206,0.00000,0.90470,-142.432,-0.031,1
47.3540,-0.03569,0.93818,-0.00206,0.00000,0.89720,-139.295,-0.030,1
47.4040,-0.03560,0.93017,-0.00205,0.00000,0.88970,-136.182,-0.028,1
47.4540,-0.03538,0.92189,-0.00205,0.00000,0.88220,-133.089,-0.025,1
47.5040,-0.03504,0.91337,-0.00205,0.00000,0.87470,-130.012,-0.022,1
47.5540,-0.03461,0.90463,-0.00205,0.00000,0.86720,-126.951,-0.019,1
47.6040,-0.03409,0.89571,-0.00205,0.00000,0.85970,-123.903,-0.016,1
47.6540,-0.03347,0.88663,-0.00205,0.00000,0.85220,-120.865,-0.012,1
47.7040,-0.03277,0.87742,-0.00205,0.00000,0.84470,-117.838,-0.008,1
47.7540,-0.03198,0.86811,-0.00205,0.00000,0.83720,-114.820,-0.005,1
47.8040,-0.03110,0.85872,-0.00205,0.00000,0.82970,-111.809,-0.001,1
47.8540,-0.03014,0.84928,-0.00205,0.00000,0.82220,-108.806,0.003,1
47.9040,-0.02908,0.83981,-0.00205,0.00000,0.81470,-105.810,0.007,1
47.9540,-0.02793,0.83034,-0.00205,0.00000,0.80720,-102.820,0.010,1
48.0040,-0.02668,0.82089,-0.00206,0.00000,0.79970,-99.837,0.014,1
48.0540,-0.02534,0.81146,-0.00206,0.00000,0.79220,-96.864,0.017,1
48.1040,-0.02390,0.80209,-0.00206,0.00000,0.78470,-93.922,0.020,1
48.1540,-0.02236,0.79279,-0.00206,0.00000,0.77720,-91.252,0.022,1
48.2040,-0.02071,0.78358,-0.00206,0.00000,0.76970,-89.936,0.026,1
48.2540,-0.01895,0.77452,-0.00206,0.00000,0.76220,-89.768,0.029,1
48.3040,-0.01716,0.76559,-0.00206,0.00000,0.75470,-89.792,0.032,1
48.3540,-0.01545,0.75676,-0.00206,0.00000,0.74720,-89.812,0.034,1
48.4040,-0.01382,0.74802,-0.00206,0.00000,0.73970,-89.840,0.035,1
48.4540,-0.01229,0.73938,-0.00207,0.00000,0.73220,-89.869,0.035,1
48.5040,-0.01085,0.73082,-0.00207,0.00000,0.72470,-89.894,0.036,1
48.5540,-0.00951,0.72235,-0.00207,0.00000,0.71720,-89.914,0.037,1
48.6040,-0.00825,0.71397,-0.00207,0.00000,0.70970,-89.931,0.037,1
48.6540,-0.00709,0.70567,-0.00207,0.00000,0.70220,-89.946,0.038,1
48.7040,-0.00602,0.69744,-0.00207,0.00000,0.69470,-89.958,0.038,1
48.7540,-0.00503,0.68930,-0.00207,0.00000,0.68720,-89.968,0.038,1
48.8040,-0.00413,0.68122,-0.00207,0.00000,0.67970,-89.976,0.039,1
48.8540,-0.00330,0.67320,-0.00208,0.00000,0.67220,-89.983,0.039,1
48.9040,-0.00255,0.66525,-0.00208,0.00000,0.66470,-89.989,0.039,1
48.9540,-0.00187,0.65736,-0.00208,0.00000,0.65720,-89.994,0.039,1
49.0040,-0.00126,0.64952,-0.00208,0.00000,0.64970,-89.997,0.039,1
49.0540,-0.00071,0.64173,-0.00208,0.00000,0.64220,-90.000,0.039,1
49.1040,-0.00022,0.63398,-0.00208,0.00000,0.63470,-90.003,0.039,1
49.1540,0.00021,0.62627,-0.00208,0.00000,0.62720,-90.005,0.039,1
49.2040,0.00058,0.61860,-0.00208,0.00000,0.61970,-90.006,0.040,1
49.2540,0.00091,0.61096,-0.00208,0.00000,0.61220,-90.007,0.040,1
49.3040,0.00119,0.60336,-0.00208,0.00000,0.60470,-90.008,0.040,1
49.3540,0.00143,0.59578,-0.00209,0.00000,0.59720,-90.009,0.040,1
49.4040,0.00163,0.58822,-0.00209,0.00000,0.58970,-90.009,0.040,1
49.4540,0.00180,0.58069,-0.00209,0.00000,0.58220,-90.009,0.040,1
49.5040,0.00193,0.57317,-0.00209,0.00000,0.57470,-90.009,0.040,1
49.5540,0.00203,0.56566,-0.00209,0.00000,0.56720,-90.009,0.040,1
49.6040,0.00211,0.55818,-0.00209,0.00000,0.55970,-90.008,0.040,1
49.6540,0.00216,0.55070,-0.00209,0.00000,0.55220,-90.008,0.040,1
49.7040,0.00219,0.54323,-0.00209,0.00000,0.54470,-90.008,0.040,1
49.7540,0.00220,0.53577,-0.00209,0.00000,0.53720,-90.007,0.040,1
49.8040,0.00219,0.52831,-0.00209,0.00000,0.52970,-90.007,0.040,1
49.8540,0.00217,0.52086,-0.00209,0.00000,0.52220,-90.006,0.040,1
49.9040,0.00213,0.51342,-0.00209,0.00000,0.51470,-90.006,0.040,1
49.9540,0.00209,0.50597,-0.00209,0.00000,0.50720,-90.005,0.040,1
50.0040,0.00203,0.49853,-0.00209,0.00000,0.49970,-90.004,0.040,1
50.0540,0.00197,0.49109,-0.00209,0.00000,0.49220,-90.004,0.040,1
50.1040,0.00190,0.48365,-0.00209,0.00000,0.48470,-90.003,0.040,1
50.1540,0.00183,0.47620,-0.00209,0.00000,0.47720,-90.003,0.040,1
50.2040,0.00175,0.46876,-0.00209,0.00000,0.46970,-90.002,0.040,1
50.2540,0.00167,0.46132,-0.00209,0.00000,0.46220,-90.002,0.040,1
50.3040,0.00159,0.45387,-0.00209,0.00000,0.45470,-90.001,0.040,1
50.3540,0.00150,0.44642,-0.00209,0.00000,0.44720,-90.001,0.040,1
50.4040,0.00142,0.43897,-0.00209,0.00000,0.43970,-90.000,0.040,1
50.4540,0.00133,0.43151,-0.00209,0.00000,0.43220,-90.000,0.040,1
50.5040,0.00125,0.42406,-0.00209,0.00000,0.42470,-89.999,0.040,1
50.5540,0.00117,0.41660,-0.00209,0.00000,0.41720,-89.999,0.040,1
50.6040,0.00109,0.40914,-0.00209,0.00000,0.40970,-89.999,0.040,1
50.6540,0.00101,0.40167,-0.00209,0.00000,0.40220,-89.998,0.040,1
50.7040,0.00094,0.39420,-0.00209,0.00000,0.39470,-89.998,0.040,1
50.7540,0.00086,0.38673,-0.00209,0.00000,0.38720,-89.998,0.040,1
50.8040,0.00079,0.37926,-0.00209,0.00000,0.37970,-89.997,0.040,1
50.8540,0.00073,0.37178,-0.00209,0.00000,0.37220,-89.997,0.040,1
50.9040,0.00066,0.36431,-0.00209,0.00000,0.36470,-89.997,0.040,1
50.9540,0.00060,0.35683,-0.00209,0.00000,0.35720,-89.997,0.040,1
51.0040,0.00055,0.34934,-0.00209,0.00000,0.34970,-89.996,0.040,1
51.0540,0.00049,0.34186,-0.00209,0.00000,0.34220,-89.996,0.040,1
51.1040,0.00045,0.33437,-0.00209,0.00000,0.33470,-89.996,0.040,1
51.1540,0.00040,0.32689,-0.00209,0.00000,0.32720,-89.996,0.040,1
51.2040,0.00036,0.31940,-0.00209,0.00000,0.31970,-89.996,0.040,1
51.2540,0.00032,0.31190,-0.00209,0.00000,0.31220,-89.996,0.040,1
51.3040,0.00028,0.30441,-0.00209,0.00000,0.30470,-89.996,0.040,1
51.3540,0.00025,0.29692,-0.00209,0.00000,0.29720,-89.996,0.040,1
51.4040,0.00022,0.28942,-0.00209,0.00000,0.28970,-89.996,0.040,1
51.4540,0.00019,0.28193,-0.00209,0.00000,0.28220,-89.995,0.040,1
51.5040,0.00016,0.27443,-0.00209,0.00000,0.27470,-89.995,0.040,1
51.5540,0.00014,0.26693,-0.00209,0.00000,0.26720,-89.995,0.040,1
51.6040,0.00012,0.25944,-0.00209,0.00000,0.25970,-89.995,0.040,1
51.6540,0.00010,0.25194,-0.00209,0.00000,0.25220,-89.995,0.040,1
51.7040,0.00008,0.24444,-0.00209,0.00000,0.24470,-89.995,0.040,1
51.7540,0.00007,0.23694,-0.00209,0.00000,0.23720,-89.995,0.040,1
51.8040,0.00006,0.22944,-0.00209,0.00000,0.22970,-89.995,0.040,1
51.8540,0.00005,0.22194,-0.00209,0.00000,0.22220,-89.995,0.040,1
51.9040,0.00004,0.21444,-0.00209,0.00000,0.21470,-89.995,0.040,1
51.9540,0.00003,0.20693,-0.00209,0.00000,0.20720,-89.995,0.040,1
52.0040,0.00002,0.19943,-0.00209,0.00000,0.19970,-89.995,0.040,1
52.0540,0.00002,0.19193,-0.00209,0.00000,0.19220,-89.995,0.040,1
52.1040,0.00001,0.18443,-0.00209,0.00000,0.18470,-89.995,0.040,1
52.1540,0.00001,0.17693,-0.00209,0.00000,0.17720,-89.995,0.040,1
52.2040,0.00001,0.16943,-0.00209,0.00000,0.16970,-89.995,0.040,1
52.2540,0.00001,0.16193,-0.00209,0.00000,0.16220,-89.995,0.040,1
52.3040,0.00001,0.15442,-0.00209,0.00000,0.15470,-89.995,0.040,1
52.3540,0.00001,0.14692,-0.00209,0.00000,0.14720,-89.995,0.040,1
52.4040,0.00001,0.13942,-0.00209,0.00000,0.13970,-89.995,0.040,1
52.4540,0.00001,0.13192,-0.00209,0.00000,0.13220,-89.995,0.040,1
52.5040,0.00001,0.12442,-0.00209,0.00000,0.12470,-89.995,0.040,1
52.5540,0.00001,0.11691,-0.00209,0.00000,0.11720,-89.996,0.040,1
52.6040,0.00002,0.10941,-0.00209,0.00000,0.10970,-89.996,0.040,1
52.6540,0.00002,0.10191,-0.00209,0.00000,0.10220,-89.996,0.040,1
52.7040,0.00002,0.09441,-0.00209,0.00000,0.09470,-89.996,0.040,1
52.7540,0.00002,0.08691,-0.00209,0.00000,0.08720,-89.996,0.040,1
52.8040,0.00003,0.07941,-0.00209,0.00000,0.07970,-89.996,0.040,1
52.8540,0.00003,0.07191,-0.00209,0.00000,0.07220,-89.996,0.040,1
52.9040,0.00003,0.06441,-0.00209,0.00000,0.06470,-89.996,0.040,1
52.9540,0.00004,0.05691,-0.00209,0.00000,0.05720,-89.996,0.040,1
53.0040,0.00004,0.04940,-0.00209,0.00000,0.04970,-89.996,0.040,1
53.0540,0.00004,0.04190,-0.00209,0.00000,0.04220,-89.996,0.040,1
53.1040,0.00004,0.03440,-0.00209,0.00000,0.03470,-89.996,0.040,1
53.1540,0.00005,0.02690,-0.00209,0.00000,0.02720,-89.996,0.040,1
53.2040,0.00005,0.01940,-0.00209,0.00000,0.01970,-89.996,0.040,1
53.2540,0.00005,0.01190,-0.00209,0.00000,0.01220,-89.996,0.040,1
53.3040,0.00006,0.00440,-0.00209,0.00000,0.00470,-89.996,0.040,1
53.3540,0.00006,-0.00310,-0.00209,0.00280,0.00000,-89.994,0.040,2
53.4040,0.00054,-0.00992,-0.00209,0.01030,0.00000,-88.910,0.054,2
53.4540,0.00175,-0.01565,-0.00209,0.01780,0.00000,-86.157,0.061,2
53.5040,0.00365,-0.02037,-0.00209,0.02530,0.00000,-82.748,0.053,2
53.5540,0.00624,-0.02417,-0.00208,0.03280,0.00000,-79.280,0.048,2
53.6040,0.00948,-0.02715,-0.00208,0.04030,0.00000,-75.819,0.046,2
53.6540,0.01330,-0.02942,-0.00208,0.04780,0.00000,-72.415,0.046,2
53.7040,0.01766,-0.03108,-0.00208,0.05530,0.00000,-69.070,0.047,2
53.7540,0.02250,-0.03226,-0.00207,0.06280,0.00000,-65.781,0.048,2
53.8040,0.02779,-0.03303,-0.00207,0.07030,0.00000,-62.540,0.049,2
53.8540,0.03349,-0.03347,-0.00207,0.07780,0.00000,-59.338,0.051,2
53.9040,0.03957,-0.03366,-0.00207,0.08530,0.00000,-56.170,0.053,2
53.9540,0.04601,-0.03365,-0.00206,0.09280,0.00000,-53.031,0.054,2
54.0040,0.05279,-0.03349,-0.00206,0.10030,0.00000,-49.916,0.056,2
54.0540,0.05990,-0.03321,-0.00206,0.10780,0.00000,-46.821,0.058,2
54.1040,0.06731,-0.03283,-0.00206,0.11530,0.00000,-43.744,0.059,2
54.1540,0.07501,-0.03239,-0.00206,0.12280,0.00000,-40.681,0.060,2
54.2040,0.08298,-0.03188,-0.00206,0.13030,0.00000,-37.631,0.061,2
54.2540,0.09120,-0.03132,-0.00206,0.13780,0.00000,-34.590,0.061,2
54.3040,0.09965,-0.03070,-0.00206,0.14530,0.00000,-31.559,0.062,2
54.3540,0.10831,-0.03003,-0.00206,0.15280,0.00000,-28.534,0.062,2
54.4040,0.11715,-0.02928,-0.00206,0.16030,0.00000,-25.515,0.061,2
54.4540,0.12615,-0.02847,-0.00206,0.16780,0.00000,-22.500,0.060,2
54.5040,0.13528,-0.02758,-0.00206,0.17530,0.00000,-19.487,0.059,2
54.5540,0.14453,-0.02659,-0.00206,0.18280,0.00000,-16.476,0.057,2
54.6040,0.15387,-0.02551,-0.00206,0.19030,0.00000,-13.464,0.054,2
54.6540,0.16329,-0.02433,-0.00206,0.19780,0.00000,-10.451,0.051,2
54.7040,0.17275,-0.02304,-0.00206,0.20530,0.00000,-7.436,0.047,2
54.7540,0.18223,-0.02163,-0.00206,0.21280,0.00000,-4.439,0.043,2
54.8040,0.19172,-0.02011,-0.00206,0.22030,0.00000,-1.681,0.038,2
54.8540,0.20113,-0.01849,-0.00206,0.22780,0.00000,-0.303,0.036,2
54.9040,0.21038,-0.01683,-0.00206,0.23530,0.00000,-0.086,0.033,2
54.9540,0.21957,-0.01519,-0.00206,0.24280,0.00000,-0.046,0.028,2
55.0040,0.22874,-0.01362,-0.00206,0.25030,0.00000,-0.011,0.021,2
55.0540,0.23790,-0.01213,-0.00206,0.25780,0.00000,0.005,0.014,2
55.1040,0.24702,-0.01072,-0.00206,0.26530,0.00000,0.013,0.008,2
55.1540,0.25609,-0.00940,-0.00206,0.27280,0.00000,0.019,0.003,2
55.2040,0.26511,-0.00816,-0.00206,0.28030,0.00000,0.023,-0.002,2
55.2540,0.27406,-0.00701,-0.00206,0.28780,0.00000,0.026,-0.006,2
55.3040,0.28295,-0.00594,-0.00206,0.29530,0.00000,0.027,-0.009,2
55.3540,0.29177,-0.00495,-0.00206,0.30280,0.00000,0.028,-0.012,2
55.4040,0.30051,-0.00404,-0.00206,0.31030,0.00000,0.028,-0.015,2
55.4540,0.30917,-0.00320,-0.00206,0.31780,0.00000,0.028,-0.017,2
55.5040,0.31776,-0.00243,-0.00206,0.32530,0.00000,0.028,-0.019,2
55.5540,0.32627,-0.00173,-0.00206,0.33280,0.00000,0.027,-0.020,2
55.6040,0.33470,-0.00110,-0.00206,0.34030,0.00000,0.027,-0.022,2
55.6540,0.34306,-0.00053,-0.00206,0.34780,0.00000,0.026,-0.023,2
55.7040,0.35134,-0.00002,-0.00206,0.35530,0.00000,0.026,-0.024,2
55.7540,0.35956,0.00043,-0.00206,0.36280,0.00000,0.025,-0.024,2
55.8040,0.36770,0.00083,-0.00206,0.37030,0.00000,0.025,-0.025,2
55.8540,0.37579,0.00119,-0.00206,0.37780,0.00000,0.024,-0.026,2
55.9040,0.38381,0.00149,-0.00207,0.38530,0.00000,0.024,-0.026,2
55.9540,0.39177,0.00176,-0.00207,0.39280,0.00000,0.024,-0.026,2
56.0040,0.39968,0.00198,-0.00207,0.40030,0.00000,0.024,-0.026,2
56.0540,0.40754,0.00217,-0.00207,0.40780,0.00000,0.024,-0.027,2
56.1040,0.41536,0.00233,-0.00207,0.41530,0.00000,0.024,-0.027,2
56.1540,0.42313,0.00246,-0.00207,0.42280,0.00000,0.024,-0.027,2
56.2040,0.43086,0.00255,-0.00207,0.43030,0.00000,0.024,-0.027,2
56.2540,0.43855,0.00263,-0.00207,0.43780,0.00000,0.024,-0.027,2
56.3040,0.44621,0.00268,-0.00207,0.44530,0.00000,0.024,-0.027,2
56.3540,0.45385,0.00271,-0.00207,0.45280,0.00000,0.025,-0.027,2
56.4040,0.46145,0.00272,-0.00207,0.46030,0.00000,0.025,-0.027,2
56.4540,0.46903,0.00272,-0.00207,0.46780,0.00000,0.025,-0.027,2
56.5040,0.47659,0.00270,-0.00207,0.47530,0.00000,0.026,-0.027,2
56.5540,0.48413,0.00267,-0.00208,0.48280,0.00000,0.026,-0.027,2
56.6040,0.49166,0.00263,-0.00208,0.49030,0.00000,0.027,-0.027,2
56.6540,0.49917,0.00258,-0.00208,0.49780,0.00000,0.027,-0.026,2
56.7040,0.50666,0.00252,-0.00208,0.50530,0.00000,0.028,-0.026,2
56.7540,0.51415,0.00246,-0.00208,0.51280,0.00000,0.028,-0.026,2
56.8040,0.52163,0.00239,-0.00208,0.52030,0.00000,0.028,-0.026,2
56.8540,0.52910,0.00232,-0.00208,0.52780,0.00000,0.029,-0.026,2
56.9040,0.53657,0.00224,-0.00208,0.53530,0.00000,0.029,-0.026,2
56.9540,0.54403,0.00216,-0.00208,0.54280,0.00000,0.030,-0.026,2
57.0040,0.55148,0.00208,-0.00208,0.55030,0.00000,0.030,-0.026,2
57.0540,0.55894,0.00201,-0.00208,0.55780,0.00000,0.030,-0.026,2
57.1040,0.56639,0.00193,-0.00208,0.56530,0.00000,0.031,-0.026,2
57.1540,0.57384,0.00185,-0.00208,0.57280,0.00000,0.031,-0.026,2
57.2040,0.58129,0.00177,-0.00208,0.58030,0.00000,0.031,-0.026,2
57.2540,0.58874,0.00169,-0.00208,0.58780,0.00000,0.032,-0.026,2
57.3040,0.59619,0.00162,-0.00208,0.59530,0.00000,0.032,-0.026,2
57.3540,0.60364,0.00155,-0.00209,0.60280,0.00000,0.032,-0.026,2
57.4040,0.61110,0.00148,-0.00209,0.61030,0.00000,0.033,-0.026,2
57.4540,0.61855,0.00141,-0.00209,0.61780,0.00000,0.033,-0.026,2
57.5040,0.62601,0.00135,-0.00209,0.62530,0.00000,0.033,-0.026,2
57.5540,0.63347,0.00129,-0.00209,0.63280,0.00000,0.033,-0.026,2
57.6040,0.64093,0.00123,-0.00209,0.64030,0.00000,0.033,-0.026,2
57.6540,0.64840,0.00118,-0.00209,0.64780,0.00000,0.034,-0.026,2
57.7040,0.65586,0.00113,-0.00209,0.65530,0.00000,0.034,-0.026,2
57.7540,0.66333,0.00108,-0.00209,0.66280,0.00000,0.034,-0.026,2
57.8040,0.67080,0.00104,-0.00209,0.67030,0.00000,0.034,-0.026,2
57.8540,0.67828,0.00099,-0.00209,0.67780,0.00000,0.034,-0.026,2
57.9040,0.68575,0.00096,-0.00209,0.68530,0.00000,0.034,-0.026,2
57.9540,0.69323,0.00092,-0.00209,0.69280,0.00000,0.034,-0.026,2
58.0040,0.70071,0.00089,-0.00209,0.70030,0.00000,0.034,-0.026,2
58.0540,0.70819,0.00086,-0.00209,0.70780,0.00000,0.034,-0.026,2
58.1040,0.71567,0.00083,-0.00209,0.71530,0.00000,0.034,-0.026,2
58.1540,0.72316,0.00081,-0.00209,0.72280,0.00000,0.035,-0.026,2
58.2040,0.73064,0.00079,-0.00209,0.73030,0.00000,0.035,-0.026,2
58.2540,0.73813,0.00077,-0.00209,0.73780,0.00000,0.035,-0.026,2
58.3040,0.74562,0.00075,-0.00209,0.74530,0.00000,0.035,-0.026,2
58.3540,0.75311,0.00073,-0.00209,0.75280,0.00000,0.035,-0.026,2
58.4040,0.76061,0.00072,-0.00209,0.76030,0.00000,0.035,-0.026,2
58.4540,0.76810,0.00071,-0.00209,0.76780,0.00000,0.035,-0.026,2
58.5040,0.77559,0.00070,-0.00209,0.77530,0.00000,0.035,-0.026,2
58.5540,0.78309,0.00069,-0.00209,0.78280,0.00000,0.035,-0.026,2
58.6040,0.79059,0.00068,-0.00209,0.79030,0.00000,0.035,-0.026,2
58.6540,0.79808,0.00068,-0.00209,0.79780,0.00000,0.035,-0.026,2
58.7040,0.80558,0.00067,-0.00209,0.80530,0.00000,0.035,-0.026,2
58.7540,0.81308,0.00067,-0.00209,0.81280,0.00000,0.035,-0.026,2
58.8040,0.82058,0.00067,-0.00209,0.82030,0.00000,0.035,-0.026,2
58.8540,0.82808,0.00067,-0.00209,0.82780,0.00000,0.035,-0.026,2
58.9040,0.83558,0.00066,-0.00209,0.83530,0.00000,0.035,-0.026,2
58.9540,0.84308,0.00066,-0.00209,0.84280,0.00000,0.035,-0.026,2
59.0040,0.85058,0.00066,-0.00209,0.85030,0.00000,0.035,-0.026,2
59.0540,0.85808,0.00067,-0.00209,0.85780,0.00000,0.035,-0.026,2
59.1040,0.86558,0.00067,-0.00209,0.86530,0.00000,0.035,-0.026,2
59.1540,0.87308,0.00067,-0.00209,0.87280,0.00000,0.035,-0.026,2
59.2040,0.88058,0.00067,-0.00209,0.88030,0.00000,0.035,-0.026,2
59.2540,0.88808,0.00067,-0.00209,0.88780,0.00000,0.035,-0.026,2
59.3040,0.89559,0.00068,-0.00209,0.89530,0.00000,0.035,-0.026,2
59.3540,0.90309,0.00068,-0.00209,0.90280,0.00000,0.035,-0.026,2
59.4040,0.91059,0.00068,-0.00209,0.91030,0.00000,0.035,-0.026,2
59.4540,0.91809,0.00069,-0.00209,0.91780,0.00000,0.035,-0.026,2
59.5040,0.92559,0.00069,-0.00209,0.92530,0.00000,0.035,-0.026,2
59.5540,0.93309,0.00069,-0.00209,0.93280,0.00000,0.035,-0.026,2
59.6040,0.94060,0.00070,-0.00209,0.94030,0.00000,0.035,-0.026,2
59.6540,0.94810,0.00070,-0.00209,0.94780,0.00000,0.035,-0.026,2
59.7040,0.95560,0.00070,-0.00209,0.95530,0.00000,0.035,-0.026,2
59.7540,0.96310,0.00071,-0.00209,0.96280,0.00000,0.035,-0.026,2
59.8040,0.97060,0.00071,-0.00209,0.97030,0.00000,0.035,-0.026,2
59.8540,0.97810,0.00071,-0.00209,0.97780,0.00000,0.035,-0.026,2
59.9040,0.98560,0.00071,-0.00209,0.98530,0.00000,0.035,-0.026,2
59.9540,0.99310,0.00072,-0.00209,0.99280,0.00000,0.035,-0.026,2
60.0040,1.00060,0.00072,-0.00209,1.00000,0.00030,0.036,-0.026,2
60.0540,1.00745,0.00120,-0.00209,1.00000,0.00780,1.091,-0.012,2
60.1040,1.01329,0.00249,-0.00209,1.00000,0.01530,3.721,-0.003,2
60.1540,1.01815,0.00457,-0.00208,1.00000,0.02280,6.975,-0.007,2
60.2040,1.02210,0.00737,-0.00208,1.00000,0.03030,10.311,-0.011,2
60.2540,1.02520,0.01083,-0.00208,1.00000,0.03780,13.658,-0.010,2
60.3040,1.02757,0.01487,-0.00208,1.00000,0.04530,16.966,-0.009,2
60.3540,1.02932,0.01945,-0.00208,1.00000,0.05280,20.229,-0.008,2
60.4040,1.03054,0.02451,-0.00208,1.00000,0.06030,23.450,-0.008,2
60.4540,1.03134,0.03002,-0.00208,1.00000,0.06780,26.634,-0.007,2
60.5040,1.03180,0.03596,-0.00208,1.00000,0.07530,29.788,-0.007,2
60.5540,1.03197,0.04230,-0.00208,1.00000,0.08280,32.915,-0.008,2
60.6040,1.03191,0.04901,-0.00208,1.00000,0.09030,36.022,-0.009,2
60.6540,1.03168,0.05609,-0.00208,1.00000,0.09780,39.110,-0.011,2
60.7040,1.03129,0.06352,-0.00208,1.00000,0.10530,42.184,-0.014,2
60.7540,1.03079,0.07127,-0.00208,1.00000,0.11280,45.245,-0.017,2
60.8040,1.03017,0.07933,-0.00208,1.00000,0.12030,48.297,-0.021,2
60.8540,1.02946,0.08767,-0.00208,1.00000,0.12780,51.341,-0.025,2
60.9040,1.02865,0.09628,-0.00208,1.00000,0.13530,54.380,-0.030,2
60.9540,1.02775,0.10513,-0.00208,1.00000,0.14280,57.416,-0.036,2
61.0040,1.02677,0.11420,-0.00207,1.00000,0.15030,60.450,-0.042,2
61.0540,1.02569,0.12345,-0.00207,1.00000,0.15780,63.484,-0.049,2
61.1040,1.02451,0.13286,-0.00207,1.00000,0.16530,66.521,-0.055,2
61.1540,1.02324,0.14240,-0.00207,1.00000,0.17280,69.562,-0.062,2
61.2040,1.02187,0.15204,-0.00207,1.00000,0.18030,72.610,-0.069,2
61.2540,1.02041,0.16174,-0.00207,1.00000,0.18780,75.666,-0.075,2
61.3040,1.01885,0.17148,-0.00207,1.00000,0.19530,78.734,-0.081,2
61.3540,1.01721,0.18121,-0.00207,1.00000,0.20280,81.814,-0.087,2
61.4040,1.01549,0.19091,-0.00207,1.00000,0.21030,84.888,-0.093,2
61.4540,1.01371,0.20054,-0.00206,1.00000,0.21780,87.728,-0.097,2
61.5040,1.01192,0.21007,-0.00206,1.00000,0.22530,89.219,-0.102,2
61.5540,1.01022,0.21945,-0.00206,1.00000,0.23280,89.542,-0.106,2
61.6040,1.00862,0.22868,-0.00206,1.00000,0.24030,89.650,-0.109,2
61.6540,1.00715,0.23778,-0.00206,1.00000,0.24780,89.734,-0.112,2
61.7040,1.00581,0.24675,-0.00206,1.00000,0.25530,89.792,-0.115,2
61.7540,1.00458,0.25560,-0.00206,1.00000,0.26280,89.835,-0.117,2
61.8040,1.00346,0.26433,-0.00206,1.00000,0.27030,89.869,-0.119,2
61.8540,1.00245,0.27295,-0.00205,1.00000,0.27780,89.897,-0.121,2
61.9040,1.00155,0.28145,-0.00205,1.00000,0.28530,89.920,-0.122,2
61.9540,1.00075,0.28986,-0.00205,1.00000,0.29280,89.937,-0.122,2
62.0040,1.00003,0.29816,-0.00205,1.00000,0.30030,89.952,-0.123,2
62.0540,0.99941,0.30638,-0.00205,1.00000,0.30780,89.963,-0.123,2
62.1040,0.99886,0.31450,-0.00205,1.00000,0.31530,89.972,-0.124,2
62.1540,0.99839,0.32255,-0.00205,1.00000,0.32280,89.979,-0.124,2
62.2040,0.99799,0.33053,-0.00205,1.00000,0.33030,89.984,-0.124,2
62.2540,0.99765,0.33844,-0.00206,1.00000,0.33780,89.988,-0.123,2
62.3040,0.99737,0.34628,-0.00206,1.00000,0.34530,89.991,-0.123,2
62.3540,0.99714,0.35407,-0.00206,1.00000,0.35280,89.994,-0.123,2
62.4040,0.99697,0.36181,-0.00206,1.00000,0.36030,89.995,-0.123,2
62.4540,0.99684,0.36950,-0.00206,1.00000,0.36780,89.996,-0.122,2
62.5040,0.99674,0.37716,-0.00206,1.00000,0.37530,89.997,-0.122,2
62.5540,0.99669,0.38477,-0.00206,1.00000,0.38280,89.997,-0.122,2
62.6040,0.99666,0.39235,-0.00206,1.00000,0.39030,89.997,-0.121,2
62.6540,0.99667,0.39990,-0.00206,1.00000,0.39780,89.997,-0.121,2
62.7040,0.99670,0.40743,-0.00206,1.00000,0.40530,89.997,-0.121,2
62.7540,0.99675,0.41494,-0.00207,1.00000,0.41280,89.997,-0.120,2
62.8040,0.99682,0.42242,-0.00207,1.00000,0.42030,89.997,-0.120,2
62.8540,0.99690,0.42989,-0.00207,1.00000,0.42780,89.996,-0.120,2
62.9040,0.99700,0.43735,-0.00207,1.00000,0.43530,89.996,-0.119,2
62.9540,0.99711,0.44480,-0.00207,1.00000,0.44280,89.995,-0.119,2
63.0040,0.99723,0.45223,-0.00207,1.00000,0.45030,89.995,-0.119,2
63.0540,0.99735,0.45967,-0.00207,1.00000,0.45780,89.995,-0.118,2
63.1040,0.99748,0.46709,-0.00207,1.00000,0.46530,89.994,-0.118,2
63.1540,0.99762,0.47451,-0.00207,1.00000,0.47280,89.994,-0.118,2
63.2040,0.99775,0.48193,-0.00208,1.00000,0.48030,89.994,-0.118,2
63.2540,0.99789,0.48935,-0.00208,1.00000,0.48780,89.994,-0.118,2
63.3040,0.99803,0.49677,-0.00208,1.00000,0.49530,89.993,-0.117,2
63.3540,0.99816,0.50419,-0.00208,1.00000,0.50280,89.993,-0.117,2
63.4040,0.99830,0.51161,-0.00208,1.00000,0.51030,89.993,-0.117,2
63.4540,0.99843,0.51903,-0.00208,1.00000,0.51780,89.993,-0.117,2
63.5040,0.99855,0.52646,-0.00208,1.00000,0.52530,89.993,-0.117,2
63.5540,0.99868,0.53389,-0.00208,1.00000,0.53280,89.993,-0.117,2
63.6040,0.99879,0.54132,-0.00208,1.00000,0.54030,89.993,-0.117,2
63.6540,0.99891,0.54875,-0.00208,1.00000,0.54780,89.993,-0.117,2
63.7040,0.99902,0.55619,-0.00208,1.00000,0.55530,89.993,-0.117,2
63.7540,0.99912,0.56363,-0.00208,1.00000,0.56280,89.993,-0.117,2
63.8040,0.99922,0.57108,-0.00208,1.00000,0.57030,89.993,-0.117,2
63.8540,0.99931,0.57853,-0.00208,1.00000,0.57780,89.993,-0.117,2
63.9040,0.99940,0.58598,-0.00208,1.00000,0.58530,89.993,-0.117,2
63.9540,0.99948,0.59344,-0.00209,1.00000,0.59280,89.993,-0.117,2
64.0040,0.99955,0.60090,-0.00209,1.00000,0.60030,89.993,-0.117,2
64.0560,0.99963,0.60866,-0.00209,1.00000,0.60810,89.993,-0.117,2
64.1080,0.99970,0.61642,-0.00209,1.00000,0.61590,89.994,-0.117,2
64.1600,0.99976,0.62419,-0.00209,1.00000,0.62370,89.994,-0.117,2
64.2120,0.99982,0.63197,-0.00209,1.00000,0.63150,89.994,-0.117,2
64.2640,0.99987,0.63974,-0.00209,1.00000,0.63930,89.994,-0.117,2
64.3160,0.99992,0.64752,-0.00209,1.00000,0.64710,89.994,-0.117,2
64.3680,0.99996,0.65530,-0.00209,1.00000,0.65490,89.994,-0.117,2
64.4200,1.00000,0.66308,-0.00209,1.00000,0.66270,89.994,-0.117,2
64.4720,1.00003,0.67087,-0.00209,1.00000,0.67050,89.994,-0.117,2
64.5240,1.00006,0.67866,-0.00209,1.00000,0.67830,89.995,-0.117,2
64.5760,1.00009,0.68645,-0.00209,1.00000,0.68610,89.995,-0.117,2
64.6280,1.00011,0.69424,-0.00209,1.00000,0.69390,89.995,-0.117,2
64.6800,1.00013,0.70203,-0.00209,1.00000,0.70170,89.995,-0.117,2
64.7320,1.00015,0.70983,-0.00209,1.00000,0.70950,89.995,-0.117,2
64.7840,1.00016,0.71762,-0.00209,1.00000,0.71730,89.995,-0.117,2
64.8360,1.00018,0.72542,-0.00209,1.00000,0.72510,89.995,-0.117,2
64.8880,1.00019,0.73322,-0.00209,1.00000,0.73290,89.995,-0.117,2
64.9400,1.00019,0.74102,-0.00209,1.00000,0.74070,89.995,-0.117,2
64.9920,1.00020,0.74882,-0.00209,1.00000,0.74850,89.995,-0.117,2
65.0440,1.00020,0.75662,-0.00209,1.00000,0.75630,89.996,-0.117,2
65.0960,1.00021,0.76442,-0.00209,1.00000,0.76410,89.996,-0.117,2
65.1480,1.00021,0.77222,-0.00209,1.00000,0.77190,89.996,-0.117,2
65.2000,1.00021,0.78002,-0.00209,1.00000,0.77970,89.996,-0.117,2
65.2520,1.00021,0.78782,-0.00209,1.00000,0.78750,89.996,-0.117,2
65.3040,1.00021,0.79562,-0.00209,1.00000,0.79530,89.996,-0.117,2
65.3560,1.00020,0.80343,-0.00209,1.00000,0.80310,89.996,-0.117,2
65.4080,1.00020,0.81123,-0.00209,1.00000,0.81090,89.996,-0.117,2
65.4600,1.00020,0.81903,-0.00209,1.00000,0.81870,89.996,-0.117,2
65.5120,1.00019,0.82683,-0.00209,1.00000,0.82650,89.996,-0.117,2
65.5640,1.00019,0.83464,-0.00209,1.00000,0.83430,89.996,-0.117,2
65.6160,1.00018,0.84244,-0.00209,1.00000,0.84210,89.996,-0.117,2
65.6680,1.00018,0.85024,-0.00209,1.00000,0.84990,89.996,-0.117,2
65.7200,1.00017,0.85804,-0.00209,1.00000,0.85770,89.996,-0.117,2
65.7720,1.00017,0.86585,-0.00209,1.00000,0.86550,89.996,-0.117,2
65.8240,1.00016,0.87365,-0.00209,1.00000,0.87330,89.996,-0.117,2
65.8760,1.00016,0.88145,-0.00209,1.00000,0.88110,89.996,-0.117,2
65.9280,1.00015,0.88925,-0.00209,1.00000,0.88890,89.996,-0.117,2
65.9800,1.00015,0.89705,-0.00209,1.00000,0.89670,89.996,-0.117,2
66.0320,1.00014,0.90486,-0.00209,1.00000,0.90450,89.996,-0.117,2
66.0840,1.00014,0.91266,-0.00209,1.00000,0.91230,89.996,-0.117,2
66.1360,1.00013,0.92046,-0.00209,1.00000,0.92010,89.996,-0.117,2
66.1880,1.00013,0.92826,-0.00209,1.00000,0.92790,89.996,-0.117,2
66.2400,1.00013,0.93606,-0.00209,1.00000,0.93570,89.996,-0.117,2
66.2920,1.00012,0.94386,-0.00209,1.00000,0.94350,89.996,-0.117,2
66.3440,1.00012,0.95166,-0.00209,1.00000,0.95130,89.996,-0.117,2
66.3960,1.00011,0.95946,-0.00209,1.00000,0.95910,89.996,-0.117,2
66.4480,1.00011,0.96726,-0.00209,1.00000,0.96690,89.996,-0.117,2
66.5000,1.00011,0.97507,-0.00209,1.00000,0.97470,89.996,-0.117,2
66.5520,1.00010,0.98287,-0.00209,1.00000,0.98250,89.996,-0.117,2
66.6040,1.00010,0.99067,-0.00209,1.00000,0.99030,89.996,-0.117,2
66.6560,1.00010,0.99847,-0.00209,1.00000,0.99810,89.996,-0.117,2
66.7080,1.00008,1.00625,-0.00209,0.99410,1.00000,90.013,-0.117,2
66.7600,0.99947,1.01318,-0.00209,0.98630,1.00000,91.343,-0.102,2
66.8120,0.99782,1.01891,-0.00209,0.97850,1.00000,94.463,-0.097,2
66.8640,0.99511,1.02361,-0.00209,0.97070,1.00000,98.093,-0.107,2
66.9160,0.99148,1.02744,-0.00208,0.96290,1.00000,101.772,-0.115,2
66.9680,0.98701,1.03050,-0.00208,0.95510,1.00000,105.414,-0.120,2
67.0200,0.98181,1.03291,-0.00208,0.94730,1.00000,108.981,-0.124,2
67.0720,0.97595,1.03476,-0.00208,0.93950,1.00000,112.477,-0.126,2
67.1240,0.96949,1.03614,-0.00208,0.93170,1.00000,115.908,-0.127,2
67.1760,0.96250,1.03711,-0.00208,0.92390,1.00000,119.287,-0.127,2
67.2280,0.95503,1.03773,-0.00208,0.91610,1.00000,122.620,-0.127,2
67.2800,0.94711,1.03806,-0.00208,0.90830,1.00000,125.917,-0.126,2
67.3320,0.93878,1.03815,-0.00208,0.90050,1.00000,129.184,-0.124,2
67.3840,0.93010,1.03801,-0.00208,0.89270,1.00000,132.425,-0.123,2
67.4360,0.92109,1.03768,-0.00208,0.88490,1.00000,135.646,-0.121,2
67.4880,0.91179,1.03717,-0.00208,0.87710,1.00000,138.849,-0.119,2
67.5400,0.90224,1.03651,-0.00208,0.86930,1.00000,142.038,-0.117,2
67.5920,0.89248,1.03571,-0.00208,0.86150,1.00000,145.214,-0.115,2
67.6440,0.88254,1.03476,-0.00208,0.85370,1.00000,148.380,-0.113,2
67.6960,0.87247,1.03369,-0.00208,0.84590,1.00000,151.536,-0.111,2
67.7480,0.86229,1.03249,-0.00208,0.83810,1.00000,154.684,-0.108,2
67.8000,0.85204,1.03117,-0.00208,0.83030,1.00000,157.825,-0.105,2
67.8520,0.84176,1.02973,-0.00208,0.82250,1.00000,160.958,-0.102,2
67.9040,0.83149,1.02818,-0.00208,0.81470,1.00000,164.084,-0.098,2
67.9560,0.82125,1.02654,-0.00208,0.80690,1.00000,167.203,-0.094,2
68.0080,0.81109,1.02480,-0.00208,0.79910,1.00000,170.315,-0.090,2
68.0600,0.80102,1.02297,-0.00208,0.79130,1.00000,173.415,-0.085,2
68.1120,0.79107,1.02107,-0.00208,0.78350,1.00000,176.466,-0.080,2
68.1640,0.78127,1.01912,-0.00208,0.77570,1.00000,179.105,-0.075,2
68.2160,0.77159,1.01714,-0.00208,0.76790,1.00000,-179.911,-0.071,2
68.2680,0.76215,1.01489,-0.00208,0.76010,1.00000,-179.798,-0.064,2
68.3200,0.75373,1.01031,-0.00206,0.75230,1.00000,-179.461,-0.047,2
68.3720,0.74552,1.00709,-0.00202,0.74450,1.00000,-179.344,-0.047,2
68.4240,0.73734,1.00428,-0.00197,0.73670,1.00000,-179.433,-0.046,2
68.4760,0.72922,1.00180,-0.00192,0.72890,1.00000,-179.546,-0.040,2
68.5280,0.72114,0.99962,-0.00187,0.72110,1.00000,-179.642,-0.033,2
68.5800,0.71310,0.99773,-0.00183,0.71330,1.00000,-179.722,-0.028,2
68.6320,0.70511,0.99609,-0.00180,0.70550,1.00000,-179.788,-0.023,2
68.6840,0.69714,0.99469,-0.00177,0.69770,1.00000,-179.841,-0.020,2
68.7360,0.68921,0.99351,-0.00174,0.68990,1.00000,-179.885,-0.016,2
68.7880,0.68130,0.99254,-0.00172,0.68210,1.00000,-179.920,-0.013,2
68.8400,0.67341,0.99176,-0.00171,0.67430,1.00000,-179.948,-0.011,2
68.8920,0.66555,0.99114,-0.00170,0.66650,1.00000,-179.971,-0.009,2
68.9440,0.65770,0.99067,-0.00169,0.65870,1.00000,-179.990,-0.007,2
68.9960,0.64987,0.99035,-0.00168,0.65090,1.00000,179.995,-0.006,2
69.0480,0.64217,0.99153,-0.00168,0.64310,1.00000,179.651,-0.002,2
69.1000,0.63457,0.99333,-0.00164,0.63530,1.00000,179.280,-0.003,2
69.1520,0.62697,0.99439,-0.00158,0.62750,1.00000,179.409,-0.006,2
69.2040,0.61937,0.99545,-0.00154,0.61970,1.00000,179.518,-0.006,2
69.2560,0.61173,0.99640,-0.00151,0.61190,1.00000,179.593,-0.005,2
69.3080,0.60407,0.99727,-0.00148,0.60410,1.00000,179.660,-0.004,2
69.3600,0.59638,0.99805,-0.00146,0.59630,1.00000,179.716,-0.003,2
69.4120,0.58866,0.99876,-0.00144,0.58850,1.00000,179.762,-0.002,2
69.4640,0.58093,0.99939,-0.00143,0.58070,1.00000,179.800,-0.001,2
69.5160,0.57318,0.99995,-0.00143,0.57290,1.00000,179.831,-0.001,2
69.5680,0.56541,1.00045,-0.00143,0.56510,1.00000,179.856,-0.000,2
69.6200,0.55764,1.00089,-0.00143,0.55730,1.00000,179.877,0.001,2
69.6720,0.54985,1.00127,-0.00144,0.54950,1.00000,179.894,0.001,2
69.7240,0.54205,1.00160,-0.00145,0.54170,1.00000,179.908,0.001,2
69.7760,0.53424,1.00188,-0.00146,0.53390,1.00000,179.920,0.002,2
69.8280,0.52643,1.00211,-0.00148,0.52610,1.00000,179.929,0.002,2
69.8800,0.51861,1.00231,-0.00149,0.51830,1.00000,179.937,0.002,2
69.9320,0.51079,1.00247,-0.00151,0.51050,1.00000,179.944,0.002,2
69.9840,0.50296,1.00259,-0.00153,0.50270,1.00000,179.949,0.002,2
70.0360,0.49513,1.00269,-0.00155,0.49490,1.00000,179.953,0.003,2
70.0880,0.48730,1.00275,-0.00157,0.48710,1.00000,179.957,0.003,2
70.1400,0.47947,1.00280,-0.00159,0.47930,1.00000,179.959,0.003,2
70.1920,0.47164,1.00282,-0.00162,0.47150,1.00000,179.962,0.003,2
70.2440,0.46380,1.00282,-0.00164,0.46370,1.00000,179.963,0.003,2
70.2960,0.45597,1.00281,-0.00166,0.45590,1.00000,179.965,0.003,2
70.3480,0.44814,1.00278,-0.00168,0.44810,1.00000,179.966,0.003,2
70.4000,0.44031,1.00274,-0.00171,0.44030,1.00000,179.967,0.003,2
70.4520,0.43248,1.00268,-0.00173,0.43250,1.00000,179.967,0.003,2
70.5040,0.42465,1.00262,-0.00175,0.42470,1.00000,179.968,0.003,2
70.5560,0.41683,1.00255,-0.00177,0.41690,1.00000,179.968,0.003,2
70.6080,0.40900,1.00248,-0.00179,0.40910,1.00000,179.968,0.003,2
70.6600,0.40118,1.00240,-0.00181,0.40130,1.00000,179.968,0.003,2
70.7120,0.39335,1.00232,-0.00183,0.39350,1.00000,179.968,0.003,2
70.7640,0.38553,1.00223,-0.00185,0.38570,1.00000,179.968,0.003,2
70.8160,0.37771,1.00214,-0.00187,0.37790,1.00000,179.968,0.002,2
70.8680,0.36990,1.00206,-0.00188,0.37010,1.00000,179.968,0.002,2
70.9200,0.36208,1.00197,-0.00190,0.36230,1.00000,179.968,0.002,2
70.9720,0.35427,1.00188,-0.00192,0.35450,1.00000,179.968,0.002,2
71.0240,0.34645,1.00180,-0.00193,0.34670,1.00000,179.968,0.002,2
71.0760,0.33864,1.00172,-0.00195,0.33890,1.00000,179.968,0.002,2
71.1280,0.33083,1.00164,-0.00196,0.33110,1.00000,179.967,0.002,2
71.1800,0.32302,1.00156,-0.00197,0.32330,1.00000,179.967,0.002,2
71.2320,0.31521,1.00149,-0.00198,0.31550,1.00000,179.967,0.002,2
71.2840,0.30741,1.00141,-0.00200,0.30770,1.00000,179.967,0.002,2
71.3360,0.29960,1.00135,-0.00201,0.29990,1.00000,179.967,0.002,2
71.3880,0.29180,1.00128,-0.00202,0.29210,1.00000,179.966,0.002,2
71.4400,0.28399,1.00122,-0.00203,0.28430,1.00000,179.966,0.002,2
71.4920,0.27619,1.00117,-0.00203,0.27650,1.00000,179.966,0.002,2
71.5440,0.26839,1.00111,-0.00204,0.26870,1.00000,179.966,0.002,2
71.5960,0.26058,1.00106,-0.00205,0.26090,1.00000,179.966,0.002,2
71.6480,0.25278,1.00102,-0.00206,0.25310,1.00000,179.966,0.002,2
71.7000,0.24498,1.00097,-0.00206,0.24530,1.00000,179.966,0.002,2
71.7520,0.23718,1.00094,-0.00207,0.23750,1.00000,179.966,0.002,2
71.8040,0.22938,1.00090,-0.00207,0.22970,1.00000,179.965,0.002,2
71.8560,0.22158,1.00087,-0.00208,0.22190,1.00000,179.965,0.002,2
71.9080,0.21378,1.00084,-0.00208,0.21410,1.00000,179.965,0.002,2
71.9600,0.20598,1.00081,-0.00209,0.20630,1.00000,179.965,0.002,2
72.0120,0.19818,1.00079,-0.00209,0.19850,1.00000,179.965,0.002,2
72.0640,0.19038,1.00077,-0.00209,0.19070,1.00000,179.965,0.002,2
72.1160,0.18258,1.00075,-0.00210,0.18290,1.00000,179.965,0.002,2
72.1680,0.17478,1.00073,-0.00210,0.17510,1.00000,179.965,0.002,2
72.2200,0.16698,1.00072,-0.00210,0.16730,1.00000,179.965,0.002,2
72.2720,0.15918,1.00070,-0.00210,0.15950,1.00000,179.965,0.002,2
72.3240,0.15138,1.00069,-0.00210,0.15170,1.00000,179.965,0.002,2
72.3760,0.14358,1.00068,-0.00211,0.14390,1.00000,179.965,0.002,2
72.4280,0.13578,1.00068,-0.00211,0.13610,1.00000,179.965,0.002,2
72.4800,0.12799,1.00067,-0.00211,0.12830,1.00000,179.965,0.002,2
72.5320,0.12019,1.00067,-0.00211,0.12050,1.00000,179.965,0.002,2
72.5840,0.11239,1.00066,-0.00211,0.11270,1.00000,179.965,0.002,2
72.6360,0.10459,1.00066,-0.00211,0.10490,1.00000,179.965,0.002,2
72.6880,0.09679,1.00066,-0.00211,0.09710,1.00000,179.965,0.002,2
72.7400,0.08899,1.00066,-0.00211,0.08930,1.00000,179.965,0.002,2
72.7920,0.08119,1.00066,-0.00211,0.08150,1.00000,179.965,0.002,2
72.8440,0.07339,1.00066,-0.00211,0.07370,1.00000,179.965,0.002,2
72.8960,0.06559,1.00066,-0.00211,0.06590,1.00000,179.965,0.002,2
72.9480,0.05779,1.00066,-0.00211,0.05810,1.00000,179.965,0.002,2
73.0000,0.04999,1.00067,-0.00211,0.05030,1.00000,179.965,0.002,2
73.0520,0.04219,1.00067,-0.00211,0.04250,1.00000,179.965,0.002,2
73.1040,0.03439,1.00067,-0.00211,0.03470,1.00000,179.965,0.002,2
73.1560,0.02660,1.00068,-0.00211,0.02690,1.00000,179.965,0.002,2
73.2080,0.01880,1.00068,-0.00211,0.01910,1.00000,179.965,0.002,2
73.2600,0.01100,1.00068,-0.00211,0.01130,1.00000,179.965,0.002,2
73.3120,0.00320,1.00069,-0.00210,0.00350,1.00000,179.965,0.002,2
73.3640,-0.00455,1.00065,-0.00210,0.00000,0.99570,-179.971,0.002,2
73.4160,-0.01127,0.99994,-0.00210,0.00000,0.98790,-178.402,0.019,2
73.4680,-0.01651,0.99793,-0.00210,0.00000,0.98010,-175.203,0.031,2
73.5200,-0.02072,0.99501,-0.00209,0.00000,0.97230,-171.701,0.012,2
73.5720,-0.02414,0.99132,-0.00209,0.00000,0.96450,-168.124,-0.004,2
73.6240,-0.02688,0.98692,-0.00208,0.00000,0.95670,-164.580,-0.012,2
73.6760,-0.02903,0.98188,-0.00208,0.00000,0.94890,-161.096,-0.019,2
73.7280,-0.03070,0.97627,-0.00208,0.00000,0.94110,-157.667,-0.024,2
73.7800,-0.03197,0.97013,-0.00207,0.00000,0.93330,-154.289,-0.028,2
73.8320,-0.03288,0.96352,-0.00207,0.00000,0.92550,-150.952,-0.030,2
73.8840,-0.03352,0.95647,-0.00207,0.00000,0.91770,-147.651,-0.031,2
73.9360,-0.03391,0.94903,-0.00207,0.00000,0.90990,-144.379,-0.030,2
73.9880,-0.03411,0.94123,-0.00206,0.00000,0.90210,-141.131,-0.029,2
74.0400,-0.03414,0.93310,-0.00206,0.00000,0.89430,-137.904,-0.028,2
74.0920,-0.03403,0.92468,-0.00206,0.00000,0.88650,-134.694,-0.025,2
74.1440,-0.03380,0.91599,-0.00206,0.00000,0.87870,-131.499,-0.023,2
74.1960,-0.03345,0.90707,-0.00206,0.00000,0.87090,-128.316,-0.020,2
74.2480,-0.03300,0.89794,-0.00206,0.00000,0.86310,-125.143,-0.016,2
74.3000,-0.03246,0.88864,-0.00206,0.00000,0.85530,-121.979,-0.013,2
74.3520,-0.03182,0.87919,-0.00206,0.00000,0.84750,-118.822,-0.009,2
74.4040,-0.03109,0.86963,-0.00206,0.00000,0.83970,-115.670,-0.005,2
74.4560,-0.03026,0.85997,-0.00206,0.00000,0.83190,-112.522,-0.001,2
74.5080,-0.02934,0.85026,-0.00206,0.00000,0.82410,-109.376,0.003,2
74.5600,-0.02831,0.84051,-0.00206,0.00000,0.81630,-106.231,0.006,2
74.6120,-0.02718,0.83075,-0.00206,0.00000,0.80850,-103.086,0.010,2
74.6640,-0.02595,0.82101,-0.00206,0.00000,0.80070,-99.940,0.014,2
74.7160,-0.02461,0.81130,-0.00206,0.00000,0.79290,-96.796,0.017,2
74.7680,-0.02317,0.80164,-0.00206,0.00000,0.78510,-93.702,0.020,2
74.8200,-0.02161,0.79205,-0.00206,0.00000,0.77730,-91.094,0.022,2
74.8720,-0.01993,0.78257,-0.00206,0.00000,0.76950,-90.228,0.026,2
74.9240,-0.01812,0.77325,-0.00206,0.00000,0.76170,-90.108,0.030,2
74.9760,-0.01634,0.76405,-0.00206,0.00000,0.75390,-90.064,0.032,2
75.0280,-0.01464,0.75495,-0.00206,0.00000,0.74610,-90.040,0.034,2
75.0800,-0.01303,0.74594,-0.00206,0.00000,0.73830,-90.032,0.035,2
75.1320,-0.01152,0.73703,-0.00207,0.00000,0.73050,-90.027,0.036,2
75.1840,-0.01010,0.72820,-0.00207,0.00000,0.72270,-90.023,0.036,2
75.2360,-0.00878,0.71947,-0.00207,0.00000,0.71490,-90.021,0.037,2
75.2880,-0.00756,0.71083,-0.00207,0.00000,0.70710,-90.019,0.037,2
75.3400,-0.00643,0.70227,-0.00207,0.00000,0.69930,-90.018,0.038,2
75.3920,-0.00539,0.69379,-0.00207,0.00000,0.69150,-90.017,0.038,2
75.4440,-0.00443,0.68538,-0.00207,0.00000,0.68370,-90.016,0.038,2
75.4960,-0.00356,0.67704,-0.00208,0.00000,0.67590,-90.016,0.039,2
75.5480,-0.00277,0.66877,-0.00208,0.00000,0.66810,-90.016,0.039,2
75.6000,-0.00206,0.66056,-0.00208,0.00000,0.66030,-90.016,0.039,2
75.6520,-0.00142,0.65240,-0.00208,0.00000,0.65250,-90.015,0.039,2
75.7040,-0.00084,0.64430,-0.00208,0.00000,0.64470,-90.015,0.039,2
75.7560,-0.00034,0.63624,-0.00208,0.00000,0.63690,-90.015,0.039,2
75.8080,0.00011,0.62823,-0.00208,0.00000,0.62910,-90.015,0.040,2
75.8600,0.00050,0.62026,-0.00208,0.00000,0.62130,-90.014,0.040,2
75.9120,0.00084,0.61232,-0.00208,0.00000,0.61350,-90.014,0.040,2
75.9640,0.00113,0.60441,-0.00208,0.00000,0.60570,-90.013,0.040,2
76.0160,0.00137,0.59653,-0.00208,0.00000,0.59790,-90.013,0.040,2
76.0680,0.00158,0.58867,-0.00209,0.00000,0.59010,-90.012,0.040,2
76.1200,0.00175,0.58084,-0.00209,0.00000,0.58230,-90.012,0.040,2
76.1720,0.00188,0.57302,-0.00209,0.00000,0.57450,-90.011,0.040,2
76.2240,0.00198,0.56522,-0.00209,0.00000,0.56670,-90.010,0.040,2
76.2760,0.00205,0.55743,-0.00209,0.00000,0.55890,-90.010,0.040,2
76.3280,0.00210,0.54966,-0.00209,0.00000,0.55110,-90.009,0.040,2
76.3800,0.00213,0.54189,-0.00209,0.00000,0.54330,-90.008,0.040,2
76.4320,0.00213,0.53413,-0.00209,0.00000,0.53550,-90.008,0.040,2
76.4840,0.00212,0.52638,-0.00209,0.00000,0.52770,-90.007,0.040,2
76.5360,0.00210,0.51863,-0.00209,0.00000,0.51990,-90.006,0.040,2
76.5880,0.00206,0.51088,-0.00209,0.00000,0.51210,-90.006,0.040,2
76.6400,0.00201,0.50314,-0.00209,0.00000,0.50430,-90.005,0.040,2
76.6920,0.00195,0.49540,-0.00209,0.00000,0.49650,-90.004,0.040,2
76.7440,0.00188,0.48766,-0.00209,0.00000,0.48870,-90.004,0.040,2
76.7960,0.00181,0.47991,-0.00209,0.00000,0.48090,-90.003,0.040,2
76.8480,0.00173,0.47217,-0.00209,0.00000,0.47310,-90.002,0.040,2
76.9000,0.00165,0.46442,-0.00209,0.00000,0.46530,-90.002,0.040,2
76.9520,0.00157,0.45668,-0.00209,0.00000,0.45750,-90.001,0.040,2
77.0040,0.00148,0.44893,-0.00209,0.00000,0.44970,-90.001,0.040,2
77.0560,0.00140,0.44118,-0.00209,0.00000,0.44190,-90.000,0.040,2
77.1080,0.00131,0.43342,-0.00209,0.00000,0.43410,-90.000,0.040,2
77.1600,0.00123,0.42567,-0.00209,0.00000,0.42630,-89.999,0.040,2
77.2120,0.00115,0.41791,-0.00209,0.00000,0.41850,-89.999,0.040,2
77.2640,0.00107,0.41015,-0.00209,0.00000,0.41070,-89.999,0.040,2
77.3160,0.00099,0.40238,-0.00209,0.00000,0.40290,-89.998,0.040,2
77.3680,0.00091,0.39461,-0.00209,0.00000,0.39510,-89.998,0.040,2
77.4200,0.00084,0.38684,-0.00209,0.00000,0.38730,-89.998,0.040,2
77.4720,0.00077,0.37907,-0.00209,0.00000,0.37950,-89.997,0.040,2
77.5240,0.00070,0.37129,-0.00209,0.00000,0.37170,-89.997,0.040,2
77.5760,0.00064,0.36351,-0.00209,0.00000,0.36390,-89.997,0.040,2
77.6280,0.00058,0.35573,-0.00209,0.00000,0.35610,-89.997,0.040,2
77.6800,0.00052,0.34795,-0.00209,0.00000,0.34830,-89.996,0.040,2
77.7320,0.00047,0.34017,-0.00209,0.00000,0.34050,-89.996,0.040,2
77.7840,0.00042,0.33238,-0.00209,0.00000,0.33270,-89.996,0.040,2
77.8360,0.00038,0.32459,-0.00209,0.00000,0.32490,-89.996,0.040,2
77.8880,0.00033,0.31680,-0.00209,0.00000,0.31710,-89.996,0.040,2
77.9400,0.00029,0.30901,-0.00209,0.00000,0.30930,-89.996,0.040,2
77.9920,0.00026,0.30122,-0.00209,0.00000,0.30150,-89.996,0.040,2
78.0440,0.00023,0.29342,-0.00209,0.00000,0.29370,-89.996,0.040,2
78.0960,0.00020,0.28563,-0.00209,0.00000,0.28590,-89.995,0.040,2
78.1480,0.00017,0.27783,-0.00209,0.00000,0.27810,-89.995,0.040,2
78.2000,0.00015,0.27003,-0.00209,0.00000,0.27030,-89.995,0.040,2
78.2520,0.00012,0.26223,-0.00209,0.00000,0.26250,-89.995,0.040,2
78.3040,0.00010,0.25444,-0.00209,0.00000,0.25470,-89.995,0.040,2
78.3560,0.00009,0.24664,-0.00209,0.00000,0.24690,-89.995,0.040,2
78.4080,0.00007,0.23884,-0.00209,0.00000,0.23910,-89.995,0.040,2
78.4600,0.00006,0.23104,-0.00209,0.00000,0.23130,-89.995,0.040,2
78.5120,0.00005,0.22324,-0.00209,0.00000,0.22350,-89.995,0.040,2
78.5640,0.00004,0.21543,-0.00209,0.00000,0.21570,-89.995,0.040,2
78.6160,0.00003,0.20763,-0.00209,0.00000,0.20790,-89.995,0.040,2
78.6680,0.00003,0.19983,-0.00209,0.00000,0.20010,-89.995,0.040,2
78.7200,0.00002,0.19203,-0.00209,0.00000,0.19230,-89.995,0.040,2
78.7720,0.00002,0.18423,-0.00209,0.00000,0.18450,-89.995,0.040,2
78.8240,0.00001,0.17643,-0.00209,0.00000,0.17670,-89.995,0.040,2
78.8760,0.00001,0.16863,-0.00209,0.00000,0.16890,-89.995,0.040,2
78.9280,0.00001,0.16082,-0.00209,0.00000,0.16110,-89.995,0.040,2
78.9800,0.00001,0.15302,-0.00209,0.00000,0.15330,-89.995,0.040,2
79.0320,0.00001,0.14522,-0.00209,0.00000,0.14550,-89.995,0.040,2
79.0840,0.00001,0.13742,-0.00209,0.00000,0.13770,-89.995,0.040,2
79.1360,0.00001,0.12962,-0.00209,0.00000,0.12990,-89.995,0.040,2
79.1880,0.00001,0.12182,-0.00209,0.00000,0.12210,-89.996,0.040,2
79.2400,0.00002,0.11401,-0.00209,0.00000,0.11430,-89.996,0.040,2
79.2920,0.00002,0.10621,-0.00209,0.00000,0.10650,-89.996,0.040,2
79.3440,0.00002,0.09841,-0.00209,0.00000,0.09870,-89.996,0.040,2
79.3960,0.00002,0.09061,-0.00209,0.00000,0.09090,-89.996,0.040,2
79.4480,0.00003,0.08281,-0.00209,0.00000,0.08310,-89.996,0.040,2
79.5000,0.00003,0.07501,-0.00209,0.00000,0.07530,-89.996,0.040,2
79.5520,0.00003,0.06721,-0.00209,0.00000,0.06750,-89.996,0.040,2
79.6040,0.00004,0.05941,-0.00209,0.00000,0.05970,-89.996,0.040,2
79.6560,0.00004,0.05160,-0.00209,0.00000,0.05190,-89.996,0.040,2
79.7080,0.00004,0.04380,-0.00209,0.00000,0.04410,-89.996,0.040,2
79.7600,0.00005,0.03600,-0.00209,0.00000,0.03630,-89.996,0.040,2
79.8120,0.00005,0.02820,-0.00209,0.00000,0.02850,-89.996,0.040,2
79.8640,0.00005,0.02040,-0.00209,0.00000,0.02070,-89.996,0.040,2
79.9160,0.00005,0.01260,-0.00209,0.00000,0.01290,-89.996,0.040,2
79.9680,0.00006,0.00480,-0.00209,0.00000,0.00510,-89.996,0.040,2
80.0200,0.00006,-0.00300,-0.00209,0.00270,0.00000,-89.996,0.040,3
80.0720,0.00015,-0.01068,-0.00209,0.01050,0.00000,-89.826,0.043,3
80.1240,0.00098,-0.01734,-0.00209,0.01830,0.00000,-87.959,0.061,3
80.1760,0.00259,-0.02285,-0.00209,0.02610,0.00000,-84.446,0.059,3
80.2280,0.00496,-0.02726,-0.00208,0.03390,0.00000,-80.602,0.050,3
80.2800,0.00808,-0.03069,-0.00208,0.04170,0.00000,-76.734,0.047,3
80.3320,0.01187,-0.03325,-0.00208,0.04950,0.00000,-72.946,0.046,3
80.3840,0.01627,-0.03510,-0.00208,0.05730,0.00000,-69.259,0.047,3
80.4360,0.02123,-0.03634,-0.00207,0.06510,0.00000,-65.665,0.048,3
80.4880,0.02670,-0.03710,-0.00207,0.07290,0.00000,-62.152,0.049,3
80.5400,0.03263,-0.03748,-0.00207,0.08070,0.00000,-58.707,0.051,3
80.5920,0.03900,-0.03757,-0.00207,0.08850,0.00000,-55.319,0.053,3
80.6440,0.04577,-0.03742,-0.00206,0.09630,0.00000,-51.978,0.055,3
80.6960,0.05294,-0.03710,-0.00206,0.10410,0.00000,-48.676,0.057,3
80.7480,0.06047,-0.03665,-0.00206,0.11190,0.00000,-45.405,0.058,3
80.8000,0.06834,-0.03609,-0.00206,0.11970,0.00000,-42.161,0.059,3
80.8520,0.07654,-0.03546,-0.00206,0.12750,0.00000,-38.937,0.060,3
80.9040,0.08504,-0.03476,-0.00206,0.13530,0.00000,-35.731,0.061,3
80.9560,0.09382,-0.03400,-0.00206,0.14310,0.00000,-32.538,0.062,3
81.0080,0.10285,-0.03317,-0.00206,0.15090,0.00000,-29.355,0.062,3
81.0600,0.11211,-0.03227,-0.00206,0.15870,0.00000,-26.178,0.061,3
81.1120,0.12155,-0.03130,-0.00206,0.16650,0.00000,-23.005,0.061,3
81.1640,0.13117,-0.03023,-0.00206,0.17430,0.00000,-19.832,0.059,3
81.2160,0.14092,-0.02907,-0.00206,0.18210,0.00000,-16.655,0.057,3
81.2680,0.15079,-0.02781,-0.00206,0.18990,0.00000,-13.472,0.054,3
81.3200,0.16074,-0.02643,-0.00206,0.19770,0.00000,-10.279,0.051,3
81.3720,0.17075,-0.02493,-0.00206,0.20550,0.00000,-7.078,0.047,3
81.4240,0.18079,-0.02330,-0.00206,0.21330,0.00000,-3.929,0.042,3
81.4760,0.19082,-0.02155,-0.00206,0.22110,0.00000,-1.354,0.038,3
81.5280,0.20071,-0.01972,-0.00206,0.22890,0.00000,-0.596,0.036,3
81.5800,0.21046,-0.01785,-0.00206,0.23670,0.00000,-0.429,0.033,3
81.6320,0.22017,-0.01605,-0.00206,0.24450,0.00000,-0.317,0.026,3
81.6840,0.22987,-0.01433,-0.00206,0.25230,0.00000,-0.238,0.018,3
81.7360,0.23952,-0.01270,-0.00206,0.26010,0.00000,-0.183,0.012,3
81.7880,0.24912,-0.01116,-0.00206,0.26790,0.00000,-0.141,0.006,3
81.8400,0.25866,-0.00973,-0.00206,0.27570,0.00000,-0.107,0.001,3
81.8920,0.26813,-0.00838,-0.00206,0.28350,0.00000,-0.080,-0.004,3
81.9440,0.27752,-0.00714,-0.00206,0.29130,0.00000,-0.058,-0.007,3
81.9960,0.28683,-0.00598,-0.00206,0.29910,0.00000,-0.042,-0.011,3
82.0480,0.29604,-0.00491,-0.00206,0.30690,0.00000,-0.029,-0.014,3
82.1000,0.30517,-0.00394,-0.00206,0.31470,0.00000,-0.018,-0.016,3
82.1520,0.31420,-0.00305,-0.00206,0.32250,0.00000,-0.010,-0.018,3
82.2040,0.32315,-0.00223,-0.00206,0.33030,0.00000,-0.004,-0.020,3
82.2560,0.33200,-0.00150,-0.00206,0.33810,0.00000,0.001,-0.021,3
82.3080,0.34076,-0.00084,-0.00206,0.34590,0.00000,0.005,-0.022,3
82.3600,0.34944,-0.00025,-0.00206,0.35370,0.00000,0.008,-0.023,3
82.4120,0.35804,0.00028,-0.00206,0.36150,0.00000,0.011,-0.024,3
82.4640,0.36656,0.00074,-0.00206,0.36930,0.00000,0.013,-0.025,3
82.5160,0.37500,0.00114,-0.00206,0.37710,0.00000,0.014,-0.026,3
82.5680,0.38338,0.00150,-0.00206,0.38490,0.00000,0.016,-0.026,3
82.6200,0.39168,0.00180,-0.00207,0.39270,0.00000,0.017,-0.026,3
82.6720,0.39993,0.00206,-0.00207,0.40050,0.00000,0.018,-0.027,3
82.7240,0.40812,0.00227,-0.00207,0.40830,0.00000,0.019,-0.027,3
82.7760,0.41625,0.00244,-0.00207,0.41610,0.00000,0.020,-0.027,3
82.8280,0.42434,0.00258,-0.00207,0.42390,0.00000,0.020,-0.027,3
82.8800,0.43238,0.00269,-0.00207,0.43170,0.00000,0.021,-0.027,3
82.9320,0.44038,0.00277,-0.00207,0.43950,0.00000,0.022,-0.027,3
82.9840,0.44834,0.00283,-0.00207,0.44730,0.00000,0.022,-0.027,3
83.0360,0.45627,0.00286,-0.00207,0.45510,0.00000,0.023,-0.027,3
83.0880,0.46417,0.00287,-0.00207,0.46290,0.00000,0.024,-0.027,3
83.1400,0.47205,0.00286,-0.00207,0.47070,0.00000,0.024,-0.027,3
83.1920,0.47990,0.00283,-0.00207,0.47850,0.00000,0.025,-0.027,3
83.2440,0.48773,0.00280,-0.00208,0.48630,0.00000,0.025,-0.027,3
83.2960,0.49555,0.00275,-0.00208,0.49410,0.00000,0.026,-0.027,3
83.3480,0.50335,0.00269,-0.00208,0.50190,0.00000,0.027,-0.026,3
83.4000,0.51114,0.00262,-0.00208,0.50970,0.00000,0.027,-0.026,3
83.4520,0.51891,0.00255,-0.00208,0.51750,0.00000,0.028,-0.026,3
83.5040,0.52668,0.00247,-0.00208,0.52530,0.00000,0.028,-0.026,3
83.5560,0.53444,0.00238,-0.00208,0.53310,0.00000,0.029,-0.026,3
83.6080,0.54220,0.00230,-0.00208,0.54090,0.00000,0.029,-0.026,3
83.6600,0.54995,0.00221,-0.00208,0.54870,0.00000,0.030,-0.026,3
83.7120,0.55770,0.00212,-0.00208,0.55650,0.00000,0.030,-0.026,3
83.7640,0.56544,0.00203,-0.00208,0.56430,0.00000,0.030,-0.026,3
83.8160,0.57319,0.00195,-0.00208,0.57210,0.00000,0.031,-0.026,3
83.8680,0.58093,0.00186,-0.00208,0.57990,0.00000,0.031,-0.026,3
83.9200,0.58868,0.00177,-0.00208,0.58770,0.00000,0.032,-0.026,3
83.9720,0.59642,0.00169,-0.00209,0.59550,0.00000,0.032,-0.026,3
84.0240,0.60417,0.00161,-0.00209,0.60330,0.00000,0.032,-0.026,3
84.0760,0.61192,0.00153,-0.00209,0.61110,0.00000,0.032,-0.026,3
84.1280,0.61967,0.00146,-0.00209,0.61890,0.00000,0.033,-0.026,3
84.1800,0.62742,0.00139,-0.00209,0.62670,0.00000,0.033,-0.026,3
84.2320,0.63518,0.00132,-0.00209,0.63450,0.00000,0.033,-0.026,3
84.2840,0.64294,0.00126,-0.00209,0.64230,0.00000,0.033,-0.026,3
84.3360,0.65070,0.00120,-0.00209,0.65010,0.00000,0.034,-0.026,3
84.3880,0.65846,0.00114,-0.00209,0.65790,0.00000,0.034,-0.026,3
84.4400,0.66623,0.00109,-0.00209,0.66570,0.00000,0.034,-0.026,3
84.4920,0.67400,0.00104,-0.00209,0.67350,0.00000,0.034,-0.026,3
84.5440,0.68177,0.00100,-0.00209,0.68130,0.00000,0.034,-0.026,3
84.5960,0.68954,0.00096,-0.00209,0.68910,0.00000,0.034,-0.026,3
84.6480,0.69732,0.00092,-0.00209,0.69690,0.00000,0.034,-0.026,3
84.7000,0.70510,0.00088,-0.00209,0.70470,0.00000,0.034,-0.026,3
84.7520,0.71288,0.00085,-0.00209,0.71250,0.00000,0.034,-0.026,3
84.8040,0.72066,0.00082,-0.00209,0.72030,0.00000,0.035,-0.026,3
84.8560,0.72845,0.00080,-0.00209,0.72810,0.00000,0.035,-0.026,3
84.9080,0.73623,0.00078,-0.00209,0.73590,0.00000,0.035,-0.026,3
84.9600,0.74402,0.00076,-0.00209,0.74370,0.00000,0.035,-0.026,3
85.0120,0.75181,0.00074,-0.00209,0.75150,0.00000,0.035,-0.026,3
85.0640,0.75961,0.00072,-0.00209,0.75930,0.00000,0.035,-0.026,3
85.1160,0.76740,0.00071,-0.00209,0.76710,0.00000,0.035,-0.026,3
85.1680,0.77519,0.00070,-0.00209,0.77490,0.00000,0.035,-0.026,3
85.2200,0.78299,0.00069,-0.00209,0.78270,0.00000,0.035,-0.026,3
85.2720,0.79078,0.00068,-0.00209,0.79050,0.00000,0.035,-0.026,3
85.3240,0.79858,0.00067,-0.00209,0.79830,0.00000,0.035,-0.026,3
85.3760,0.80638,0.00067,-0.00209,0.80610,0.00000,0.035,-0.026,3
85.4280,0.81418,0.00066,-0.00209,0.81390,0.00000,0.035,-0.026,3
85.4800,0.82198,0.00066,-0.00209,0.82170,0.00000,0.035,-0.026,3
85.5320,0.82978,0.00066,-0.00209,0.82950,0.00000,0.035,-0.026,3
85.5840,0.83758,0.00066,-0.00209,0.83730,0.00000,0.035,-0.026,3
85.6360,0.84538,0.00066,-0.00209,0.84510,0.00000,0.035,-0.026,3
85.6880,0.85318,0.00066,-0.00209,0.85290,0.00000,0.035,-0.026,3
85.7400,0.86098,0.00066,-0.00209,0.86070,0.00000,0.035,-0.026,3
85.7920,0.86878,0.00066,-0.00209,0.86850,0.00000,0.035,-0.026,3
85.8440,0.87658,0.00066,-0.00209,0.87630,0.00000,0.035,-0.026,3
85.8960,0.88438,0.00067,-0.00209,0.88410,0.00000,0.035,-0.026,3
85.9480,0.89218,0.00067,-0.00209,0.89190,0.00000,0.035,-0.026,3
86.0000,0.89999,0.00067,-0.00209,0.89970,0.00000,0.035,-0.026,3
86.0520,0.90779,0.00068,-0.00209,0.90750,0.00000,0.035,-0.026,3
86.1040,0.91559,0.00068,-0.00209,0.91530,0.00000,0.035,-0.026,3
86.1560,0.92339,0.00068,-0.00209,0.92310,0.00000,0.035,-0.026,3
86.2080,0.93119,0.00069,-0.00209,0.93090,0.00000,0.035,-0.026,3
86.2600,0.93899,0.00069,-0.00209,0.93870,0.00000,0.035,-0.026,3
86.3120,0.94680,0.00069,-0.00209,0.94650,0.00000,0.035,-0.026,3
86.3640,0.95460,0.00070,-0.00209,0.95430,0.00000,0.035,-0.026,3
86.4160,0.96240,0.00070,-0.00209,0.96210,0.00000,0.035,-0.026,3
86.4680,0.97020,0.00071,-0.00209,0.96990,0.00000,0.035,-0.026,3
86.5200,0.97800,0.00071,-0.00209,0.97770,0.00000,0.035,-0.026,3
86.5720,0.98580,0.00071,-0.00209,0.98550,0.00000,0.035,-0.026,3
86.6240,0.99360,0.00072,-0.00209,0.99330,0.00000,0.035,-0.026,3
86.6760,1.00140,0.00072,-0.00209,1.00000,0.00110,0.035,-0.026,3
86.7280,1.00901,0.00086,-0.00209,1.00000,0.00890,0.309,-0.022,3
86.7800,1.01554,0.00181,-0.00209,1.00000,0.01670,2.347,-0.003,3
86.8320,1.02097,0.00366,-0.00209,1.00000,0.02450,5.851,-0.004,3
86.8840,1.02536,0.00636,-0.00208,1.00000,0.03230,9.548,-0.010,3
86.9360,1.02876,0.00981,-0.00208,1.00000,0.04010,13.275,-0.011,3
86.9880,1.03131,0.01393,-0.00208,1.00000,0.04790,16.933,-0.010,3
87.0400,1.03312,0.01865,-0.00208,1.00000,0.05570,20.507,-0.009,3
87.0920,1.03434,0.02393,-0.00208,1.00000,0.06350,24.003,-0.008,3
87.1440,1.03507,0.02971,-0.00208,1.00000,0.07130,27.432,-0.007,3
87.1960,1.03540,0.03597,-0.00207,1.00000,0.07910,30.804,-0.007,3
87.2480,1.03543,0.04268,-0.00207,1.00000,0.08690,34.129,-0.008,3
87.3000,1.03521,0.04982,-0.00207,1.00000,0.09470,37.415,-0.009,3
87.3520,1.03479,0.05737,-0.00207,1.00000,0.10250,40.668,-0.012,3
87.4040,1.03421,0.06530,-0.00207,1.00000,0.11030,43.895,-0.015,3
87.4560,1.03350,0.07359,-0.00207,1.00000,0.11810,47.099,-0.018,3
87.5080,1.03267,0.08223,-0.00207,1.00000,0.12590,50.285,-0.023,3
87.5600,1.03174,0.09117,-0.00207,1.00000,0.13370,53.454,-0.028,3
87.6120,1.03070,0.10040,-0.00207,1.00000,0.14150,56.611,-0.034,3
87.6640,1.02957,0.10989,-0.00207,1.00000,0.14930,59.756,-0.040,3
87.7160,1.02833,0.11960,-0.00207,1.00000,0.15710,62.893,-0.047,3
87.7680,1.02700,0.12949,-0.00207,1.00000,0.16490,66.022,-0.054,3
87.8200,1.02556,0.13953,-0.00207,1.00000,0.17270,69.144,-0.061,3
87.8720,1.02402,0.14969,-0.00207,1.00000,0.18050,72.262,-0.068,3
87.9240,1.02238,0.15992,-0.00207,1.00000,0.18830,75.374,-0.075,3
87.9760,1.02064,0.17019,-0.00207,1.00000,0.19610,78.481,-0.081,3
88.0280,1.01881,0.18046,-0.00207,1.00000,0.20390,81.581,-0.088,3
88.0800,1.01691,0.19069,-0.00207,1.00000,0.21170,84.667,-0.093,3
88.1320,1.01495,0.20084,-0.00206,1.00000,0.21950,87.631,-0.098,3
88.1840,1.01296,0.21089,-0.00206,1.00000,0.22730,89.800,-0.103,3
88.2360,1.01106,0.22079,-0.00206,1.00000,0.23510,90.252,-0.107,3
88.2880,1.00928,0.23051,-0.00206,1.00000,0.24290,90.240,-0.111,3
88.3400,1.00764,0.24007,-0.00206,1.00000,0.25070,90.220,-0.114,3
88.3920,1.00615,0.24948,-0.00206,1.00000,0.25850,90.194,-0.116,3
88.4440,1.00481,0.25876,-0.00205,1.00000,0.26630,90.165,-0.119,3
88.4960,1.00359,0.26790,-0.00205,1.00000,0.27410,90.140,-0.120,3
88.5480,1.00250,0.27690,-0.00205,1.00000,0.28190,90.120,-0.122,3
88.6000,1.00153,0.28579,-0.00205,1.00000,0.28970,90.102,-0.123,3
88.6520,1.00067,0.29456,-0.00205,1.00000,0.29750,90.087,-0.124,3
88.7040,0.99992,0.30322,-0.00205,1.00000,0.30530,90.074,-0.124,3
88.7560,0.99926,0.31177,-0.00205,1.00000,0.31310,90.064,-0.124,3
88.8080,0.99869,0.32023,-0.00205,1.00000,0.32090,90.054,-0.124,3
88.8600,0.99821,0.32860,-0.00205,1.00000,0.32870,90.046,-0.124,3
88.9120,0.99780,0.33689,-0.00205,1.00000,0.33650,90.039,-0.124,3
88.9640,0.99746,0.34511,-0.00205,1.00000,0.34430,90.034,-0.124,3
89.0160,0.99718,0.35326,-0.00206,1.00000,0.35210,90.028,-0.124,3
89.0680,0.99697,0.36135,-0.00206,1.00000,0.35990,90.024,-0.123,3
89.1200,0.99680,0.36938,-0.00206,1.00000,0.36770,90.020,-0.123,3
89.1720,0.99669,0.37736,-0.00206,1.00000,0.37550,90.016,-0.122,3
89.2240,0.99661,0.38530,-0.00206,1.00000,0.38330,90.013,-0.122,3
89.2760,0.99657,0.39320,-0.00206,1.00000,0.39110,90.010,-0.122,3
89.3280,0.99657,0.40107,-0.00206,1.00000,0.39890,90.008,-0.121,3
89.3800,0.99659,0.40891,-0.00206,1.00000,0.40670,90.006,-0.121,3
89.4320,0.99664,0.41672,-0.00207,1.00000,0.41450,90.004,-0.120,3
89.4840,0.99671,0.42451,-0.00207,1.00000,0.42230,90.002,-0.120,3
89.5360,0.99680,0.43228,-0.00207,1.00000,0.43010,90.001,-0.120,3
89.5880,0.99690,0.44003,-0.00207,1.00000,0.43790,90.000,-0.119,3
89.6400,0.99702,0.44778,-0.00207,1.00000,0.44570,89.999,-0.119,3
89.6920,0.99715,0.45551,-0.00207,1.00000,0.45350,89.998,-0.119,3
89.7440,0.99728,0.46323,-0.00207,1.00000,0.46130,89.997,-0.118,3
89.7960,0.99742,0.47095,-0.00207,1.00000,0.46910,89.996,-0.118,3
89.8480,0.99756,0.47867,-0.00208,1.00000,0.47690,89.995,-0.118,3
89.9000,0.99771,0.48638,-0.00208,1.00000,0.48470,89.995,-0.118,3
89.9520,0.99785,0.49409,-0.00208,1.00000,0.49250,89.994,-0.118,3
90.0040,0.99800,0.50180,-0.00208,1.00000,0.50030,89.994,-0.117,3
90.0560,0.99814,0.50951,-0.00208,1.00000,0.50810,89.994,-0.117,3
90.1080,0.99829,0.51723,-0.00208,1.00000,0.51590,89.993,-0.117,3
90.1600,0.99842,0.52495,-0.00208,1.00000,0.52370,89.993,-0.117,3
90.2120,0.99856,0.53266,-0.00208,1.00000,0.53150,89.993,-0.117,3
90.2640,0.99869,0.54039,-0.00208,1.00000,0.53930,89.993,-0.117,3
90.3160,0.99881,0.54811,-0.00208,1.00000,0.54710,89.993,-0.117,3
90.3680,0.99893,0.55584,-0.00208,1.00000,0.55490,89.993,-0.117,3
90.4200,0.99904,0.56358,-0.00208,1.00000,0.56270,89.993,-0.117,3
90.4720,0.99915,0.57132,-0.00208,1.00000,0.57050,89.993,-0.117,3
90.5240,0.99925,0.57906,-0.00208,1.00000,0.57830,89.993,-0.117,3
90.5760,0.99935,0.58681,-0.00209,1.00000,0.58610,89.993,-0.117,3
90.6280,0.99944,0.59456,-0.00209,1.00000,0.59390,89.993,-0.117,3
90.6800,0.99952,0.60232,-0.00209,1.00000,0.60170,89.993,-0.117,3
90.7320,0.99960,0.61008,-0.00209,1.00000,0.60950,89.993,-0.117,3
90.7840,0.99967,0.61784,-0.00209,1.00000,0.61730,89.993,-0.117,3
90.8360,0.99973,0.62561,-0.00209,1.00000,0.62510,89.994,-0.117,3
90.8880,0.99979,0.63338,-0.00209,1.00000,0.63290,89.994,-0.117,3
90.9400,0.99985,0.64115,-0.00209,1.00000,0.64070,89.994,-0.117,3
90.9920,0.99990,0.64893,-0.00209,1.00000,0.64850,89.994,-0.117,3
91.0440,0.99994,0.65671,-0.00209,1.00000,0.65630,89.994,-0.117,3
91.0960,0.99999,0.66449,-0.00209,1.00000,0.66410,89.994,-0.117,3
91.1480,1.00002,0.67227,-0.00209,1.00000,0.67190,89.994,-0.117,3
91.2000,1.00005,0.68006,-0.00209,1.00000,0.67970,89.995,-0.117,3
91.2520,1.00008,0.68785,-0.00209,1.00000,0.68750,89.995,-0.117,3
91.3040,1.00011,0.69564,-0.00209,1.00000,0.69530,89.995,-0.117,3
91.3560,1.00013,0.70343,-0.00209,1.00000,0.70310,89.995,-0.117,3
91.4080,1.00015,0.71123,-0.00209,1.00000,0.71090,89.995,-0.117,3
91.4600,1.00016,0.71902,-0.00209,1.00000,0.71870,89.995,-0.117,3
91.5120,1.00018,0.72682,-0.00209,1.00000,0.72650,89.995,-0.117,3
91.5640,1.00019,0.73462,-0.00209,1.00000,0.73430,89.995,-0.117,3
91.6160,1.00020,0.74242,-0.00209,1.00000,0.74210,89.995,-0.117,3
91.6680,1.00020,0.75021,-0.00209,1.00000,0.74990,89.995,-0.117,3
91.7200,1.00021,0.75801,-0.00209,1.00000,0.75770,89.996,-0.117,3
91.7720,1.00021,0.76582,-0.00209,1.00000,0.76550,89.996,-0.117,3
91.8240,1.00021,0.77362,-0.00209,1.00000,0.77330,89.996,-0.117,3
91.8760,1.00021,0.78142,-0.00209,1.00000,0.78110,89.996,-0.117,3
91.9280,1.00021,0.78922,-0.00209,1.00000,0.78890,89.996,-0.117,3
91.9800,1.00021,0.79702,-0.00209,1.00000,0.79670,89.996,-0.117,3
92.0320,1.00021,0.80482,-0.00209,1.00000,0.80450,89.996,-0.117,3
92.0840,1.00020,0.81263,-0.00209,1.00000,0.81230,89.996,-0.117,3
92.1360,1.00020,0.82043,-0.00209,1.00000,0.82010,89.996,-0.117,3
92.1880,1.00020,0.82823,-0.00209,1.00000,0.82790,89.996,-0.117,3
92.2400,1.00019,0.83603,-0.00209,1.00000,0.83570,89.996,-0.117,3
92.2920,1.00019,0.84384,-0.00209,1.00000,0.84350,89.996,-0.117,3
92.3440,1.00018,0.85164,-0.00209,1.00000,0.85130,89.996,-0.117,3
92.3960,1.00018,0.85944,-0.00209,1.00000,0.85910,89.996,-0.117,3
92.4480,1.00017,0.86724,-0.00209,1.00000,0.86690,89.996,-0.117,3
92.5000,1.00017,0.87505,-0.00209,1.00000,0.87470,89.996,-0.117,3
92.5520,1.00016,0.88285,-0.00209,1.00000,0.88250,89.996,-0.117,3
92.6040,1.00016,0.89065,-0.00209,1.00000,0.89030,89.996,-0.117,3
92.6560,1.00015,0.89845,-0.00209,1.00000,0.89810,89.996,-0.117,3
92.7080,1.00015,0.90625,-0.00209,1.00000,0.90590,89.996,-0.117,3
92.7600,1.00014,0.91406,-0.00209,1.00000,0.91370,89.996,-0.117,3
92.8120,1.00014,0.92186,-0.00209,1.00000,0.92150,89.996,-0.117,3
92.8640,1.00013,0.92966,-0.00209,1.00000,0.92930,89.996,-0.117,3
92.9160,1.00013,0.93746,-0.00209,1.00000,0.93710,89.996,-0.117,3
92.9680,1.00012,0.94526,-0.00209,1.00000,0.94490,89.996,-0.117,3
93.0200,1.00012,0.95306,-0.00209,1.00000,0.95270,89.996,-0.117,3
93.0720,1.00012,0.96086,-0.00209,1.00000,0.96050,89.996,-0.117,3
93.1240,1.00011,0.96866,-0.00209,1.00000,0.96830,89.996,-0.117,3
93.1760,1.00011,0.97647,-0.00209,1.00000,0.97610,89.996,-0.117,3
93.2280,1.00011,0.98427,-0.00209,1.00000,0.98390,89.996,-0.117,3
93.2800,1.00010,0.99207,-0.00209,1.00000,0.99170,89.996,-0.117,3
93.3320,1.00010,0.99987,-0.00209,1.00000,0.99950,89.996,-0.117,3
93.3840,0.99990,1.00738,-0.00209,0.99270,1.00000,90.422,-0.112,3
93.4360,0.99881,1.01372,-0.00209,0.98490,1.00000,92.680,-0.096,3
93.4880,0.99666,1.01897,-0.00209,0.97710,1.00000,96.099,-0.101,3
93.5400,0.99353,1.02329,-0.00209,0.96930,1.00000,99.625,-0.111,3
93.5920,0.98954,1.02680,-0.00208,0.96150,1.00000,103.182,-0.117,3
93.6440,0.98478,1.02962,-0.00208,0.95370,1.00000,106.690,-0.122,3
93.6960,0.97934,1.03183,-0.00208,0.94590,1.00000,110.141,-0.124,3
93.7480,0.97327,1.03352,-0.00208,0.93810,1.00000,113.538,-0.126,3
93.8000,0.96665,1.03478,-0.00208,0.93030,1.00000,116.888,-0.126,3
93.8520,0.95952,1.03567,-0.00208,0.92250,1.00000,120.201,-0.126,3
93.9040,0.95193,1.03624,-0.00208,0.91470,1.00000,123.481,-0.125,3
93.9560,0.94392,1.03653,-0.00208,0.90690,1.00000,126.736,-0.124,3
94.0080,0.93553,1.03659,-0.00208,0.89910,1.00000,129.969,-0.123,3
94.0600,0.92680,1.03645,-0.00208,0.89130,1.00000,133.184,-0.121,3
94.1120,0.91776,1.03612,-0.00208,0.88350,1.00000,136.385,-0.120,3
94.1640,0.90846,1.03563,-0.00208,0.87570,1.00000,139.574,-0.118,3
94.2160,0.89891,1.03499,-0.00208,0.86790,1.00000,142.754,-0.116,3
94.2680,0.88917,1.03421,-0.00208,0.86010,1.00000,145.926,-0.114,3
94.3200,0.87927,1.03330,-0.00208,0.85230,1.00000,149.092,-0.112,3
94.3720,0.86923,1.03225,-0.00208,0.84450,1.00000,152.254,-0.109,3
94.4240,0.85911,1.03108,-0.00208,0.83670,1.00000,155.412,-0.107,3
94.4760,0.84893,1.02979,-0.00208,0.82890,1.00000,158.567,-0.104,3
94.5280,0.83873,1.02839,-0.00208,0.82110,1.00000,161.722,-0.100,3
94.5800,0.82854,1.02688,-0.00208,0.81330,1.00000,164.876,-0.097,3
94.6320,0.81839,1.02527,-0.00208,0.80550,1.00000,168.031,-0.093,3
94.6840,0.80832,1.02356,-0.00208,0.79770,1.00000,171.187,-0.088,3
94.7360,0.79835,1.02177,-0.00208,0.78990,1.00000,174.333,-0.083,3
94.7880,0.78851,1.01991,-0.00208,0.78210,1.00000,177.329,-0.078,3
94.8400,0.77880,1.01799,-0.00208,0.77430,1.00000,179.375,-0.074,3
94.8920,0.76921,1.01605,-0.00208,0.76650,1.00000,179.808,-0.070,3
94.9440,0.75981,1.01414,-0.00208,0.75870,1.00000,179.862,-0.063,3
94.9960,0.75064,1.01234,-0.00208,0.75090,1.00000,179.902,-0.055,3
95.0480,0.74167,1.01067,-0.00208,0.74310,1.00000,179.923,-0.048,3
95.1000,0.73289,1.00912,-0.00208,0.73530,1.00000,179.933,-0.042,3
95.1520,0.72429,1.00769,-0.00208,0.72750,1.00000,179.940,-0.037,3
95.2040,0.71583,1.00638,-0.00208,0.71970,1.00000,179.946,-0.032,3
95.2560,0.70752,1.00519,-0.00209,0.71190,1.00000,179.950,-0.028,3
95.3080,0.69933,1.00411,-0.00209,0.70410,1.00000,179.953,-0.024,3
95.3600,0.69125,1.00314,-0.00209,0.69630,1.00000,179.955,-0.021,3
95.4120,0.68326,1.00226,-0.00209,0.68850,1.00000,179.956,-0.018,3
95.4640,0.67536,1.00148,-0.00209,0.68070,1.00000,179.957,-0.015,3
95.5160,0.66753,1.00079,-0.00209,0.67290,1.00000,179.957,-0.013,3
95.5680,0.65976,1.00019,-0.00209,0.66510,1.00000,179.957,-0.011,3
95.6200,0.65204,0.99966,-0.00209,0.65730,1.00000,179.957,-0.010,3
95.6720,0.64437,0.99921,-0.00210,0.64950,1.00000,179.957,-0.008,3
95.7240,0.63673,0.99882,-0.00210,0.64170,1.00000,179.957,-0.007,3
95.7760,0.62912,0.99850,-0.00210,0.63390,1.00000,179.957,-0.006,3
95.8280,0.62153,0.99823,-0.00210,0.62610,1.00000,179.956,-0.005,3
95.8800,0.61395,0.99802,-0.00210,0.61830,1.00000,179.956,-0.004,3
95.9320,0.60639,0.99785,-0.00210,0.61050,1.00000,179.956,-0.003,3
95.9840,0.59884,0.99773,-0.00210,0.60270,1.00000,179.955,-0.002,3
96.0360,0.59128,0.99765,-0.00210,0.59490,1.00000,179.955,-0.002,3
96.0880,0.58373,0.99760,-0.00210,0.58710,1.00000,179.955,-0.001,3
96.1400,0.57617,0.99758,-0.00210,0.57930,1.00000,179.955,-0.001,3
96.1920,0.56861,0.99759,-0.00210,0.57150,1.00000,179.955,-0.000,3
96.2440,0.56104,0.99763,-0.00210,0.56370,1.00000,179.955,-0.000,3
96.2960,0.55347,0.99768,-0.00210,0.55590,1.00000,179.955,0.000,3
96.3480,0.54588,0.99775,-0.00210,0.54810,1.00000,179.955,0.000,3
96.4000,0.53828,0.99784,-0.00210,0.54030,1.00000,179.955,0.001,3
96.4520,0.53067,0.99793,-0.00210,0.53250,1.00000,179.956,0.001,3
96.5040,0.52305,0.99804,-0.00210,0.52470,1.00000,179.956,0.001,3
96.5560,0.51542,0.99816,-0.00210,0.51690,1.00000,179.956,0.001,3
96.6080,0.50777,0.99828,-0.00210,0.50910,1.00000,179.956,0.001,3
96.6600,0.50012,0.99841,-0.00210,0.50130,1.00000,179.957,0.001,3
96.7120,0.49245,0.99854,-0.00210,0.49350,1.00000,179.957,0.002,3
96.7640,0.48477,0.99867,-0.00210,0.48570,1.00000,179.957,0.002,3
96.8160,0.47707,0.99880,-0.00210,0.47790,1.00000,179.958,0.002,3
96.8680,0.46937,0.99893,-0.00210,0.47010,1.00000,179.958,0.002,3
96.9200,0.46166,0.99905,-0.00210,0.46230,1.00000,179.959,0.002,3
96.9720,0.45394,0.99918,-0.00210,0.45450,1.00000,179.959,0.002,3
97.0240,0.44621,0.99930,-0.00209,0.44670,1.00000,179.959,0.002,3
97.0760,0.43847,0.99942,-0.00209,0.43890,1.00000,179.960,0.002,3
97.1280,0.43072,0.99953,-0.00209,0.43110,1.00000,179.960,0.002,3
97.1800,0.42297,0.99964,-0.00209,0.42330,1.00000,179.961,0.002,3
97.2320,0.41521,0.99975,-0.00209,0.41550,1.00000,179.961,0.002,3
97.2840,0.40744,0.99985,-0.00209,0.40770,1.00000,179.961,0.002,3
97.3360,0.39967,0.99994,-0.00209,0.39990,1.00000,179.962,0.002,3
97.3880,0.39189,1.00003,-0.00209,0.39210,1.00000,179.962,0.002,3
97.4400,0.38411,1.00011,-0.00209,0.38430,1.00000,179.962,0.002,3
97.4920,0.37632,1.00019,-0.00209,0.37650,1.00000,179.963,0.002,3
97.5440,0.36853,1.00026,-0.00209,0.36870,1.00000,179.963,0.002,3
97.5960,0.36074,1.00033,-0.00209,0.36090,1.00000,179.963,0.002,3
97.6480,0.35295,1.00039,-0.00209,0.35310,1.00000,179.964,0.002,3
97.7000,0.34515,1.00045,-0.00209,0.34530,1.00000,179.964,0.002,3
97.7520,0.33735,1.00050,-0.00209,0.33750,1.00000,179.964,0.002,3
97.8040,0.32955,1.00055,-0.00209,0.32970,1.00000,179.964,0.002,3
97.8560,0.32174,1.00059,-0.00209,0.32190,1.00000,179.964,0.002,3
97.9080,0.31394,1.00063,-0.00209,0.31410,1.00000,179.965,0.002,3
97.9600,0.30613,1.00067,-0.00209,0.30630,1.00000,179.965,0.002,3
98.0120,0.29833,1.00070,-0.00209,0.29850,1.00000,179.965,0.002,3
98.0640,0.29052,1.00073,-0.00209,0.29070,1.00000,179.965,0.002,3
98.1160,0.28272,1.00075,-0.00209,0.28290,1.00000,179.965,0.002,3
98.1680,0.27491,1.00077,-0.00209,0.27510,1.00000,179.965,0.002,3
98.2200,0.26710,1.00079,-0.00209,0.26730,1.00000,179.965,0.002,3
98.2720,0.25929,1.00081,-0.00209,0.25950,1.00000,179.965,0.002,3
98.3240,0.25149,1.00082,-0.00209,0.25170,1.00000,179.965,0.002,3
98.3760,0.24368,1.00083,-0.00209,0.24390,1.00000,179.965,0.002,3
98.4280,0.23587,1.00084,-0.00209,0.23610,1.00000,179.965,0.002,3
98.4800,0.22807,1.00085,-0.00209,0.22830,1.00000,179.966,0.002,3
98.5320,0.22026,1.00085,-0.00209,0.22050,1.00000,179.966,0.002,3
98.5840,0.21245,1.00086,-0.00209,0.21270,1.00000,179.966,0.002,3
98.6360,0.20465,1.00086,-0.00209,0.20490,1.00000,179.966,0.002,3
98.6880,0.19684,1.00086,-0.00209,0.19710,1.00000,179.966,0.002,3
98.7400,0.18904,1.00086,-0.00209,0.18930,1.00000,179.966,0.002,3
98.7920,0.18123,1.00086,-0.00209,0.18150,1.00000,179.966,0.002,3
98.8440,0.17343,1.00086,-0.00209,0.17370,1.00000,179.966,0.002,3
98.8960,0.16562,1.00086,-0.00209,0.16590,1.00000,179.966,0.002,3
98.9480,0.15782,1.00086,-0.00209,0.15810,1.00000,179.966,0.002,3
99.0000,0.15002,1.00085,-0.00209,0.15030,1.00000,179.966,0.002,3
99.0520,0.14221,1.00085,-0.00209,0.14250,1.00000,179.966,0.002,3
99.1040,0.13441,1.00084,-0.00209,0.13470,1.00000,179.966,0.002,3
99.1560,0.12661,1.00084,-0.00209,0.12690,1.00000,179.966,0.002,3
99.2080,0.11880,1.00084,-0.00209,0.11910,1.00000,179.966,0.002,3
99.2600,0.11100,1.00083,-0.00209,0.11130,1.00000,179.965,0.002,3
99.3120,0.10320,1.00083,-0.00209,0.10350,1.00000,179.965,0.002,3
99.3640,0.09540,1.00082,-0.00209,0.09570,1.00000,179.965,0.002,3
99.4160,0.08760,1.00082,-0.00209,0.08790,1.00000,179.965,0.002,3
99.4680,0.07980,1.00081,-0.00209,0.08010,1.00000,179.965,0.002,3
99.5200,0.07200,1.00081,-0.00209,0.07230,1.00000,179.965,0.002,3
99.5720,0.06420,1.00080,-0.00209,0.06450,1.00000,179.965,0.002,3
99.6240,0.05639,1.00080,-0.00209,0.05670,1.00000,179.965,0.002,3
99.6760,0.04859,1.00079,-0.00209,0.04890,1.00000,179.965,0.002,3
99.7280,0.04079,1.00079,-0.00209,0.04110,1.00000,179.965,0.002,3
99.7800,0.03299,1.00079,-0.00209,0.03330,1.00000,179.965,0.002,3
99.8320,0.02519,1.00078,-0.00209,0.02550,1.00000,179.965,0.002,3
99.8840,0.01739,1.00078,-0.00209,0.01770,1.00000,179.965,0.002,3
99.9360,0.00959,1.00077,-0.00209,0.00990,1.00000,179.965,0.002,3
99.9880,0.00179,1.00077,-0.00209,0.00210,1.00000,179.965,0.002,3
100.0400,-0.00601,1.00077,-0.00209,0.00000,0.99430,179.965,0.002,3
100.0920,-0.01333,1.00046,-0.00209,0.00000,0.98650,-179.374,0.009,3
100.1440,-0.01919,0.99907,-0.00209,0.00000,0.97870,-176.744,0.026,3
100.1960,-0.02373,0.99655,-0.00208,0.00000,0.97090,-173.005,0.021,3
100.2480,-0.02736,0.99320,-0.00208,0.00000,0.96310,-169.202,-0.000,3
100.3000,-0.03024,0.98907,-0.00207,0.00000,0.95530,-165.391,-0.012,3
100.3520,-0.03247,0.98424,-0.00207,0.00000,0.94750,-161.677,-0.019,3
100.4040,-0.03417,0.97878,-0.00207,0.00000,0.93970,-158.053,-0.025,3
100.4560,-0.03543,0.97274,-0.00206,0.00000,0.93190,-154.511,-0.030,3
100.5080,-0.03631,0.96619,-0.00206,0.00000,0.92410,-151.040,-0.032,3
100.5600,-0.03689,0.95916,-0.00206,0.00000,0.91630,-147.626,-0.033,3
100.6120,-0.03721,0.95170,-0.00206,0.00000,0.90850,-144.261,-0.033,3
100.6640,-0.03732,0.94385,-0.00206,0.00000,0.90070,-140.935,-0.032,3
100.7160,-0.03725,0.93564,-0.00206,0.00000,0.89290,-137.643,-0.030,3
100.7680,-0.03703,0.92712,-0.00205,0.00000,0.88510,-134.378,-0.027,3
100.8200,-0.03667,0.91831,-0.00205,0.00000,0.87730,-131.135,-0.025,3
100.8720,-0.03621,0.90924,-0.00205,0.00000,0.86950,-127.910,-0.021,3
100.9240,-0.03564,0.89995,-0.00205,0.00000,0.86170,-124.699,-0.018,3
100.9760,-0.03496,0.89048,-0.00205,0.00000,0.85390,-121.499,-0.014,3
101.0280,-0.03419,0.88085,-0.00205,0.00000,0.84610,-118.307,-0.010,3
101.0800,-0.03333,0.87109,-0.00205,0.00000,0.83830,-115.119,-0.006,3
101.1320,-0.03236,0.86124,-0.00205,0.00000,0.83050,-111.933,-0.002,3
101.1840,-0.03130,0.85133,-0.00205,0.00000,0.82270,-108.745,0.002,3
101.2360,-0.03013,0.84138,-0.00205,0.00000,0.81490,-105.554,0.006,3
101.2880,-0.02886,0.83142,-0.00205,0.00000,0.80710,-102.354,0.010,3
101.3400,-0.02749,0.82148,-0.00206,0.00000,0.79930,-99.144,0.013,3
101.3920,-0.02600,0.81158,-0.00206,0.00000,0.79150,-95.934,0.017,3
101.4440,-0.02440,0.80173,-0.00206,0.00000,0.78370,-92.892,0.020,3
101.4960,-0.02268,0.79197,-0.00206,0.00000,0.77590,-90.968,0.023,3
101.5480,-0.02081,0.78237,-0.00206,0.00000,0.76810,-90.549,0.027,3
101.6000,-0.01889,0.77292,-0.00206,0.00000,0.76030,-90.423,0.031,3
101.6520,-0.01703,0.76358,-0.00206,0.00000,0.75250,-90.324,0.033,3
101.7040,-0.01526,0.75435,-0.00206,0.00000,0.74470,-90.259,0.034,3
101.7560,-0.01359,0.74522,-0.00206,0.00000,0.73690,-90.211,0.035,3
101.8080,-0.01201,0.73620,-0.00207,0.00000,0.72910,-90.173,0.036,3
101.8600,-0.01054,0.72728,-0.00207,0.00000,0.72130,-90.143,0.037,3
101.9120,-0.00916,0.71846,-0.00207,0.00000,0.71350,-90.119,0.037,3
101.9640,-0.00788,0.70974,-0.00207,0.00000,0.70570,-90.099,0.038,3
102.0160,-0.00670,0.70111,-0.00207,0.00000,0.69790,-90.084,0.038,3
102.0680,-0.00561,0.69256,-0.00207,0.00000,0.69010,-90.071,0.038,3
102.1200,-0.00461,0.68410,-0.00207,0.00000,0.68230,-90.061,0.039,3
102.1720,-0.00370,0.67571,-0.00208,0.00000,0.67450,-90.052,0.039,3
102.2240,-0.00288,0.66740,-0.00208,0.00000,0.66670,-90.046,0.039,3
102.2760,-0.00213,0.65915,-0.00208,0.00000,0.65890,-90.040,0.039,3
102.3280,-0.00146,0.65097,-0.00208,0.00000,0.65110,-90.036,0.039,3
102.3800,-0.00086,0.64284,-0.00208,0.00000,0.64330,-90.032,0.039,3
102.4320,-0.00033,0.63476,-0.00208,0.00000,0.63550,-90.029,0.040,3
102.4840,0.00014,0.62674,-0.00208,0.00000,0.62770,-90.026,0.040,3
102.5360,0.00054,0.61875,-0.00208,0.00000,0.61990,-90.024,0.040,3
102.5880,0.00090,0.61080,-0.00208,0.00000,0.61210,-90.022,0.040,3
102.6400,0.00120,0.60288,-0.00208,0.00000,0.60430,-90.020,0.040,3
102.6920,0.00146,0.59500,-0.00209,0.00000,0.59650,-90.018,0.040,3
102.7440,0.00167,0.58714,-0.00209,0.00000,0.58870,-90.017,0.040,3
102.7960,0.00184,0.57931,-0.00209,0.00000,0.58090,-90.016,0.040,3
102.8480,0.00198,0.57149,-0.00209,0.00000,0.57310,-90.014,0.040,3
102.9000,0.00209,0.56369,-0.00209,0.00000,0.56530,-90.013,0.040,3
102.9520,0.00216,0.55591,-0.00209,0.00000,0.55750,-90.012,0.040,3
103.0040,0.00221,0.54814,-0.00209,0.00000,0.54970,-90.011,0.040,3
103.0560,0.00224,0.54038,-0.00209,0.00000,0.54190,-90.010,0.040,3
103.1080,0.00224,0.53262,-0.00209,0.00000,0.53410,-90.009,0.040,3
103.1600,0.00223,0.52487,-0.00209,0.00000,0.52630,-90.008,0.040,3
103.2120,0.00220,0.51713,-0.00209,0.00000,0.51850,-90.007,0.040,3
103.2640,0.00216,0.50939,-0.00209,0.00000,0.51070,-90.007,0.040,3
103.3160,0.00211,0.50166,-0.00209,0.00000,0.50290,-90.006,0.040,3
103.3680,0.00205,0.49392,-0.00209,0.00000,0.49510,-90.005,0.040,3
103.4200,0.00198,0.48618,-0.00209,0.00000,0.48730,-90.004,0.040,3
103.4720,0.00190,0.47845,-0.00209,0.00000,0.47950,-90.004,0.040,3
103.5240,0.00182,0.47071,-0.00209,0.00000,0.47170,-90.003,0.040,3
103.5760,0.00173,0.46297,-0.00209,0.00000,0.46390,-90.002,0.040,3
103.6280,0.00164,0.45523,-0.00209,0.00000,0.45610,-90.002,0.040,3
103.6800,0.00156,0.44749,-0.00209,0.00000,0.44830,-90.001,0.040,3
103.7320,0.00147,0.43974,-0.00209,0.00000,0.44050,-90.001,0.040,3
103.7840,0.00138,0.43199,-0.00209,0.00000,0.43270,-90.000,0.040,3
103.8360,0.00129,0.42424,-0.00209,0.00000,0.42490,-90.000,0.040,3
103.8880,0.00120,0.41648,-0.00209,0.00000,0.41710,-89.999,0.040,3
103.9400,0.00112,0.40872,-0.00209,0.00000,0.40930,-89.999,0.040,3
103.9920,0.00103,0.40096,-0.00209,0.00000,0.40150,-89.998,0.040,3
104.0440,0.00095,0.39320,-0.00209,0.00000,0.39370,-89.998,0.040,3
104.0960,0.00088,0.38543,-0.00209,0.00000,0.38590,-89.998,0.040,3
104.1480,0.00080,0.37766,-0.00209,0.00000,0.37810,-89.997,0.040,3
104.2000,0.00073,0.36988,-0.00209,0.00000,0.37030,-89.997,0.040,3
104.2520,0.00067,0.36211,-0.00209,0.00000,0.36250,-89.997,0.040,3
104.3040,0.00060,0.35433,-0.00209,0.00000,0.35470,-89.997,0.040,3
104.3560,0.00054,0.34655,-0.00209,0.00000,0.34690,-89.996,0.040,3
104.4080,0.00049,0.33876,-0.00209,0.00000,0.33910,-89.996,0.040,3
104.4600,0.00044,0.33098,-0.00209,0.00000,0.33130,-89.996,0.040,3
104.5120,0.00039,0.32319,-0.00209,0.00000,0.32350,-89.996,0.040,3
104.5640,0.00035,0.31540,-0.00209,0.00000,0.31570,-89.996,0.040,3
104.6160,0.00030,0.30761,-0.00209,0.00000,0.30790,-89.996,0.040,3
104.6680,0.00027,0.29982,-0.00209,0.00000,0.30010,-89.996,0.040,3
104.7200,0.00023,0.29202,-0.00209,0.00000,0.29230,-89.996,0.040,3
104.7720,0.00020,0.28423,-0.00209,0.00000,0.28450,-89.995,0.040,3
104.8240,0.00017,0.27643,-0.00209,0.00000,0.27670,-89.995,0.040,3
104.8760,0.00015,0.26864,-0.00209,0.00000,0.26890,-89.995,0.040,3
104.9280,0.00013,0.26084,-0.00209,0.00000,0.26110,-89.995,0.040,3
104.9800,0.00011,0.25304,-0.00209,0.00000,0.25330,-89.995,0.040,3
105.0320,0.00009,0.24524,-0.00209,0.00000,0.24550,-89.995,0.040,3
105.0840,0.00007,0.23744,-0.00209,0.00000,0.23770,-89.995,0.040,3
105.1360,0.00006,0.22964,-0.00209,0.00000,0.22990,-89.995,0.040,3
105.1880,0.00005,0.22184,-0.00209,0.00000,0.22210,-89.995,0.040,3
105.2400,0.00004,0.21404,-0.00209,0.00000,0.21430,-89.995,0.040,3
105.2920,0.00003,0.20624,-0.00209,0.00000,0.20650,-89.995,0.040,3
105.3440,0.00002,0.19844,-0.00209,0.00000,0.19870,-89.995,0.040,3
105.3960,0.00002,0.19063,-0.00209,0.00000,0.19090,-89.995,0.040,3
105.4480,0.00001,0.18283,-0.00209,0.00000,0.18310,-89.995,0.040,3
105.5000,0.00001,0.17503,-0.00209,0.00000,0.17530,-89.995,0.040,3
105.5520,0.00001,0.16723,-0.00209,0.00000,0.16750,-89.995,0.040,3
105.6040,0.00001,0.15943,-0.00209,0.00000,0.15970,-89.995,0.040,3
105.6560,0.00001,0.15162,-0.00209,0.00000,0.15190,-89.995,0.040,3
105.7080,0.00001,0.14382,-0.00209,0.00000,0.14410,-89.995,0.040,3
105.7600,0.00001,0.13602,-0.00209,0.00000,0.13630,-89.995,0.040,3
105.8120,0.00001,0.12822,-0.00209,0.00000,0.12850,-89.995,0.040,3
105.8640,0.00001,0.12042,-0.00209,0.00000,0.12070,-89.995,0.040,3
105.9160,0.00001,0.11261,-0.00209,0.00000,0.11290,-89.996,0.040,3
105.9680,0.00001,0.10481,-0.00209,0.00000,0.10510,-89.996,0.040,3
106.0200,0.00002,0.09701,-0.00209,0.00000,0.09730,-89.996,0.040,3
106.0720,0.00002,0.08921,-0.00209,0.00000,0.08950,-89.996,0.040,3
106.1240,0.00002,0.08141,-0.00209,0.00000,0.08170,-89.996,0.040,3
106.1760,0.00003,0.07361,-0.00209,0.00000,0.07390,-89.996,0.040,3
106.2280,0.00003,0.06581,-0.00209,0.00000,0.06610,-89.996,0.040,3
106.2800,0.00003,0.05801,-0.00209,0.00000,0.05830,-89.996,0.040,3
106.3320,0.00004,0.05020,-0.00209,0.00000,0.05050,-89.996,0.040,3
106.3840,0.00004,0.04240,-0.00209,0.00000,0.04270,-89.996,0.040,3
106.4360,0.00004,0.03460,-0.00209,0.00000,0.03490,-89.996,0.040,3
106.4880,0.00005,0.02680,-0.00209,0.00000,0.02710,-89.996,0.040,3
106.5400,0.00005,0.01900,-0.00209,0.00000,0.01930,-89.996,0.040,3
106.5920,0.00005,0.01120,-0.00209,0.00000,0.01150,-89.996,0.040,3
106.6440,0.00006,0.00340,-0.00209,0.00000,0.00370,-89.996,0.040,3
106.6960,0.00006,-0.00440,-0.00209,0.00410,0.00000,-89.996,0.040,4
106.7480,0.00045,-0.01166,-0.00209,0.01190,0.00000,-89.140,0.051,4
106.8000,0.00166,-0.01773,-0.00209,0.01970,0.00000,-86.356,0.062,4
106.8520,0.00362,-0.02269,-0.00209,0.02750,0.00000,-82.674,0.054,4
106.9040,0.00634,-0.02663,-0.00208,0.03530,0.00000,-78.942,0.048,4
106.9560,0.00976,-0.02966,-0.00208,0.04310,0.00000,-75.231,0.046,4
107.0080,0.01382,-0.03191,-0.00208,0.05090,0.00000,-71.601,0.046,4
107.0600,0.01846,-0.03351,-0.00208,0.05870,0.00000,-68.052,0.047,4
107.1120,0.02362,-0.03458,-0.00207,0.06650,0.00000,-64.576,0.048,4
107.1640,0.02927,-0.03523,-0.00207,0.07430,0.00000,-61.162,0.050,4
107.2160,0.03535,-0.03553,-0.00207,0.08210,0.00000,-57.800,0.052,4
107.2680,0.04186,-0.03558,-0.00207,0.08990,0.00000,-54.482,0.054,4
107.3200,0.04875,-0.03543,-0.00206,0.09770,0.00000,-51.200,0.055,4
107.3720,0.05601,-0.03512,-0.00206,0.10550,0.00000,-47.949,0.057,4
107.4240,0.06362,-0.03470,-0.00206,0.11330,0.00000,-44.724,0.059,4
107.4760,0.07157,-0.03419,-0.00206,0.12110,0.00000,-41.522,0.060,4
107.5280,0.07982,-0.03361,-0.00206,0.12890,0.00000,-38.338,0.061,4
107.5800,0.08835,-0.03297,-0.00206,0.13670,0.00000,-35.171,0.061,4
107.6320,0.09715,-0.03226,-0.00206,0.14450,0.00000,-32.018,0.062,4
107.6840,0.10618,-0.03149,-0.00206,0.15230,0.00000,-28.877,0.062,4
107.7360,0.11541,-0.03065,-0.00206,0.16010,0.00000,-25.746,0.062,4
107.7880,0.12483,-0.02974,-0.00206,0.16790,0.00000,-22.625,0.061,4
107.8400,0.13440,-0.02874,-0.00206,0.17570,0.00000,-19.513,0.059,4
107.8920,0.14409,-0.02764,-0.00206,0.18350,0.00000,-16.407,0.057,4
107.9440,0.15389,-0.02645,-0.00206,0.19130,0.00000,-13.309,0.054,4
107.9960,0.16375,-0.02514,-0.00206,0.19910,0.00000,-10.218,0.051,4
108.0480,0.17367,-0.02371,-0.00206,0.20690,0.00000,-7.136,0.047,4
108.1000,0.18361,-0.02217,-0.00206,0.21470,0.00000,-4.080,0.042,4
108.1520,0.19354,-0.02051,-0.00206,0.22250,0.00000,-1.266,0.037,4
108.2040,0.20339,-0.01876,-0.00206,0.23030,0.00000,0.130,0.034,4
108.2560,0.21307,-0.01696,-0.00206,0.23810,0.00000,0.268,0.032,4
108.3080,0.22267,-0.01520,-0.00206,0.24590,0.00000,0.242,0.026,4
108.3600,0.23226,-0.01352,-0.00206,0.25370,0.00000,0.224,0.018,4
108.4120,0.24181,-0.01195,-0.00206,0.26150,0.00000,0.196,0.011,4
108.4640,0.25133,-0.01047,-0.00206,0.26930,0.00000,0.169,0.005,4
108.5160,0.26078,-0.00908,-0.00206,0.27710,0.00000,0.146,-0.000,4
108.5680,0.27018,-0.00780,-0.00206,0.28490,0.00000,0.127,-0.005,4
108.6200,0.27949,-0.00661,-0.00206,0.29270,0.00000,0.110,-0.008,4
108.6720,0.28873,-0.00550,-0.00206,0.30050,0.00000,0.096,-0.012,4
108.7240,0.29789,-0.00449,-0.00206,0.30830,0.00000,0.084,-0.015,4
108.7760,0.30696,-0.00357,-0.00206,0.31610,0.00000,0.074,-0.017,4
108.8280,0.31595,-0.00272,-0.00206,0.32390,0.00000,0.065,-0.019,4
108.8800,0.32484,-0.00195,-0.00206,0.33170,0.00000,0.058,-0.021,4
108.9320,0.33365,-0.00126,-0.00206,0.33950,0.00000,0.051,-0.022,4
108.9840,0.34238,-0.00064,-0.00206,0.34730,0.00000,0.046,-0.023,4
109.0360,0.35103,-0.00009,-0.00206,0.35510,0.00000,0.042,-0.024,4
109.0880,0.35959,0.00040,-0.00206,0.36290,0.00000,0.038,-0.025,4
109.1400,0.36808,0.00084,-0.00206,0.37070,0.00000,0.035,-0.025,4
109.1920,0.37650,0.00122,-0.00206,0.37850,0.00000,0.033,-0.026,4
109.2440,0.38485,0.00154,-0.00206,0.38630,0.00000,0.031,-0.026,4
109.2960,0.39314,0.00182,-0.00207,0.39410,0.00000,0.029,-0.027,4
109.3480,0.40137,0.00206,-0.00207,0.40190,0.00000,0.028,-0.027,4
109.4000,0.40954,0.00226,-0.00207,0.40970,0.00000,0.027,-0.027,4
109.4520,0.41766,0.00242,-0.00207,0.41750,0.00000,0.027,-0.027,4
109.5040,0.42574,0.00254,-0.00207,0.42530,0.00000,0.026,-0.027,4
109.5560,0.43377,0.00264,-0.00207,0.43310,0.00000,0.026,-0.027,4
109.6080,0.44176,0.00271,-0.00207,0.44090,0.00000,0.026,-0.027,4
109.6600,0.44972,0.00276,-0.00207,0.44870,0.00000,0.026,-0.027,4
109.7120,0.45765,0.00278,-0.00207,0.45650,0.00000,0.026,-0.027,4
109.7640,0.46554,0.00278,-0.00207,0.46430,0.00000,0.026,-0.027,4
109.8160,0.47342,0.00277,-0.00207,0.47210,0.00000,0.026,-0.027,4
109.8680,0.48127,0.00275,-0.00207,0.47990,0.00000,0.026,-0.027,4
109.9200,0.48910,0.00271,-0.00208,0.48770,0.00000,0.027,-0.027,4
109.9720,0.49691,0.00266,-0.00208,0.49550,0.00000,0.027,-0.027,4
110.0240,0.50471,0.00260,-0.00208,0.50330,0.00000,0.028,-0.026,4
110.0760,0.51250,0.00253,-0.00208,0.51110,0.00000,0.028,-0.026,4
110.1280,0.52028,0.00246,-0.00208,0.51890,0.00000,0.028,-0.026,4
110.1800,0.52804,0.00238,-0.00208,0.52670,0.00000,0.029,-0.026,4
110.2320,0.53581,0.00230,-0.00208,0.53450,0.00000,0.029,-0.026,4
110.2840,0.54356,0.00222,-0.00208,0.54230,0.00000,0.030,-0.026,4
110.3360,0.55132,0.00213,-0.00208,0.55010,0.00000,0.030,-0.026,4
110.3880,0.55907,0.00205,-0.00208,0.55790,0.00000,0.030,-0.026,4
110.4400,0.56681,0.00196,-0.00208,0.56570,0.00000,0.031,-0.026,4
110.4920,0.57456,0.00188,-0.00208,0.57350,0.00000,0.031,-0.026,4
110.5440,0.58231,0.00180,-0.00208,0.58130,0.00000,0.031,-0.026,4
110.5960,0.59005,0.00171,-0.00208,0.58910,0.00000,0.032,-0.026,4
110.6480,0.59780,0.00164,-0.00209,0.59690,0.00000,0.032,-0.026,4
110.7000,0.60555,0.00156,-0.00209,0.60470,0.00000,0.032,-0.026,4
110.7520,0.61330,0.00149,-0.00209,0.61250,0.00000,0.033,-0.026,4
110.8040,0.62105,0.00142,-0.00209,0.62030,0.00000,0.033,-0.026,4
110.8560,0.62881,0.00135,-0.00209,0.62810,0.00000,0.033,-0.026,4
110.9080,0.63657,0.00128,-0.00209,0.63590,0.00000,0.033,-0.026,4
110.9600,0.64433,0.00122,-0.00209,0.64370,0.00000,0.033,-0.026,4
111.0120,0.65209,0.00117,-0.00209,0.65150,0.00000,0.034,-0.026,4
111.0640,0.65985,0.00112,-0.00209,0.65930,0.00000,0.034,-0.026,4
111.1160,0.66762,0.00107,-0.00209,0.66710,0.00000,0.034,-0.026,4
111.1680,0.67539,0.00102,-0.00209,0.67490,0.00000,0.034,-0.026,4
111.2200,0.68316,0.00098,-0.00209,0.68270,0.00000,0.034,-0.026,4
111.2720,0.69094,0.00094,-0.00209,0.69050,0.00000,0.034,-0.026,4
111.3240,0.69872,0.00090,-0.00209,0.69830,0.00000,0.034,-0.026,4
111.3760,0.70649,0.00087,-0.00209,0.70610,0.00000,0.034,-0.026,4
111.4280,0.71428,0.00084,-0.00209,0.71390,0.00000,0.034,-0.026,4
111.4800,0.72206,0.00081,-0.00209,0.72170,0.00000,0.035,-0.026,4
111.5320,0.72985,0.00079,-0.00209,0.72950,0.00000,0.035,-0.026,4
111.5840,0.73763,0.00077,-0.00209,0.73730,0.00000,0.035,-0.026,4
111.6360,0.74542,0.00075,-0.00209,0.74510,0.00000,0.035,-0.026,4
111.6880,0.75321,0.00073,-0.00209,0.75290,0.00000,0.035,-0.026,4
111.7400,0.76101,0.00072,-0.00209,0.76070,0.00000,0.035,-0.026,4
111.7920,0.76880,0.00071,-0.00209,0.76850,0.00000,0.035,-0.026,4
111.8440,0.77659,0.00070,-0.00209,0.77630,0.00000,0.035,-0.026,4
111.8960,0.78439,0.00069,-0.00209,0.78410,0.00000,0.035,-0.026,4
111.9480,0.79218,0.00068,-0.00209,0.79190,0.00000,0.035,-0.026,4
112.0000,0.79998,0.00067,-0.00209,0.79970,0.00000,0.035,-0.026,4
112.0520,0.80778,0.00067,-0.00209,0.80750,0.00000,0.035,-0.026,4
112.1040,0.81558,0.00067,-0.00209,0.81530,0.00000,0.035,-0.026,4
112.1560,0.82338,0.00066,-0.00209,0.82310,0.00000,0.035,-0.026,4
112.2080,0.83118,0.00066,-0.00209,0.83090,0.00000,0.035,-0.026,4
112.2600,0.83898,0.00066,-0.00209,0.83870,0.00000,0.035,-0.026,4
112.3120,0.84678,0.00066,-0.00209,0.84650,0.00000,0.035,-0.026,4
112.3640,0.85458,0.00066,-0.00209,0.85430,0.00000,0.035,-0.026,4
112.4160,0.86238,0.00066,-0.00209,0.86210,0.00000,0.035,-0.026,4
112.4680,0.87018,0.00067,-0.00209,0.86990,0.00000,0.035,-0.026,4
112.5200,0.87798,0.00067,-0.00209,0.87770,0.00000,0.035,-0.026,4
112.5720,0.88578,0.00067,-0.00209,0.88550,0.00000,0.035,-0.026,4
112.6240,0.89359,0.00067,-0.00209,0.89330,0.00000,0.035,-0.026,4
112.6760,0.90139,0.00068,-0.00209,0.90110,0.00000,0.035,-0.026,4
112.7280,0.90919,0.00068,-0.00209,0.90890,0.00000,0.035,-0.026,4
112.7800,0.91699,0.00068,-0.00209,0.91670,0.00000,0.035,-0.026,4
112.8320,0.92479,0.00069,-0.00209,0.92450,0.00000,0.035,-0.026,4
112.8840,0.93259,0.00069,-0.00209,0.93230,0.00000,0.035,-0.026,4
112.9360,0.94039,0.00069,-0.00209,0.94010,0.00000,0.035,-0.026,4
112.9880,0.94820,0.00070,-0.00209,0.94790,0.00000,0.035,-0.026,4
113.0400,0.95600,0.00070,-0.00209,0.95570,0.00000,0.035,-0.026,4
113.0920,0.96380,0.00070,-0.00209,0.96350,0.00000,0.035,-0.026,4
113.1440,0.97160,0.00071,-0.00209,0.97130,0.00000,0.035,-0.026,4
113.1960,0.97940,0.00071,-0.00209,0.97910,0.00000,0.035,-0.026,4
113.2480,0.98720,0.00071,-0.00209,0.98690,0.00000,0.035,-0.026,4
113.3000,0.99500,0.00072,-0.00209,0.99470,0.00000,0.035,-0.026,4
113.3520,1.00280,0.00072,-0.00209,1.00000,0.00250,0.035,-0.026,4
113.4040,1.00994,0.00121,-0.00209,1.00000,0.01030,1.091,-0.012,4
113.4560,1.01594,0.00259,-0.00209,1.00000,0.01810,3.939,-0.003,4
113.5080,1.02090,0.00484,-0.00208,1.00000,0.02590,7.466,-0.008,4
113.5600,1.02484,0.00787,-0.00208,1.00000,0.03370,11.066,-0.011,4
113.6120,1.02788,0.01161,-0.00208,1.00000,0.04150,14.653,-0.010,4
113.6640,1.03013,0.01598,-0.00208,1.00000,0.04930,18.177,-0.009,4
113.7160,1.03172,0.02092,-0.00208,1.00000,0.05710,21.635,-0.008,4
113.7680,1.03278,0.02638,-0.00208,1.00000,0.06490,25.035,-0.007,4
113.8200,1.03340,0.03233,-0.00208,1.00000,0.07270,28.385,-0.007,4
113.8720,1.03366,0.03873,-0.00208,1.00000,0.08050,31.694,-0.008,4
113.9240,1.03365,0.04557,-0.00207,1.00000,0.08830,34.968,-0.008,4
113.9760,1.03342,0.05282,-0.00207,1.00000,0.09610,38.214,-0.010,4
114.0280,1.03301,0.06045,-0.00207,1.00000,0.10390,41.436,-0.013,4
114.0800,1.03245,0.06845,-0.00207,1.00000,0.11170,44.638,-0.016,4
114.1320,1.03177,0.07680,-0.00207,1.00000,0.11950,47.825,-0.020,4
114.1840,1.03098,0.08548,-0.00207,1.00000,0.12730,50.998,-0.024,4
114.2360,1.03009,0.09445,-0.00207,1.00000,0.13510,54.160,-0.030,4
114.2880,1.02910,0.10369,-0.00207,1.00000,0.14290,57.315,-0.036,4
114.3400,1.02801,0.11317,-0.00207,1.00000,0.15070,60.463,-0.042,4
114.3920,1.02681,0.12286,-0.00207,1.00000,0.15850,63.607,-0.049,4
114.4440,1.02552,0.13273,-0.00207,1.00000,0.16630,66.748,-0.056,4
114.4960,1.02412,0.14273,-0.00207,1.00000,0.17410,69.889,-0.063,4
114.5480,1.02262,0.15284,-0.00207,1.00000,0.18190,73.031,-0.070,4
114.6000,1.02102,0.16301,-0.00207,1.00000,0.18970,76.174,-0.076,4
114.6520,1.01933,0.17320,-0.00207,1.00000,0.19750,79.321,-0.083,4
114.7040,1.01754,0.18339,-0.00207,1.00000,0.20530,82.471,-0.089,4
114.7560,1.01568,0.19353,-0.00207,1.00000,0.21310,85.601,-0.094,4
114.8080,1.01376,0.20359,-0.00206,1.00000,0.22090,88.434,-0.099,4
114.8600,1.01186,0.21353,-0.00206,1.00000,0.22870,89.707,-0.104,4
114.9120,1.01005,0.22330,-0.00206,1.00000,0.23650,89.907,-0.108,4
114.9640,1.00838,0.23291,-0.00206,1.00000,0.24430,89.950,-0.111,4
115.0160,1.00685,0.24237,-0.00206,1.00000,0.25210,89.979,-0.114,4
115.0680,1.00546,0.25169,-0.00206,1.00000,0.25990,89.992,-0.117,4
115.1200,1.00419,0.26088,-0.00205,1.00000,0.26770,89.999,-0.119,4
115.1720,1.00306,0.26993,-0.00205,1.00000,0.27550,90.005,-0.120,4
115.2240,1.00204,0.27886,-0.00205,1.00000,0.28330,90.009,-0.122,4
115.2760,1.00114,0.28767,-0.00205,1.00000,0.29110,90.011,-0.123,4
115.3280,1.00034,0.29638,-0.00205,1.00000,0.29890,90.013,-0.123,4
115.3800,0.99964,0.30497,-0.00205,1.00000,0.30670,90.013,-0.124,4
115.4320,0.99903,0.31347,-0.00205,1.00000,0.31450,90.014,-0.124,4
115.4840,0.99850,0.32189,-0.00205,1.00000,0.32230,90.013,-0.124,4
115.5360,0.99806,0.33021,-0.00205,1.00000,0.33010,90.013,-0.124,4
115.5880,0.99768,0.33846,-0.00205,1.00000,0.33790,90.012,-0.124,4
115.6400,0.99738,0.34664,-0.00206,1.00000,0.34570,90.011,-0.124,4
115.6920,0.99713,0.35476,-0.00206,1.00000,0.35350,90.010,-0.123,4
115.7440,0.99694,0.36282,-0.00206,1.00000,0.36130,90.008,-0.123,4
115.7960,0.99680,0.37083,-0.00206,1.00000,0.36910,90.007,-0.123,4
115.8480,0.99670,0.37879,-0.00206,1.00000,0.37690,90.006,-0.122,4
115.9000,0.99664,0.38671,-0.00206,1.00000,0.38470,90.005,-0.122,4
115.9520,0.99661,0.39459,-0.00206,1.00000,0.39250,90.003,-0.121,4
116.0040,0.99662,0.40245,-0.00206,1.00000,0.40030,90.002,-0.121,4
116.0560,0.99666,0.41027,-0.00206,1.00000,0.40810,90.001,-0.121,4
116.1080,0.99671,0.41808,-0.00207,1.00000,0.41590,90.000,-0.120,4
116.1600,0.99679,0.42586,-0.00207,1.00000,0.42370,89.999,-0.120,4
116.2120,0.99688,0.43362,-0.00207,1.00000,0.43150,89.998,-0.119,4
116.2640,0.99699,0.44137,-0.00207,1.00000,0.43930,89.997,-0.119,4
116.3160,0.99711,0.44911,-0.00207,1.00000,0.44710,89.997,-0.119,4
116.3680,0.99724,0.45684,-0.00207,1.00000,0.45490,89.996,-0.119,4
116.4200,0.99737,0.46457,-0.00207,1.00000,0.46270,89.995,-0.118,4
116.4720,0.99751,0.47229,-0.00207,1.00000,0.47050,89.995,-0.118,4
116.5240,0.99765,0.48000,-0.00208,1.00000,0.47830,89.994,-0.118,4
116.5760,0.99780,0.48772,-0.00208,1.00000,0.48610,89.994,-0.118,4
116.6280,0.99794,0.49543,-0.00208,1.00000,0.49390,89.994,-0.118,4
116.6800,0.99808,0.50314,-0.00208,1.00000,0.50170,89.994,-0.117,4
116.7320,0.99823,0.51086,-0.00208,1.00000,0.50950,89.993,-0.117,4
116.7840,0.99836,0.51858,-0.00208,1.00000,0.51730,89.993,-0.117,4
116.8360,0.99850,0.52629,-0.00208,1.00000,0.52510,89.993,-0.117,4
116.8880,0.99863,0.53402,-0.00208,1.00000,0.53290,89.993,-0.117,4
116.9400,0.99876,0.54174,-0.00208,1.00000,0.54070,89.993,-0.117,4
116.9920,0.99888,0.54947,-0.00208,1.00000,0.54850,89.993,-0.117,4
117.0440,0.99899,0.55721,-0.00208,1.00000,0.55630,89.993,-0.117,4
117.0960,0.99910,0.56494,-0.00208,1.00000,0.56410,89.993,-0.117,4
117.1480,0.99920,0.57269,-0.00208,1.00000,0.57190,89.993,-0.117,4
117.2000,0.99930,0.58043,-0.00208,1.00000,0.57970,89.993,-0.117,4
117.2520,0.99939,0.58818,-0.00209,1.00000,0.58750,89.993,-0.117,4
117.3040,0.99948,0.59594,-0.00209,1.00000,0.59530,89.993,-0.117,4
117.3560,0.99956,0.60369,-0.00209,1.00000,0.60310,89.993,-0.117,4
117.4080,0.99963,0.61146,-0.00209,1.00000,0.61090,89.993,-0.117,4
117.4600,0.99970,0.61922,-0.00209,1.00000,0.61870,89.994,-0.117,4
117.5120,0.99976,0.62699,-0.00209,1.00000,0.62650,89.994,-0.117,4
117.5640,0.99982,0.63476,-0.00209,1.00000,0.63430,89.994,-0.117,4
117.6160,0.99987,0.64254,-0.00209,1.00000,0.64210,89.994,-0.117,4
117.6680,0.99992,0.65032,-0.00209,1.00000,0.64990,89.994,-0.117,4
117.7200,0.99996,0.65810,-0.00209,1.00000,0.65770,89.994,-0.117,4
117.7720,1.00000,0.66588,-0.00209,1.00000,0.66550,89.994,-0.117,4
117.8240,1.00004,0.67367,-0.00209,1.00000,0.67330,89.994,-0.117,4
117.8760,1.00007,0.68146,-0.00209,1.00000,0.68110,89.995,-0.117,4
117.9280,1.00009,0.68925,-0.00209,1.00000,0.68890,89.995,-0.117,4
117.9800,1.00012,0.69704,-0.00209,1.00000,0.69670,89.995,-0.117,4
118.0320,1.00014,0.70483,-0.00209,1.00000,0.70450,89.995,-0.117,4
118.0840,1.00015,0.71263,-0.00209,1.00000,0.71230,89.995,-0.117,4
118.1360,1.00017,0.72042,-0.00209,1.00000,0.72010,89.995,-0.117,4
118.1880,1.00018,0.72822,-0.00209,1.00000,0.72790,89.995,-0.117,4
118.2400,1.00019,0.73602,-0.00209,1.00000,0.73570,89.995,-0.117,4
118.2920,1.00020,0.74382,-0.00209,1.00000,0.74350,89.995,-0.117,4
118.3440,1.00020,0.75162,-0.00209,1.00000,0.75130,89.995,-0.117,4
118.3960,1.00021,0.75942,-0.00209,1.00000,0.75910,89.996,-0.117,4
118.4480,1.00021,0.76722,-0.00209,1.00000,0.76690,89.996,-0.117,4
118.5000,1.00021,0.77502,-0.00209,1.00000,0.77470,89.996,-0.117,4
118.5520,1.00021,0.78282,-0.00209,1.00000,0.78250,89.996,-0.117,4
118.6040,1.00021,0.79062,-0.00209,1.00000,0.79030,89.996,-0.117,4
118.6560,1.00021,0.79842,-0.00209,1.00000,0.79810,89.996,-0.117,4
118.7080,1.00021,0.80623,-0.00209,1.00000,0.80590,89.996,-0.117,4
118.7600,1.00020,0.81403,-0.00209,1.00000,0.81370,89.996,-0.117,4
118.8120,1.00020,0.82183,-0.00209,1.00000,0.82150,89.996,-0.117,4
118.8640,1.00019,0.82963,-0.00209,1.00000,0.82930,89.996,-0.117,4
118.9160,1.00019,0.83744,-0.00209,1.00000,0.83710,89.996,-0.117,4
118.9680,1.00018,0.84524,-0.00209,1.00000,0.84490,89.996,-0.117,4
119.0200,1.00018,0.85304,-0.00209,1.00000,0.85270,89.996,-0.117,4
119.0720,1.00017,0.86084,-0.00209,1.00000,0.86050,89.996,-0.117,4
119.1240,1.00017,0.86865,-0.00209,1.00000,0.86830,89.996,-0.117,4
119.1760,1.00016,0.87645,-0.00209,1.00000,0.87610,89.996,-0.117,4
119.2280,1.00016,0.88425,-0.00209,1.00000,0.88390,89.996,-0.117,4
119.2800,1.00015,0.89205,-0.00209,1.00000,0.89170,89.996,-0.117,4
119.3320,1.00015,0.89985,-0.00209,1.00000,0.89950,89.996,-0.117,4
119.3840,1.00014,0.90766,-0.00209,1.00000,0.90730,89.996,-0.117,4
119.4360,1.00014,0.91546,-0.00209,1.00000,0.91510,89.996,-0.117,4
119.4880,1.00013,0.92326,-0.00209,1.00000,0.92290,89.996,-0.117,4
119.5400,1.00013,0.93106,-0.00209,1.00000,0.93070,89.996,-0.117,4
119.5920,1.00013,0.93886,-0.00209,1.00000,0.93850,89.996,-0.117,4
119.6440,1.00012,0.94666,-0.00209,1.00000,0.94630,89.996,-0.117,4
119.6960,1.00012,0.95446,-0.00209,1.00000,0.95410,89.996,-0.117,4
119.7480,1.00011,0.96226,-0.00209,1.00000,0.96190,89.996,-0.117,4
119.8000,1.00011,0.97006,-0.00209,1.00000,0.96970,89.996,-0.117,4
119.8520,1.00011,0.97787,-0.00209,1.00000,0.97750,89.996,-0.117,4
119.9040,1.00010,0.98567,-0.00209,1.00000,0.98530,89.996,-0.117,4
119.9560,1.00010,0.99347,-0.00209,1.00000,0.99310,89.996,-0.117,4
120.0080,1.00010,1.00127,-0.00209,0.99910,1.00000,89.996,-0.117,4
120.0600,1.00008,1.00904,-0.00209,0.99130,1.00000,90.025,-0.117,4
120.1120,0.99941,1.01590,-0.00209,0.98350,1.00000,91.437,-0.101,4
120.1640,0.99769,1.02154,-0.00209,0.97570,1.00000,94.690,-0.097,4
120.2160,0.99490,1.02615,-0.00209,0.96790,1.00000,98.453,-0.107,4
120.2680,0.99116,1.02986,-0.00208,0.96010,1.00000,102.262,-0.116,4
120.3200,0.98658,1.03281,-0.00208,0.95230,1.00000,106.014,-0.121,4
120.3720,0.98126,1.03511,-0.00208,0.94450,1.00000,109.675,-0.125,4
120.4240,0.97528,1.03685,-0.00208,0.93670,1.00000,113.249,-0.127,4
120.4760,0.96870,1.03811,-0.00208,0.92890,1.00000,116.745,-0.128,4
120.5280,0.96158,1.03898,-0.00208,0.92110,1.00000,120.177,-0.128,4
120.5800,0.95397,1.03950,-0.00208,0.91330,1.00000,123.557,-0.128,4
120.6320,0.94591,1.03973,-0.00208,0.90550,1.00000,126.894,-0.126,4
120.6840,0.93745,1.03971,-0.00208,0.89770,1.00000,130.196,-0.125,4
120.7360,0.92863,1.03947,-0.00208,0.88990,1.00000,133.470,-0.123,4
120.7880,0.91948,1.03904,-0.00208,0.88210,1.00000,136.721,-0.122,4
120.8400,0.91004,1.03844,-0.00208,0.87430,1.00000,139.954,-0.120,4
120.8920,0.90036,1.03768,-0.00208,0.86650,1.00000,143.173,-0.118,4
120.9440,0.89047,1.03677,-0.00208,0.85870,1.00000,146.382,-0.115,4
120.9960,0.88040,1.03572,-0.00208,0.85090,1.00000,149.583,-0.113,4
121.0480,0.87020,1.03454,-0.00208,0.84310,1.00000,152.779,-0.110,4
121.1000,0.85991,1.03323,-0.00208,0.83530,1.00000,155.974,-0.108,4
121.1520,0.84956,1.03180,-0.00208,0.82750,1.00000,159.169,-0.104,4
121.2040,0.83919,1.03026,-0.00208,0.81970,1.00000,162.367,-0.101,4
121.2560,0.82883,1.02860,-0.00208,0.81190,1.00000,165.572,-0.097,4
121.3080,0.81853,1.02684,-0.00208,0.80410,1.00000,168.786,-0.093,4
121.3600,0.80830,1.02498,-0.00208,0.79630,1.00000,172.009,-0.088,4
121.4120,0.79819,1.02304,-0.00208,0.78850,1.00000,175.210,-0.083,4
121.4640,0.78820,1.02103,-0.00208,0.78070,1.00000,178.033,-0.078,4
121.5160,0.77834,1.01898,-0.00208,0.77290,1.00000,179.196,-0.075,4
121.5680,0.76865,1.01692,-0.00208,0.76510,1.00000,179.452,-0.069,4
121.6200,0.75918,1.01493,-0.00208,0.75730,1.00000,179.572,-0.061,4
121.6720,0.74994,1.01306,-0.00208,0.74950,1.00000,179.661,-0.054,4
121.7240,0.74090,1.01132,-0.00208,0.74170,1.00000,179.721,-0.047,4
121.7760,0.73205,1.00971,-0.00208,0.73390,1.00000,179.768,-0.041,4
121.8280,0.72338,1.00822,-0.00208,0.72610,1.00000,179.806,-0.036,4
121.8800,0.71486,1.00685,-0.00208,0.71830,1.00000,179.836,-0.032,4
121.9320,0.70649,1.00560,-0.00208,0.71050,1.00000,179.860,-0.028,4
121.9840,0.69825,1.00447,-0.00209,0.70270,1.00000,179.880,-0.024,4
122.0360,0.69011,1.00344,-0.00209,0.69490,1.00000,179.895,-0.021,4
122.0880,0.68208,1.00252,-0.00209,0.68710,1.00000,179.907,-0.018,4
122.1400,0.67414,1.00170,-0.00209,0.67930,1.00000,179.917,-0.016,4
122.1920,0.66627,1.00097,-0.00209,0.67150,1.00000,179.925,-0.013,4
122.2440,0.65847,1.00032,-0.00209,0.66370,1.00000,179.931,-0.012,4
122.2960,0.65072,0.99976,-0.00209,0.65590,1.00000,179.936,-0.010,4
122.3480,0.64302,0.99928,-0.00209,0.64810,1.00000,179.939,-0.008,4
122.4000,0.63536,0.99886,-0.00210,0.64030,1.00000,179.942,-0.007,4
122.4520,0.62772,0.99852,-0.00210,0.63250,1.00000,179.945,-0.006,4
122.5040,0.62012,0.99823,-0.00210,0.62470,1.00000,179.947,-0.005,4
122.5560,0.61253,0.99800,-0.00210,0.61690,1.00000,179.948,-0.004,4
122.6080,0.60495,0.99781,-0.00210,0.60910,1.00000,179.949,-0.003,4
122.6600,0.59739,0.99768,-0.00210,0.60130,1.00000,179.950,-0.003,4
122.7120,0.58983,0.99758,-0.00210,0.59350,1.00000,179.951,-0.002,4
122.7640,0.58227,0.99752,-0.00210,0.58570,1.00000,179.951,-0.001,4
122.8160,0.57471,0.99750,-0.00210,0.57790,1.00000,179.952,-0.001,4
122.8680,0.56714,0.99750,-0.00210,0.57010,1.00000,179.953,-0.001,4
122.9200,0.55957,0.99753,-0.00210,0.56230,1.00000,179.953,-0.000,4
122.9720,0.55199,0.99758,-0.00210,0.55450,1.00000,179.953,0.000,4
123.0240,0.54441,0.99765,-0.00210,0.54670,1.00000,179.954,0.000,4
123.0760,0.53681,0.99773,-0.00210,0.53890,1.00000,179.954,0.001,4
123.1280,0.52920,0.99783,-0.00210,0.53110,1.00000,179.954,0.001,4
123.1800,0.52158,0.99794,-0.00210,0.52330,1.00000,179.955,0.001,4
123.2320,0.51395,0.99806,-0.00210,0.51550,1.00000,179.955,0.001,4
123.2840,0.50631,0.99818,-0.00210,0.50770,1.00000,179.956,0.001,4
123.3360,0.49866,0.99831,-0.00210,0.49990,1.00000,179.956,0.001,4
123.3880,0.49099,0.99844,-0.00210,0.49210,1.00000,179.957,0.001,4
123.4400,0.48331,0.99857,-0.00210,0.48430,1.00000,179.957,0.002,4
123.4920,0.47562,0.99871,-0.00210,0.47650,1.00000,179.957,0.002,4
123.5440,0.46793,0.99884,-0.00210,0.46870,1.00000,179.958,0.002,4
123.5960,0.46022,0.99897,-0.00210,0.46090,1.00000,179.958,0.002,4
123.6480,0.45250,0.99910,-0.00210,0.45310,1.00000,179.959,0.002,4
123.7000,0.44477,0.99923,-0.00209,0.44530,1.00000,179.959,0.002,4
123.7520,0.43704,0.99935,-0.00209,0.43750,1.00000,179.960,0.002,4
123.8040,0.42929,0.99947,-0.00209,0.42970,1.00000,179.960,0.002,4
123.8560,0.42154,0.99958,-0.00209,0.42190,1.00000,179.960,0.002,4
123.9080,0.41378,0.99969,-0.00209,0.41410,1.00000,179.961,0.002,4
123.9600,0.40602,0.99979,-0.00209,0.40630,1.00000,179.961,0.002,4
124.0120,0.39825,0.99989,-0.00209,0.39850,1.00000,179.962,0.002,4
124.0640,0.39047,0.99998,-0.00209,0.39070,1.00000,179.962,0.002,4
124.1160,0.38269,1.00007,-0.00209,0.38290,1.00000,179.962,0.002,4
124.1680,0.37491,1.00015,-0.00209,0.37510,1.00000,179.963,0.002,4
124.2200,0.36712,1.00023,-0.00209,0.36730,1.00000,179.963,0.002,4
124.2720,0.35933,1.00030,-0.00209,0.35950,1.00000,179.963,0.002,4
124.3240,0.35154,1.00036,-0.00209,0.35170,1.00000,179.963,0.002,4
124.3760,0.34374,1.00043,-0.00209,0.34390,1.00000,179.964,0.002,4
124.4280,0.33594,1.00048,-0.00209,0.33610,1.00000,179.964,0.002,4
124.4800,0.32814,1.00053,-0.00209,0.32830,1.00000,179.964,0.002,4
124.5320,0.32034,1.00058,-0.00209,0.32050,1.00000,179.964,0.002,4
124.5840,0.31254,1.00062,-0.00209,0.31270,1.00000,179.964,0.002,4
124.6360,0.30473,1.00066,-0.00209,0.30490,1.00000,179.965,0.002,4
124.6880,0.29693,1.00069,-0.00209,0.29710,1.00000,179.965,0.002,4
124.7400,0.28912,1.00072,-0.00209,0.28930,1.00000,179.965,0.002,4
124.7920,0.28132,1.00074,-0.00209,0.28150,1.00000,179.965,0.002,4
124.8440,0.27351,1.00077,-0.00209,0.27370,1.00000,179.965,0.002,4
124.8960,0.26570,1.00079,-0.00209,0.26590,1.00000,179.965,0.002,4
124.9480,0.25790,1.00080,-0.00209,0.25810,1.00000,179.965,0.002,4
125.0000,0.25009,1.00082,-0.00209,0.25030,1.00000,179.965,0.002,4
125.0520,0.24228,1.00083,-0.00209,0.24250,1.00000,179.965,0.002,4
125.1040,0.23447,1.00084,-0.00209,0.23470,1.00000,179.965,0.002,4
125.1560,0.22667,1.00085,-0.00209,0.22690,1.00000,179.966,0.002,4
125.2080,0.21886,1.00086,-0.00209,0.21910,1.00000,179.966,0.002,4
125.2600,0.21105,1.00086,-0.00209,0.21130,1.00000,179.966,0.002,4
125.3120,0.20325,1.00086,-0.00209,0.20350,1.00000,179.966,0.002,4
125.3640,0.19544,1.00087,-0.00209,0.19570,1.00000,179.966,0.002,4
125.4160,0.18764,1.00087,-0.00209,0.18790,1.00000,179.966,0.002,4
125.4680,0.17983,1.00087,-0.00209,0.18010,1.00000,179.966,0.002,4
125.5200,0.17203,1.00086,-0.00209,0.17230,1.00000,179.966,0.002,4
125.5720,0.16422,1.00086,-0.00209,0.16450,1.00000,179.966,0.002,4
125.6240,0.15642,1.00086,-0.00209,0.15670,1.00000,179.966,0.002,4
125.6760,0.14862,1.00086,-0.00209,0.14890,1.00000,179.966,0.002,4
125.7280,0.14081,1.00085,-0.00209,0.14110,1.00000,179.966,0.002,4
125.7800,0.13301,1.00085,-0.00209,0.13330,1.00000,179.966,0.002,4
125.8320,0.12521,1.00084,-0.00209,0.12550,1.00000,179.966,0.002,4
125.8840,0.11741,1.00084,-0.00209,0.11770,1.00000,179.966,0.002,4
125.9360,0.10960,1.00083,-0.00209,0.10990,1.00000,179.966,0.002,4
125.9880,0.10180,1.00083,-0.00209,0.10210,1.00000,179.965,0.002,4
126.0400,0.09400,1.00082,-0.00209,0.09430,1.00000,179.965,0.002,4
126.0920,0.08620,1.00082,-0.00209,0.08650,1.00000,179.965,0.002,4
126.1440,0.07840,1.00082,-0.00209,0.07870,1.00000,179.965,0.002,4
126.1960,0.07060,1.00081,-0.00209,0.07090,1.00000,179.965,0.002,4
126.2480,0.06280,1.00081,-0.00209,0.06310,1.00000,179.965,0.002,4
126.3000,0.05499,1.00080,-0.00209,0.05530,1.00000,179.965,0.002,4
126.3520,0.04719,1.00080,-0.00209,0.04750,1.00000,179.965,0.002,4
126.4040,0.03939,1.00079,-0.00209,0.03970,1.00000,179.965,0.002,4
126.4560,0.03159,1.00079,-0.00209,0.03190,1.00000,179.965,0.002,4
126.5080,0.02379,1.00078,-0.00209,0.02410,1.00000,179.965,0.002,4
126.5600,0.01599,1.00078,-0.00209,0.01630,1.00000,179.965,0.002,4
126.6120,0.00819,1.00078,-0.00209,0.00850,1.00000,179.965,0.002,4
126.6640,0.00039,1.00077,-0.00209,0.00070,1.00000,179.965,0.002,4
126.7160,-0.00734,1.00072,-0.00209,0.00000,0.99290,-179.948,0.003,4
126.7680,-0.01398,0.99995,-0.00209,0.00000,0.98510,-178.295,0.020,4
126.8200,-0.01913,0.99791,-0.00209,0.00000,0.97730,-174.939,0.029,4
126.8720,-0.02326,0.99497,-0.00208,0.00000,0.96950,-171.305,0.010,4
126.9240,-0.02657,0.99123,-0.00208,0.00000,0.96170,-167.606,-0.005,4
126.9760,-0.02919,0.98677,-0.00207,0.00000,0.95390,-163.961,-0.014,4
127.0280,-0.03124,0.98166,-0.00207,0.00000,0.94610,-160.393,-0.021,4
127.0800,-0.03280,0.97596,-0.00207,0.00000,0.93830,-156.896,-0.026,4
127.1320,-0.03395,0.96973,-0.00206,0.00000,0.93050,-153.462,-0.029,4
127.1840,-0.03477,0.96302,-0.00206,0.00000,0.92270,-150.080,-0.031,4
127.2360,-0.03530,0.95586,-0.00206,0.00000,0.91490,-146.742,-0.032,4
127.2880,-0.03559,0.94830,-0.00206,0.00000,0.90710,-143.441,-0.031,4
127.3400,-0.03569,0.94038,-0.00206,0.00000,0.89930,-140.171,-0.030,4
127.3920,-0.03563,0.93212,-0.00206,0.00000,0.89150,-136.927,-0.028,4
127.4440,-0.03543,0.92357,-0.00205,0.00000,0.88370,-133.706,-0.026,4
127.4960,-0.03510,0.91475,-0.00205,0.00000,0.87590,-130.504,-0.023,4
127.5480,-0.03467,0.90569,-0.00205,0.00000,0.86810,-127.318,-0.020,4
127.6000,-0.03413,0.89643,-0.00205,0.00000,0.86030,-124.146,-0.016,4
127.6520,-0.03350,0.88700,-0.00205,0.00000,0.85250,-120.987,-0.012,4
127.7040,-0.03277,0.87742,-0.00205,0.00000,0.84470,-117.838,-0.008,4
127.7560,-0.03195,0.86773,-0.00205,0.00000,0.83690,-114.699,-0.004,4
127.8080,-0.03103,0.85797,-0.00205,0.00000,0.82910,-111.569,-0.000,4
127.8600,-0.03001,0.84815,-0.00205,0.00000,0.82130,-108.446,0.003,4
127.9120,-0.02890,0.83830,-0.00205,0.00000,0.81350,-105.331,0.007,4
127.9640,-0.02768,0.82845,-0.00206,0.00000,0.80570,-102.223,0.011,4
128.0160,-0.02636,0.81862,-0.00206,0.00000,0.79790,-99.123,0.015,4
128.0660,-0.02500,0.80921,-0.00206,0.00000,0.79040,-96.153,0.018,4
128.1160,-0.02354,0.79985,-0.00206,0.00000,0.78290,-93.240,0.020,4
128.1660,-0.02197,0.79057,-0.00206,0.00000,0.77540,-90.748,0.023,4
128.2160,-0.02030,0.78139,-0.00206,0.00000,0.76790,-89.855,0.026,4
128.2660,-0.01852,0.77237,-0.00206,0.00000,0.76040,-89.776,0.030,4
128.3160,-0.01674,0.76347,-0.00206,0.00000,0.75290,-89.796,0.033,4
128.3660,-0.01505,0.75466,-0.00206,0.00000,0.74540,-89.818,0.034,4
128.4160,-0.01344,0.74594,-0.00206,0.00000,0.73790,-89.848,0.035,4
128.4660,-0.01193,0.73732,-0.00207,0.00000,0.73040,-89.876,0.036,4
128.5160,-0.01052,0.72878,-0.00207,0.00000,0.72290,-89.899,0.036,4
128.5660,-0.00920,0.72033,-0.00207,0.00000,0.71540,-89.919,0.037,4
128.6160,-0.00797,0.71197,-0.00207,0.00000,0.70790,-89.935,0.037,4
128.6660,-0.00683,0.70369,-0.00207,0.00000,0.70040,-89.949,0.038,4
128.7160,-0.00578,0.69548,-0.00207,0.00000,0.69290,-89.960,0.038,4
128.7660,-0.00481,0.68735,-0.00207,0.00000,0.68540,-89.970,0.038,4
128.8160,-0.00392,0.67929,-0.00208,0.00000,0.67790,-89.978,0.039,4
128.8660,-0.00311,0.67129,-0.00208,0.00000,0.67040,-89.985,0.039,4
128.9160,-0.00238,0.66335,-0.00208,0.00000,0.66290,-89.990,0.039,4
128.9660,-0.00172,0.65547,-0.00208,0.00000,0.65540,-89.995,0.039,4
129.0160,-0.00112,0.64764,-0.00208,0.00000,0.64790,-89.998,0.039,4
129.0660,-0.00059,0.63986,-0.00208,0.00000,0.64040,-90.001,0.039,4
129.1160,-0.00011,0.63212,-0.00208,0.00000,0.63290,-90.003,0.039,4
129.1660,0.00030,0.62443,-0.00208,0.00000,0.62540,-90.005,0.040,4
129.2160,0.00067,0.61677,-0.00208,0.00000,0.61790,-90.007,0.040,4
129.2660,0.00098,0.60914,-0.00208,0.00000,0.61040,-90.008,0.040,4
129.3160,0.00125,0.60154,-0.00208,0.00000,0.60290,-90.008,0.040,4
129.3660,0.00148,0.59396,-0.00209,0.00000,0.59540,-90.009,0.040,4
129.4160,0.00168,0.58641,-0.00209,0.00000,0.58790,-90.009,0.040,4
129.4660,0.00183,0.57888,-0.00209,0.00000,0.58040,-90.009,0.040,4
129.5160,0.00196,0.57137,-0.00209,0.00000,0.57290,-90.009,0.040,4
129.5660,0.00205,0.56387,-0.00209,0.00000,0.56540,-90.009,0.040,4
129.6160,0.00212,0.55638,-0.00209,0.00000,0.55790,-90.008,0.040,4
129.6660,0.00217,0.54890,-0.00209,0.00000,0.55040,-90.008,0.040,4
129.7160,0.00219,0.54144,-0.00209,0.00000,0.54290,-90.008,0.040,4
129.7660,0.00220,0.53398,-0.00209,0.00000,0.53540,-90.007,0.040,4
129.8160,0.00219,0.52653,-0.00209,0.00000,0.52790,-90.007,0.040,4
129.8660,0.00216,0.51908,-0.00209,0.00000,0.52040,-90.006,0.040,4
129.9160,0.00212,0.51163,-0.00209,0.00000,0.51290,-90.005,0.040,4
129.9660,0.00208,0.50419,-0.00209,0.00000,0.50540,-90.005,0.040,4
130.0160,0.00202,0.49674,-0.00209,0.00000,0.49790,-90.004,0.040,4
130.0660,0.00196,0.48930,-0.00209,0.00000,0.49040,-90.004,0.040,4
130.1160,0.00189,0.48186,-0.00209,0.00000,0.48290,-90.003,0.040,4
130.1660,0.00181,0.47442,-0.00209,0.00000,0.47540,-90.003,0.040,4
130.2160,0.00173,0.46697,-0.00209,0.00000,0.46790,-90.002,0.040,4
130.2660,0.00165,0.45953,-0.00209,0.00000,0.46040,-90.002,0.040,4
130.3160,0.00157,0.45208,-0.00209,0.00000,0.45290,-90.001,0.040,4
130.3660,0.00148,0.44463,-0.00209,0.00000,0.44540,-90.001,0.040,4
130.4160,0.00140,0.43718,-0.00209,0.00000,0.43790,-90.000,0.040,4
130.4660,0.00131,0.42972,-0.00209,0.00000,0.43040,-90.000,0.040,4
130.5160,0.00123,0.42227,-0.00209,0.00000,0.42290,-89.999,0.040,4
130.5660,0.00115,0.41481,-0.00209,0.00000,0.41540,-89.999,0.040,4
130.6160,0.00107,0.40734,-0.00209,0.00000,0.40790,-89.998,0.040,4
130.6660,0.00099,0.39988,-0.00209,0.00000,0.40040,-89.998,0.040,4
130.7160,0.00092,0.39241,-0.00209,0.00000,0.39290,-89.998,0.040,4
130.7660,0.00085,0.38494,-0.00209,0.00000,0.38540,-89.998,0.040,4
130.8160,0.00078,0.37747,-0.00209,0.00000,0.37790,-89.997,0.040,4
130.8660,0.00071,0.36999,-0.00209,0.00000,0.37040,-89.997,0.040,4
130.9160,0.00065,0.36251,-0.00209,0.00000,0.36290,-89.997,0.040,4
130.9660,0.00059,0.35503,-0.00209,0.00000,0.35540,-89.997,0.040,4
131.0160,0.00053,0.34755,-0.00209,0.00000,0.34790,-89.996,0.040,4
131.0660,0.00048,0.34006,-0.00209,0.00000,0.34040,-89.996,0.040,4
131.1160,0.00043,0.33258,-0.00209,0.00000,0.33290,-89.996,0.040,4
131.1660,0.00039,0.32509,-0.00209,0.00000,0.32540,-89.996,0.040,4
131.2160,0.00035,0.31760,-0.00209,0.00000,0.31790,-89.996,0.040,4
131.2660,0.00031,0.31011,-0.00209,0.00000,0.31040,-89.996,0.040,4
131.3160,0.00027,0.30261,-0.00209,0.00000,0.30290,-89.996,0.040,4
131.3660,0.00024,0.29512,-0.00209,0.00000,0.29540,-89.996,0.040,4
131.4160,0.00021,0.28763,-0.00209,0.00000,0.28790,-89.996,0.040,4
131.4660,0.00018,0.28013,-0.00209,0.00000,0.28040,-89.995,0.040,4
131.5160,0.00016,0.27263,-0.00209,0.00000,0.27290,-89.995,0.040,4
131.5660,0.00013,0.26513,-0.00209,0.00000,0.26540,-89.995,0.040,4
131.6160,0.00011,0.25764,-0.00209,0.00000,0.25790,-89.995,0.040,4
131.6660,0.00010,0.25014,-0.00209,0.00000,0.25040,-89.995,0.040,4
131.7160,0.00008,0.24264,-0.00209,0.00000,0.24290,-89.995,0.040,4
131.7660,0.00007,0.23514,-0.00209,0.00000,0.23540,-89.995,0.040,4
131.8160,0.00005,0.22764,-0.00209,0.00000,0.22790,-89.995,0.040,4
131.8660,0.00004,0.22014,-0.00209,0.00000,0.22040,-89.995,0.040,4
131.9160,0.00004,0.21264,-0.00209,0.00000,0.21290,-89.995,0.040,4
131.9660,0.00003,0.20513,-0.00209,0.00000,0.20540,-89.995,0.040,4
132.0160,0.00002,0.19763,-0.00209,0.00000,0.19790,-89.995,0.040,4
132.0660,0.00002,0.19013,-0.00209,0.00000,0.19040,-89.995,0.040,4
132.1160,0.00001,0.18263,-0.00209,0.00000,0.18290,-89.995,0.040,4
132.1660,0.00001,0.17513,-0.00209,0.00000,0.17540,-89.995,0.040,4
132.2160,0.00001,0.16763,-0.00209,0.00000,0.16790,-89.995,0.040,4
132.2660,0.00001,0.16012,-0.00209,0.00000,0.16040,-89.995,0.040,4
132.3160,0.00001,0.15262,-0.00209,0.00000,0.15290,-89.995,0.040,4
132.3660,0.00001,0.14512,-0.00209,0.00000,0.14540,-89.995,0.040,4
132.4160,0.00001,0.13762,-0.00209,0.00000,0.13790,-89.995,0.040,4
132.4660,0.00001,0.13012,-0.00209,0.00000,0.13040,-89.995,0.040,4
132.5160,0.00001,0.12262,-0.00209,0.00000,0.12290,-89.995,0.040,4
132.5660,0.00001,0.11511,-0.00209,0.00000,0.11540,-89.996,0.040,4
132.6160,0.00002,0.10761,-0.00209,0.00000,0.10790,-89.996,0.040,4
132.6660,0.00002,0.10011,-0.00209,0.00000,0.10040,-89.996,0.040,4
132.7160,0.00002,0.09261,-0.00209,0.00000,0.09290,-89.996,0.040,4
132.7660,0.00002,0.08511,-0.00209,0.00000,0.08540,-89.996,0.040,4
132.8160,0.00003,0.07761,-0.00209,0.00000,0.07790,-89.996,0.040,4
132.8660,0.00003,0.07011,-0.00209,0.00000,0.07040,-89.996,0.040,4
132.9160,0.00003,0.06261,-0.00209,0.00000,0.06290,-89.996,0.040,4
132.9660,0.00004,0.05511,-0.00209,0.00000,0.05540,-89.996,0.040,4
133.0160,0.00004,0.04760,-0.00209,0.00000,0.04790,-89.996,0.040,4
133.0660,0.00004,0.04010,-0.00209,0.00000,0.04040,-89.996,0.040,4
133.1160,0.00005,0.03260,-0.00209,0.00000,0.03290,-89.996,0.040,4
133.1660,0.00005,0.02510,-0.00209,0.00000,0.02540,-89.996,0.040,4
133.2160,0.00005,0.01760,-0.00209,0.00000,0.01790,-89.996,0.040,4
133.2660,0.00005,0.01010,-0.00209,0.00000,0.01040,-89.996,0.040,4
133.3160,0.00006,0.00260,-0.00209,0.00000,0.00290,-89.996,0.040,4
133.3660,0.00011,-0.00484,-0.00209,0.00460,0.00000,-89.911,0.041,5
133.4160,0.00077,-0.01139,-0.00209,0.01210,0.00000,-88.382,0.058,5
133.4660,0.00214,-0.01687,-0.00209,0.01960,0.00000,-85.345,0.059,5
133.5160,0.00421,-0.02137,-0.00208,0.02710,0.00000,-81.920,0.051,5
133.5660,0.00696,-0.02496,-0.00208,0.03460,0.00000,-78.444,0.047,5
133.6160,0.01034,-0.02775,-0.00208,0.04210,0.00000,-74.996,0.046,5
133.6660,0.01430,-0.02987,-0.00208,0.04960,0.00000,-71.607,0.046,5
133.7160,0.01878,-0.03141,-0.00208,0.05710,0.00000,-68.276,0.047,5
133.7660,0.02373,-0.03248,-0.00207,0.06460,0.00000,-64.999,0.048,5
133.8160,0.02912,-0.03316,-0.00207,0.07210,0.00000,-61.768,0.050,5
133.8660,0.03491,-0.03354,-0.00207,0.07960,0.00000,-58.575,0.051,5
133.9160,0.04108,-0.03368,-0.00207,0.08710,0.00000,-55.414,0.053,5
133.9660,0.04761,-0.03363,-0.00206,0.09460,0.00000,-52.281,0.055,5
134.0160,0.05447,-0.03343,-0.00206,0.10210,0.00000,-49.172,0.057,5
134.0660,0.06165,-0.03312,-0.00206,0.10960,0.00000,-46.081,0.058,5
134.1160,0.06913,-0.03273,-0.00206,0.11710,0.00000,-43.007,0.059,5
134.1660,0.07690,-0.03227,-0.00206,0.12460,0.00000,-39.948,0.060,5
134.2160,0.08493,-0.03175,-0.00206,0.13210,0.00000,-36.900,0.061,5
134.2660,0.09321,-0.03118,-0.00206,0.13960,0.00000,-33.862,0.061,5
134.3160,0.10171,-0.03054,-0.00206,0.14710,0.00000,-30.833,0.062,5
134.3660,0.11041,-0.02985,-0.00206,0.15460,0.00000,-27.809,0.062,5
134.4160,0.11929,-0.02910,-0.00206,0.16210,0.00000,-24.791,0.061,5
134.4660,0.12833,-0.02826,-0.00206,0.16960,0.00000,-21.777,0.060,5
134.5160,0.13749,-0.02735,-0.00206,0.17710,0.00000,-18.765,0.059,5
134.5660,0.14677,-0.02634,-0.00206,0.18460,0.00000,-15.753,0.056,5
134.6160,0.15613,-0.02524,-0.00206,0.19210,0.00000,-12.741,0.054,5
134.6660,0.16555,-0.02403,-0.00206,0.19960,0.00000,-9.727,0.050,5
134.7160,0.17502,-0.02271,-0.00206,0.20710,0.00000,-6.714,0.046,5
134.7660,0.18451,-0.02127,-0.00206,0.21460,0.00000,-3.741,0.042,5
134.8160,0.19399,-0.01972,-0.00206,0.22210,0.00000,-1.154,0.037,5
134.8660,0.20336,-0.01810,-0.00206,0.22960,0.00000,-0.214,0.035,5
134.9160,0.21259,-0.01643,-0.00206,0.23710,0.00000,-0.079,0.032,5
134.9660,0.22177,-0.01480,-0.00206,0.24460,0.00000,-0.036,0.026,5
135.0160,0.23094,-0.01325,-0.00206,0.25210,0.00000,-0.006,0.019,5
135.0660,0.24009,-0.01178,-0.00206,0.25960,0.00000,0.007,0.012,5
135.1160,0.24920,-0.01040,-0.00206,0.26710,0.00000,0.015,0.007,5
135.1660,0.25826,-0.00910,-0.00206,0.27460,0.00000,0.020,0.002,5
135.2160,0.26726,-0.00788,-0.00206,0.28210,0.00000,0.024,-0.003,5
135.2660,0.27620,-0.00675,-0.00206,0.28960,0.00000,0.026,-0.007,5
135.3160,0.28507,-0.00570,-0.00206,0.29710,0.00000,0.028,-0.010,5
135.3660,0.29387,-0.00472,-0.00206,0.30460,0.00000,0.028,-0.013,5
135.4160,0.30260,-0.00383,-0.00206,0.31210,0.00000,0.028,-0.015,5
135.4660,0.31124,-0.00301,-0.00206,0.31960,0.00000,0.028,-0.017,5
135.5160,0.31981,-0.00226,-0.00206,0.32710,0.00000,0.028,-0.019,5
135.5660,0.32830,-0.00158,-0.00206,0.33460,0.00000,0.027,-0.021,5
135.6160,0.33671,-0.00096,-0.00206,0.34210,0.00000,0.027,-0.022,5
135.6660,0.34505,-0.00041,-0.00206,0.34960,0.00000,0.026,-0.023,5
135.7160,0.35332,0.00009,-0.00206,0.35710,0.00000,0.025,-0.024,5
135.7660,0.36152,0.00053,-0.00206,0.36460,0.00000,0.025,-0.025,5
135.8160,0.36965,0.00092,-0.00206,0.37210,0.00000,0.025,-0.025,5
135.8660,0.37772,0.00126,-0.00206,0.37960,0.00000,0.024,-0.026,5
135.9160,0.38572,0.00156,-0.00207,0.38710,0.00000,0.024,-0.026,5
135.9660,0.39368,0.00182,-0.00207,0.39460,0.00000,0.024,-0.026,5
136.0160,0.40157,0.00203,-0.00207,0.40210,0.00000,0.024,-0.027,5
136.0660,0.40942,0.00221,-0.00207,0.40960,0.00000,0.024,-0.027,5
136.1160,0.41722,0.00236,-0.00207,0.41710,0.00000,0.024,-0.027,5
136.1660,0.42499,0.00248,-0.00207,0.42460,0.00000,0.024,-0.027,5
136.2160,0.43271,0.00257,-0.00207,0.43210,0.00000,0.024,-0.027,5
136.2660,0.44039,0.00264,-0.00207,0.43960,0.00000,0.024,-0.027,5
136.3160,0.44805,0.00269,-0.00207,0.44710,0.00000,0.024,-0.027,5
136.3660,0.45567,0.00271,-0.00207,0.45460,0.00000,0.025,-0.027,5
136.4160,0.46327,0.00272,-0.00207,0.46210,0.00000,0.025,-0.027,5
136.4660,0.47085,0.00271,-0.00207,0.46960,0.00000,0.025,-0.027,5
136.5160,0.47840,0.00269,-0.00207,0.47710,0.00000,0.026,-0.027,5
136.5660,0.48594,0.00266,-0.00208,0.48460,0.00000,0.026,-0.027,5
136.6160,0.49346,0.00262,-0.00208,0.49210,0.00000,0.027,-0.027,5
136.6660,0.50097,0.00257,-0.00208,0.49960,0.00000,0.027,-0.026,5
136.7160,0.50846,0.00251,-0.00208,0.50710,0.00000,0.028,-0.026,5
136.7660,0.51595,0.00244,-0.00208,0.51460,0.00000,0.028,-0.026,5
136.8160,0.52342,0.00237,-0.00208,0.52210,0.00000,0.029,-0.026,5
136.8660,0.53089,0.00230,-0.00208,0.52960,0.00000,0.029,-0.026,5
136.9160,0.53836,0.00222,-0.00208,0.53710,0.00000,0.029,-0.026,5
136.9660,0.54582,0.00214,-0.00208,0.54460,0.00000,0.030,-0.026,5
137.0160,0.55327,0.00207,-0.00208,0.55210,0.00000,0.030,-0.026,5
137.0660,0.56072,0.00199,-0.00208,0.55960,0.00000,0.031,-0.026,5
137.1160,0.56818,0.00191,-0.00208,0.56710,0.00000,0.031,-0.026,5
137.1660,0.57563,0.00183,-0.00208,0.57460,0.00000,0.031,-0.026,5
137.2160,0.58308,0.00175,-0.00208,0.58210,0.00000,0.032,-0.026,5
137.2660,0.59053,0.00168,-0.00208,0.58960,0.00000,0.032,-0.026,5
137.3160,0.59798,0.00160,-0.00209,0.59710,0.00000,0.032,-0.026,5
137.3660,0.60543,0.00153,-0.00209,0.60460,0.00000,0.032,-0.026,5
137.4160,0.61289,0.00146,-0.00209,0.61210,0.00000,0.033,-0.026,5
137.4660,0.62034,0.00140,-0.00209,0.61960,0.00000,0.033,-0.026,5
137.5160,0.62780,0.00134,-0.00209,0.62710,0.00000,0.033,-0.026,5
137.5660,0.63526,0.00128,-0.00209,0.63460,0.00000,0.033,-0.026,5
137.6160,0.64272,0.00122,-0.00209,0.64210,0.00000,0.033,-0.026,5
137.6660,0.65019,0.00117,-0.00209,0.64960,0.00000,0.034,-0.026,5
137.7160,0.65766,0.00112,-0.00209,0.65710,0.00000,0.034,-0.026,5
137.7660,0.66512,0.00107,-0.00209,0.66460,0.00000,0.034,-0.026,5
137.8160,0.67260,0.00103,-0.00209,0.67210,0.00000,0.034,-0.026,5
137.8660,0.68007,0.00099,-0.00209,0.67960,0.00000,0.034,-0.026,5
137.9160,0.68755,0.00095,-0.00209,0.68710,0.00000,0.034,-0.026,5
137.9660,0.69502,0.00091,-0.00209,0.69460,0.00000,0.034,-0.026,5
138.0160,0.70250,0.00088,-0.00209,0.70210,0.00000,0.034,-0.026,5
138.0660,0.70999,0.00085,-0.00209,0.70960,0.00000,0.034,-0.026,5
138.1160,0.71747,0.00083,-0.00209,0.71710,0.00000,0.035,-0.026,5
138.1660,0.72495,0.00080,-0.00209,0.72460,0.00000,0.035,-0.026,5
138.2160,0.73244,0.00078,-0.00209,0.73210,0.00000,0.035,-0.026,5
138.2660,0.73993,0.00076,-0.00209,0.73960,0.00000,0.035,-0.026,5
138.3160,0.74742,0.00075,-0.00209,0.74710,0.00000,0.035,-0.026,5
138.3660,0.75491,0.00073,-0.00209,0.75460,0.00000,0.035,-0.026,5
138.4160,0.76241,0.00072,-0.00209,0.76210,0.00000,0.035,-0.026,5
138.4660,0.76990,0.00071,-0.00209,0.76960,0.00000,0.035,-0.026,5
138.5160,0.77739,0.00070,-0.00209,0.77710,0.00000,0.035,-0.026,5
138.5660,0.78489,0.00069,-0.00209,0.78460,0.00000,0.035,-0.026,5
138.6160,0.79239,0.00068,-0.00209,0.79210,0.00000,0.035,-0.026,5
138.6660,0.79988,0.00068,-0.00209,0.79960,0.00000,0.035,-0.026,5
138.7160,0.80738,0.00067,-0.00209,0.80710,0.00000,0.035,-0.026,5
138.7660,0.81488,0.00067,-0.00209,0.81460,0.00000,0.035,-0.026,5
138.8160,0.82238,0.00067,-0.00209,0.82210,0.00000,0.035,-0.026,5
138.8660,0.82988,0.00067,-0.00209,0.82960,0.00000,0.035,-0.026,5
138.9160,0.83738,0.00066,-0.00209,0.83710,0.00000,0.035,-0.026,5
138.9660,0.84488,0.00066,-0.00209,0.84460,0.00000,0.035,-0.026,5
139.0160,0.85238,0.00067,-0.00209,0.85210,0.00000,0.035,-0.026,5
139.0660,0.85988,0.00067,-0.00209,0.85960,0.00000,0.035,-0.026,5
139.1160,0.86738,0.00067,-0.00209,0.86710,0.00000,0.035,-0.026,5
139.1660,0.87488,0.00067,-0.00209,0.87460,0.00000,0.035,-0.026,5
139.2160,0.88238,0.00067,-0.00209,0.88210,0.00000,0.035,-0.026,5
139.2660,0.88989,0.00067,-0.00209,0.88960,0.00000,0.035,-0.026,5
139.3160,0.89739,0.00068,-0.00209,0.89710,0.00000,0.035,-0.026,5
139.3660,0.90489,0.00068,-0.00209,0.90460,0.00000,0.035,-0.026,5
139.4160,0.91239,0.00068,-0.00209,0.91210,0.00000,0.035,-0.026,5
139.4660,0.91989,0.00069,-0.00209,0.91960,0.00000,0.035,-0.026,5
139.5160,0.92739,0.00069,-0.00209,0.92710,0.00000,0.035,-0.026,5
139.5660,0.93489,0.00069,-0.00209,0.93460,0.00000,0.035,-0.026,5
139.6160,0.94240,0.00070,-0.00209,0.94210,0.00000,0.035,-0.026,5
139.6660,0.94990,0.00070,-0.00209,0.94960,0.00000,0.035,-0.026,5
139.7160,0.95740,0.00070,-0.00209,0.95710,0.00000,0.035,-0.026,5
139.7660,0.96490,0.00071,-0.00209,0.96460,0.00000,0.035,-0.026,5
139.8160,0.97240,0.00071,-0.00209,0.97210,0.00000,0.035,-0.026,5
139.8660,0.97990,0.00071,-0.00209,0.97960,0.00000,0.035,-0.026,5
139.9160,0.98740,0.00072,-0.00209,0.98710,0.00000,0.035,-0.026,5
139.9660,0.99490,0.00072,-0.00209,0.99460,0.00000,0.035,-0.026,5
140.0160,1.00240,0.00072,-0.00209,1.00000,0.00210,0.035,-0.026,5
140.0660,1.00984,0.00077,-0.00209,1.00000,0.00960,0.117,-0.025,5
140.1160,1.01638,0.00148,-0.00209,1.00000,0.01710,1.614,-0.006,5
140.1660,1.02185,0.00304,-0.00209,1.00000,0.02460,4.736,-0.002,5
140.2160,1.02633,0.00541,-0.00208,1.00000,0.03210,8.388,-0.009,5
140.2660,1.02987,0.00852,-0.00208,1.00000,0.03960,12.110,-0.011,5
140.3160,1.03256,0.01228,-0.00208,1.00000,0.04710,15.781,-0.010,5
140.3660,1.03452,0.01663,-0.00208,1.00000,0.05460,19.361,-0.009,5
140.4160,1.03587,0.02151,-0.00208,1.00000,0.06210,22.848,-0.008,5
140.4660,1.03671,0.02689,-0.00208,1.00000,0.06960,26.253,-0.007,5
140.5160,1.03715,0.03272,-0.00207,1.00000,0.07710,29.587,-0.007,5
140.5660,1.03726,0.03900,-0.00207,1.00000,0.08460,32.864,-0.007,5
140.6160,1.03710,0.04569,-0.00207,1.00000,0.09210,36.092,-0.009,5
140.6660,1.03674,0.05278,-0.00207,1.00000,0.09960,39.281,-0.010,5
140.7160,1.03620,0.06024,-0.00207,1.00000,0.10710,42.436,-0.013,5
140.7660,1.03553,0.06806,-0.00207,1.00000,0.11460,45.565,-0.016,5
140.8160,1.03473,0.07621,-0.00207,1.00000,0.12210,48.673,-0.020,5
140.8660,1.03383,0.08468,-0.00207,1.00000,0.12960,51.763,-0.025,5
140.9160,1.03283,0.09344,-0.00207,1.00000,0.13710,54.840,-0.030,5
140.9660,1.03174,0.10246,-0.00207,1.00000,0.14460,57.907,-0.036,5
141.0160,1.03055,0.11172,-0.00207,1.00000,0.15210,60.968,-0.042,5
141.0660,1.02926,0.12118,-0.00207,1.00000,0.15960,64.025,-0.049,5
141.1160,1.02788,0.13081,-0.00207,1.00000,0.16710,67.081,-0.055,5
141.1660,1.02639,0.14057,-0.00207,1.00000,0.17460,70.140,-0.062,5
141.2160,1.02481,0.15044,-0.00207,1.00000,0.18210,73.204,-0.069,5
141.2660,1.02314,0.16038,-0.00207,1.00000,0.18960,76.276,-0.076,5
141.3160,1.02137,0.17034,-0.00207,1.00000,0.19710,79.360,-0.082,5
141.3660,1.01951,0.18031,-0.00207,1.00000,0.20460,82.453,-0.088,5
141.4160,1.01758,0.19023,-0.00206,1.00000,0.21210,85.519,-0.094,5
141.4660,1.01560,0.20008,-0.00206,1.00000,0.21960,88.206,-0.099,5
141.5160,1.01365,0.20981,-0.00206,1.00000,0.22710,89.279,-0.103,5
141.5660,1.01178,0.21937,-0.00206,1.00000,0.23460,89.521,-0.107,5
141.6160,1.01004,0.22877,-0.00206,1.00000,0.24210,89.635,-0.111,5
141.6660,1.00843,0.23804,-0.00206,1.00000,0.24960,89.720,-0.114,5
141.7160,1.00695,0.24717,-0.00205,1.00000,0.25710,89.779,-0.117,5
141.7660,1.00559,0.25617,-0.00205,1.00000,0.26460,89.825,-0.119,5
141.8160,1.00436,0.26504,-0.00205,1.00000,0.27210,89.862,-0.121,5
141.8660,1.00324,0.27379,-0.00205,1.00000,0.27960,89.892,-0.122,5
141.9160,1.00224,0.28242,-0.00205,1.00000,0.28710,89.915,-0.123,5
141.9660,1.00133,0.29094,-0.00205,1.00000,0.29460,89.934,-0.124,5
142.0160,1.00053,0.29934,-0.00205,1.00000,0.30210,89.950,-0.124,5
142.0660,0.99982,0.30765,-0.00205,1.00000,0.30960,89.962,-0.125,5
142.1160,0.99920,0.31587,-0.00205,1.00000,0.31710,89.971,-0.125,5
142.1660,0.99866,0.32400,-0.00205,1.00000,0.32460,89.979,-0.125,5
142.2160,0.99820,0.33204,-0.00205,1.00000,0.33210,89.984,-0.125,5
142.2660,0.99781,0.34001,-0.00205,1.00000,0.33960,89.989,-0.125,5
142.3160,0.99748,0.34792,-0.00205,1.00000,0.34710,89.992,-0.124,5
142.3660,0.99721,0.35576,-0.00206,1.00000,0.35460,89.994,-0.124,5
142.4160,0.99699,0.36354,-0.00206,1.00000,0.36210,89.996,-0.124,5
142.4660,0.99682,0.37127,-0.00206,1.00000,0.36960,89.997,-0.123,5
142.5160,0.99670,0.37895,-0.00206,1.00000,0.37710,89.998,-0.123,5
142.5660,0.99662,0.38660,-0.00206,1.00000,0.38460,89.998,-0.122,5
142.6160,0.99657,0.39420,-0.00206,1.00000,0.39210,89.998,-0.122,5
142.6660,0.99655,0.40177,-0.00206,1.00000,0.39960,89.998,-0.122,5
142.7160,0.99657,0.40932,-0.00206,1.00000,0.40710,89.998,-0.121,5
142.7660,0.99660,0.41683,-0.00206,1.00000,0.41460,89.998,-0.121,5
142.8160,0.99666,0.42433,-0.00207,1.00000,0.42210,89.997,-0.120,5
142.8660,0.99674,0.43181,-0.00207,1.00000,0.42960,89.997,-0.120,5
142.9160,0.99683,0.43927,-0.00207,1.00000,0.43710,89.996,-0.120,5
142.9660,0.99694,0.44672,-0.00207,1.00000,0.44460,89.996,-0.119,5
143.0160,0.99705,0.45416,-0.00207,1.00000,0.45210,89.995,-0.119,5
143.0660,0.99718,0.46159,-0.00207,1.00000,0.45960,89.995,-0.119,5
143.1160,0.99731,0.46902,-0.00207,1.00000,0.46710,89.995,-0.118,5
143.1660,0.99745,0.47644,-0.00207,1.00000,0.47460,89.994,-0.118,5
143.2160,0.99758,0.48385,-0.00208,1.00000,0.48210,89.994,-0.118,5
143.2660,0.99772,0.49127,-0.00208,1.00000,0.48960,89.994,-0.118,5
143.3160,0.99787,0.49868,-0.00208,1.00000,0.49710,89.993,-0.118,5
143.3660,0.99801,0.50610,-0.00208,1.00000,0.50460,89.993,-0.117,5
143.4160,0.99814,0.51351,-0.00208,1.00000,0.51210,89.993,-0.117,5
143.4660,0.99828,0.52093,-0.00208,1.00000,0.51960,89.993,-0.117,5
143.5160,0.99841,0.52835,-0.00208,1.00000,0.52710,89.993,-0.117,5
143.5660,0.99854,0.53577,-0.00208,1.00000,0.53460,89.993,-0.117,5
143.6160,0.99867,0.54319,-0.00208,1.00000,0.54210,89.993,-0.117,5
143.6660,0.99879,0.55062,-0.00208,1.00000,0.54960,89.993,-0.117,5
143.7160,0.99891,0.55806,-0.00208,1.00000,0.55710,89.993,-0.117,5
143.7660,0.99902,0.56549,-0.00208,1.00000,0.56460,89.993,-0.117,5
143.8160,0.99912,0.57293,-0.00208,1.00000,0.57210,89.993,-0.117,5
143.8660,0.99922,0.58038,-0.00208,1.00000,0.57960,89.993,-0.117,5
143.9160,0.99931,0.58782,-0.00209,1.00000,0.58710,89.993,-0.117,5
143.9660,0.99940,0.59528,-0.00209,1.00000,0.59460,89.993,-0.117,5
144.0160,0.99948,0.60273,-0.00209,1.00000,0.60210,89.993,-0.117,5
144.0660,0.99956,0.61019,-0.00209,1.00000,0.60960,89.993,-0.117,5
144.1160,0.99963,0.61765,-0.00209,1.00000,0.61710,89.993,-0.117,5
144.1660,0.99970,0.62512,-0.00209,1.00000,0.62460,89.993,-0.117,5
144.2160,0.99976,0.63259,-0.00209,1.00000,0.63210,89.994,-0.117,5
144.2660,0.99982,0.64006,-0.00209,1.00000,0.63960,89.994,-0.117,5
144.3160,0.99987,0.64754,-0.00209,1.00000,0.64710,89.994,-0.117,5
144.3660,0.99991,0.65502,-0.00209,1.00000,0.65460,89.994,-0.117,5
144.4160,0.99996,0.66250,-0.00209,1.00000,0.66210,89.994,-0.117,5
144.4660,0.99999,0.66998,-0.00209,1.00000,0.66960,89.994,-0.117,5
144.5160,1.00003,0.67747,-0.00209,1.00000,0.67710,89.994,-0.117,5
144.5660,1.00006,0.68496,-0.00209,1.00000,0.68460,89.995,-0.117,5
144.6160,1.00009,0.69245,-0.00209,1.00000,0.69210,89.995,-0.117,5
144.6660,1.00011,0.69994,-0.00209,1.00000,0.69960,89.995,-0.117,5
144.7160,1.00013,0.70743,-0.00209,1.00000,0.70710,89.995,-0.117,5
144.7660,1.00015,0.71493,-0.00209,1.00000,0.71460,89.995,-0.117,5
144.8160,1.00016,0.72242,-0.00209,1.00000,0.72210,89.995,-0.117,5
144.8660,1.00018,0.72992,-0.00209,1.00000,0.72960,89.995,-0.117,5
144.9160,1.00019,0.73742,-0.00209,1.00000,0.73710,89.995,-0.117,5
144.9660,1.00019,0.74492,-0.00209,1.00000,0.74460,89.995,-0.117,5
145.0160,1.00020,0.75241,-0.00209,1.00000,0.75210,89.995,-0.117,5
145.0660,1.00021,0.75991,-0.00209,1.00000,0.75960,89.995,-0.117,5
145.1160,1.00021,0.76741,-0.00209,1.00000,0.76710,89.996,-0.117,5
145.1660,1.00021,0.77492,-0.00209,1.00000,0.77460,89.996,-0.117,5
145.2160,1.00021,0.78242,-0.00209,1.00000,0.78210,89.996,-0.117,5
145.2660,1.00021,0.78992,-0.00209,1.00000,0.78960,89.996,-0.117,5
145.3160,1.00021,0.79742,-0.00209,1.00000,0.79710,89.996,-0.117,5
145.3660,1.00021,0.80492,-0.00209,1.00000,0.80460,89.996,-0.117,5
145.4160,1.00021,0.81243,-0.00209,1.00000,0.81210,89.996,-0.117,5
145.4660,1.00020,0.81993,-0.00209,1.00000,0.81960,89.996,-0.117,5
145.5160,1.00020,0.82743,-0.00209,1.00000,0.82710,89.996,-0.117,5
145.5660,1.00020,0.83493,-0.00209,1.00000,0.83460,89.996,-0.117,5
145.6160,1.00019,0.84243,-0.00209,1.00000,0.84210,89.996,-0.117,5
145.6660,1.00019,0.84994,-0.00209,1.00000,0.84960,89.996,-0.117,5
145.7160,1.00018,0.85744,-0.00209,1.00000,0.85710,89.996,-0.117,5
145.7660,1.00018,0.86494,-0.00209,1.00000,0.86460,89.996,-0.117,5
145.8160,1.00017,0.87244,-0.00209,1.00000,0.87210,89.996,-0.117,5
145.8660,1.00017,0.87995,-0.00209,1.00000,0.87960,89.996,-0.117,5
145.9160,1.00016,0.88745,-0.00209,1.00000,0.88710,89.996,-0.117,5
145.9660,1.00016,0.89495,-0.00209,1.00000,0.89460,89.996,-0.117,5
146.0160,1.00015,0.90245,-0.00209,1.00000,0.90210,89.996,-0.117,5
146.0660,1.00015,0.90995,-0.00209,1.00000,0.90960,89.996,-0.117,5
146.1160,1.00014,0.91746,-0.00209,1.00000,0.91710,89.996,-0.117,5
146.1660,1.00014,0.92496,-0.00209,1.00000,0.92460,89.996,-0.117,5
146.2160,1.00013,0.93246,-0.00209,1.00000,0.93210,89.996,-0.117,5
146.2660,1.00013,0.93996,-0.00209,1.00000,0.93960,89.996,-0.117,5
146.3160,1.00012,0.94746,-0.00209,1.00000,0.94710,89.996,-0.117,5
146.3660,1.00012,0.95496,-0.00209,1.00000,0.95460,89.996,-0.117,5
146.4160,1.00012,0.96246,-0.00209,1.00000,0.96210,89.996,-0.117,5
146.4660,1.00011,0.96996,-0.00209,1.00000,0.96960,89.996,-0.117,5
146.5160,1.00011,0.97746,-0.00209,1.00000,0.97710,89.996,-0.117,5
146.5660,1.00011,0.98497,-0.00209,1.00000,0.98460,89.996,-0.117,5
146.6160,1.00010,0.99247,-0.00209,1.00000,0.99210,89.996,-0.117,5
146.6660,1.00010,0.99997,-0.00209,1.00000,0.99960,89.996,-0.117,5
146.7160,1.00005,1.00740,-0.00209,0.99290,1.00000,90.082,-0.116,5
146.7660,0.99934,1.01390,-0.00209,0.98540,1.00000,91.622,-0.100,5
146.8160,0.99765,1.01930,-0.00209,0.97790,1.00000,94.741,-0.098,5
146.8660,0.99499,1.02377,-0.00209,0.97040,1.00000,98.234,-0.107,5
146.9160,0.99148,1.02744,-0.00208,0.96290,1.00000,101.772,-0.115,5
146.9660,0.98720,1.03039,-0.00208,0.95540,1.00000,105.275,-0.120,5
147.0160,0.98223,1.03275,-0.00208,0.94790,1.00000,108.709,-0.124,5
147.0660,0.97666,1.03457,-0.00208,0.94040,1.00000,112.077,-0.126,5
147.1160,0.97052,1.03595,-0.00208,0.93290,1.00000,115.384,-0.127,5
147.1660,0.96389,1.03695,-0.00208,0.92540,1.00000,118.641,-0.127,5
147.2160,0.95679,1.03761,-0.00208,0.91790,1.00000,121.854,-0.127,5
147.2660,0.94928,1.03800,-0.00208,0.91040,1.00000,125.033,-0.126,5
147.3160,0.94138,1.03814,-0.00208,0.90290,1.00000,128.182,-0.125,5
147.3660,0.93314,1.03808,-0.00208,0.89540,1.00000,131.306,-0.123,5
147.4160,0.92459,1.03783,-0.00208,0.88790,1.00000,134.410,-0.122,5
147.4660,0.91576,1.03741,-0.00208,0.88040,1.00000,137.496,-0.120,5
147.5160,0.90668,1.03684,-0.00208,0.87290,1.00000,140.568,-0.118,5
147.5660,0.89739,1.03613,-0.00208,0.86540,1.00000,143.628,-0.116,5
147.6160,0.88791,1.03529,-0.00208,0.85790,1.00000,146.677,-0.114,5
147.6660,0.87829,1.03432,-0.00208,0.85040,1.00000,149.716,-0.112,5
147.7160,0.86856,1.03324,-0.00208,0.84290,1.00000,152.748,-0.110,5
147.7660,0.85874,1.03204,-0.00208,0.83540,1.00000,155.772,-0.107,5
147.8160,0.84888,1.03074,-0.00208,0.82790,1.00000,158.789,-0.104,5
147.8660,0.83899,1.02932,-0.00208,0.82040,1.00000,161.800,-0.101,5
147.9160,0.82912,1.02781,-0.00208,0.81290,1.00000,164.805,-0.097,5
147.9660,0.81929,1.02621,-0.00208,0.80540,1.00000,167.802,-0.093,5
148.0160,0.80953,1.02452,-0.00208,0.79790,1.00000,170.793,-0.089,5
148.0660,0.79986,1.02276,-0.00208,0.79040,1.00000,173.771,-0.084,5
148.1160,0.79031,1.02093,-0.00208,0.78290,1.00000,176.691,-0.079,5
148.1660,0.78090,1.01904,-0.00208,0.77540,1.00000,179.180,-0.075,5
148.2160,0.77159,1.01714,-0.00208,0.76790,1.00000,-179.911,-0.071,5
148.2660,0.76249,1.01501,-0.00208,0.76040,1.00000,-179.803,-0.065,5
148.3160,0.75436,1.01065,-0.00207,0.75290,1.00000,-179.486,-0.048,5
148.3660,0.74647,1.00742,-0.00203,0.74540,1.00000,-179.344,-0.047,5
148.4160,0.73860,1.00470,-0.00198,0.73790,1.00000,-179.415,-0.047,5
148.4660,0.73078,1.00226,-0.00193,0.73040,1.00000,-179.525,-0.041,5
148.5160,0.72300,1.00010,-0.00188,0.72290,1.00000,-179.621,-0.035,5
148.5660,0.71526,0.99821,-0.00184,0.71540,1.00000,-179.702,-0.029,5
148.6160,0.70756,0.99656,-0.00181,0.70790,1.00000,-179.769,-0.025,5
148.6660,0.69989,0.99515,-0.00178,0.70040,1.00000,-179.824,-0.021,5
148.7160,0.69226,0.99394,-0.00175,0.69290,1.00000,-179.869,-0.017,5
148.7660,0.68464,0.99293,-0.00173,0.68540,1.00000,-179.906,-0.015,5
148.8160,0.67705,0.99210,-0.00172,0.67790,1.00000,-179.936,-0.012,5
148.8660,0.66948,0.99143,-0.00170,0.67040,1.00000,-179.960,-0.010,5
148.9160,0.66193,0.99091,-0.00169,0.66290,1.00000,-179.980,-0.008,5
148.9660,0.65439,0.99052,-0.00168,0.65540,1.00000,-179.996,-0.006,5
149.0160,0.64688,0.99043,-0.00168,0.64790,1.00000,179.958,-0.005,5
149.0660,0.63954,0.99238,-0.00167,0.64040,1.00000,179.417,-0.001,5
149.1160,0.63223,0.99363,-0.00162,0.63290,1.00000,179.317,-0.004,5
149.1660,0.62493,0.99469,-0.00157,0.62540,1.00000,179.445,-0.006,5
149.2160,0.61761,0.99568,-0.00153,0.61790,1.00000,179.536,-0.006,5
149.2660,0.61026,0.99658,-0.00150,0.61040,1.00000,179.607,-0.005,5
149.3160,0.60288,0.99740,-0.00148,0.60290,1.00000,179.669,-0.004,5
149.3660,0.59549,0.99814,-0.00146,0.59540,1.00000,179.722,-0.003,5
149.4160,0.58807,0.99881,-0.00144,0.58790,1.00000,179.765,-0.002,5
149.4660,0.58063,0.99941,-0.00143,0.58040,1.00000,179.801,-0.001,5
149.5160,0.57318,0.99995,-0.00143,0.57290,1.00000,179.831,-0.001,5
149.5660,0.56571,1.00043,-0.00143,0.56540,1.00000,179.855,-0.000,5
149.6160,0.55823,1.00086,-0.00143,0.55790,1.00000,179.875,0.000,5
149.6660,0.55075,1.00123,-0.00144,0.55040,1.00000,179.892,0.001,5
149.7160,0.54325,1.00155,-0.00145,0.54290,1.00000,179.906,0.001,5
149.7660,0.53574,1.00183,-0.00146,0.53540,1.00000,179.918,0.002,5
149.8160,0.52823,1.00206,-0.00147,0.52790,1.00000,179.927,0.002,5
149.8660,0.52071,1.00226,-0.00149,0.52040,1.00000,179.935,0.002,5
149.9160,0.51319,1.00242,-0.00151,0.51290,1.00000,179.942,0.002,5
149.9660,0.50567,1.00255,-0.00152,0.50540,1.00000,179.947,0.002,5
150.0160,0.49814,1.00265,-0.00154,0.49790,1.00000,179.952,0.003,5
150.0660,0.49061,1.00273,-0.00156,0.49040,1.00000,179.955,0.003,5
150.1160,0.48308,1.00278,-0.00158,0.48290,1.00000,179.958,0.003,5
150.1660,0.47555,1.00281,-0.00161,0.47540,1.00000,179.961,0.003,5
150.2160,0.46802,1.00282,-0.00163,0.46790,1.00000,179.963,0.003,5
150.2660,0.46049,1.00282,-0.00165,0.46040,1.00000,179.964,0.003,5
150.3160,0.45296,1.00280,-0.00167,0.45290,1.00000,179.965,0.003,5
150.3660,0.44543,1.00276,-0.00169,0.44540,1.00000,179.966,0.003,5
150.4160,0.43790,1.00272,-0.00171,0.43790,1.00000,179.967,0.003,5
150.4660,0.43037,1.00267,-0.00173,0.43040,1.00000,179.968,0.003,5
150.5160,0.42285,1.00261,-0.00175,0.42290,1.00000,179.968,0.003,5
150.5660,0.41532,1.00254,-0.00177,0.41540,1.00000,179.968,0.003,5
150.6160,0.40780,1.00247,-0.00179,0.40790,1.00000,179.968,0.003,5
150.6660,0.40027,1.00239,-0.00181,0.40040,1.00000,179.968,0.003,5
150.7160,0.39275,1.00231,-0.00183,0.39290,1.00000,179.968,0.003,5
150.7660,0.38523,1.00223,-0.00185,0.38540,1.00000,179.968,0.003,5
150.8160,0.37771,1.00214,-0.00187,0.37790,1.00000,179.968,0.002,5
150.8660,0.37020,1.00206,-0.00188,0.37040,1.00000,179.968,0.002,5
150.9160,0.36268,1.00198,-0.00190,0.36290,1.00000,179.968,0.002,5
150.9660,0.35517,1.00189,-0.00191,0.35540,1.00000,179.968,0.002,5
151.0160,0.34766,1.00181,-0.00193,0.34790,1.00000,179.968,0.002,5
151.0660,0.34014,1.00173,-0.00194,0.34040,1.00000,179.968,0.002,5
151.1160,0.33263,1.00166,-0.00196,0.33290,1.00000,179.967,0.002,5
151.1660,0.32513,1.00158,-0.00197,0.32540,1.00000,179.967,0.002,5
151.2160,0.31762,1.00151,-0.00198,0.31790,1.00000,179.967,0.002,5
151.2660,0.31011,1.00144,-0.00199,0.31040,1.00000,179.967,0.002,5
151.3160,0.30260,1.00137,-0.00200,0.30290,1.00000,179.967,0.002,5
151.3660,0.29510,1.00131,-0.00201,0.29540,1.00000,179.967,0.002,5
151.4160,0.28759,1.00125,-0.00202,0.28790,1.00000,179.966,0.002,5
151.4660,0.28009,1.00119,-0.00203,0.28040,1.00000,179.966,0.002,5
151.5160,0.27259,1.00114,-0.00204,0.27290,1.00000,179.966,0.002,5
151.5660,0.26508,1.00109,-0.00205,0.26540,1.00000,179.966,0.002,5
151.6160,0.25758,1.00104,-0.00205,0.25790,1.00000,179.966,0.002,5
151.6660,0.25008,1.00100,-0.00206,0.25040,1.00000,179.966,0.002,5
151.7160,0.24258,1.00096,-0.00207,0.24290,1.00000,179.966,0.002,5
151.7660,0.23508,1.00093,-0.00207,0.23540,1.00000,179.966,0.002,5
151.8160,0.22758,1.00089,-0.00208,0.22790,1.00000,179.965,0.002,5
151.8660,0.22008,1.00086,-0.00208,0.22040,1.00000,179.965,0.002,5
151.9160,0.21258,1.00083,-0.00208,0.21290,1.00000,179.965,0.002,5
151.9660,0.20508,1.00081,-0.00209,0.20540,1.00000,179.965,0.002,5
152.0160,0.19758,1.00078,-0.00209,0.19790,1.00000,179.965,0.002,5
152.0660,0.19008,1.00076,-0.00209,0.19040,1.00000,179.965,0.002,5
152.1160,0.18258,1.00075,-0.00210,0.18290,1.00000,179.965,0.002,5
152.1660,0.17508,1.00073,-0.00210,0.17540,1.00000,179.965,0.002,5
152.2160,0.16758,1.00072,-0.00210,0.16790,1.00000,179.965,0.002,5
152.2660,0.16008,1.00070,-0.00210,0.16040,1.00000,179.965,0.002,5
152.3160,0.15258,1.00069,-0.00210,0.15290,1.00000,179.965,0.002,5
152.3660,0.14508,1.00069,-0.00211,0.14540,1.00000,179.965,0.002,5
152.4160,0.13758,1.00068,-0.00211,0.13790,1.00000,179.965,0.002,5
152.4660,0.13009,1.00067,-0.00211,0.13040,1.00000,179.965,0.002,5
152.5160,0.12259,1.00067,-0.00211,0.12290,1.00000,179.965,0.002,5
152.5660,0.11509,1.00066,-0.00211,0.11540,1.00000,179.965,0.002,5
152.6160,0.10759,1.00066,-0.00211,0.10790,1.00000,179.965,0.002,5
152.6660,0.10009,1.00066,-0.00211,0.10040,1.00000,179.965,0.002,5
152.7160,0.09259,1.00066,-0.00211,0.09290,1.00000,179.965,0.002,5
152.7660,0.08509,1.00066,-0.00211,0.08540,1.00000,179.965,0.002,5
152.8160,0.07759,1.00066,-0.00211,0.07790,1.00000,179.965,0.002,5
152.8660,0.07009,1.00066,-0.00211,0.07040,1.00000,179.965,0.002,5
152.9160,0.06259,1.00066,-0.00211,0.06290,1.00000,179.965,0.002,5
152.9660,0.05509,1.00067,-0.00211,0.05540,1.00000,179.965,0.002,5
153.0160,0.04759,1.00067,-0.00211,0.04790,1.00000,179.965,0.002,5
153.0660,0.04009,1.00067,-0.00211,0.04040,1.00000,179.965,0.002,5
153.1160,0.03259,1.00067,-0.00211,0.03290,1.00000,179.965,0.002,5
153.1660,0.02510,1.00068,-0.00211,0.02540,1.00000,179.965,0.002,5
153.2160,0.01760,1.00068,-0.00211,0.01790,1.00000,179.965,0.002,5
153.2660,0.01010,1.00068,-0.00211,0.01040,1.00000,179.965,0.002,5
153.3160,0.00260,1.00069,-0.00210,0.00290,1.00000,179.965,0.002,5
153.3660,-0.00484,1.00064,-0.00210,0.00000,0.99540,-179.949,0.003,5
153.4160,-0.01127,0.99994,-0.00210,0.00000,0.98790,-178.402,0.019,5
153.4660,-0.01633,0.99803,-0.00210,0.00000,0.98040,-175.338,0.031,5
153.5160,-0.02043,0.99527,-0.00210,0.00000,0.97290,-171.972,0.014,5
153.5660,-0.02378,0.99178,-0.00209,0.00000,0.96540,-168.537,-0.002,5
153.6160,-0.02650,0.98764,-0.00209,0.00000,0.95790,-165.121,-0.011,5
153.6660,-0.02866,0.98290,-0.00208,0.00000,0.95040,-161.761,-0.018,5
153.7160,-0.03036,0.97761,-0.00208,0.00000,0.94290,-158.454,-0.023,5
153.7660,-0.03166,0.97183,-0.00207,0.00000,0.93540,-155.194,-0.027,5
153.8160,-0.03263,0.96560,-0.00207,0.00000,0.92790,-151.975,-0.029,5
153.8660,-0.03333,0.95896,-0.00207,0.00000,0.92040,-148.790,-0.031,5
153.9160,-0.03378,0.95194,-0.00207,0.00000,0.91290,-145.634,-0.031,5
153.9660,-0.03405,0.94457,-0.00206,0.00000,0.90540,-142.502,-0.030,5
154.0160,-0.03415,0.93689,-0.00206,0.00000,0.89790,-139.391,-0.029,5
154.0660,-0.03410,0.92893,-0.00206,0.00000,0.89040,-136.297,-0.027,5
154.1160,-0.03394,0.92070,-0.00206,0.00000,0.88290,-133.217,-0.024,5
154.1660,-0.03366,0.91224,-0.00206,0.00000,0.87540,-130.151,-0.022,5
154.2160,-0.03329,0.90358,-0.00206,0.00000,0.86790,-127.094,-0.018,5
154.2660,-0.03283,0.89474,-0.00206,0.00000,0.86040,-124.047,-0.015,5
154.3160,-0.03227,0.88575,-0.00206,0.00000,0.85290,-121.007,-0.012,5
154.3660,-0.03163,0.87663,-0.00206,0.00000,0.84540,-117.973,-0.008,5
154.4160,-0.03091,0.86741,-0.00206,0.00000,0.83790,-114.943,-0.004,5
154.4660,-0.03009,0.85811,-0.00206,0.00000,0.83040,-111.917,-0.001,5
154.5160,-0.02918,0.84876,-0.00206,0.00000,0.82290,-108.892,0.003,5
154.5660,-0.02819,0.83939,-0.00206,0.00000,0.81540,-105.868,0.007,5
154.6160,-0.02709,0.83000,-0.00206,0.00000,0.80790,-102.844,0.010,5
154.6660,-0.02590,0.82064,-0.00206,0.00000,0.80040,-99.819,0.014,5
154.7160,-0.02461,0.81130,-0.00206,0.00000,0.79290,-96.796,0.017,5
154.7660,-0.02322,0.80201,-0.00206,0.00000,0.78540,-93.816,0.020,5
154.8160,-0.02173,0.79278,-0.00206,0.00000,0.77790,-91.241,0.022,5
154.8660,-0.02013,0.78366,-0.00206,0.00000,0.77040,-90.269,0.026,5
154.9160,-0.01840,0.77468,-0.00206,0.00000,0.76290,-90.114,0.030,5
154.9660,-0.01668,0.76581,-0.00206,0.00000,0.75540,-90.072,0.032,5
155.0160,-0.01502,0.75704,-0.00206,0.00000,0.74790,-90.044,0.033,5
155.0660,-0.01345,0.74836,-0.00206,0.00000,0.74040,-90.033,0.034,5
155.1160,-0.01197,0.73976,-0.00207,0.00000,0.73290,-90.028,0.035,5
155.1660,-0.01058,0.73125,-0.00207,0.00000,0.72540,-90.024,0.036,5
155.2160,-0.00928,0.72282,-0.00207,0.00000,0.71790,-90.021,0.037,5
155.2660,-0.00807,0.71448,-0.00207,0.00000,0.71040,-90.020,0.037,5
155.3160,-0.00694,0.70621,-0.00207,0.00000,0.70290,-90.018,0.038,5
155.3660,-0.00590,0.69802,-0.00207,0.00000,0.69540,-90.017,0.038,5
155.4160,-0.00494,0.68990,-0.00207,0.00000,0.68790,-90.017,0.038,5
155.4660,-0.00405,0.68184,-0.00207,0.00000,0.68040,-90.016,0.039,5
155.5160,-0.00325,0.67385,-0.00208,0.00000,0.67290,-90.016,0.039,5
155.5660,-0.00252,0.66592,-0.00208,0.00000,0.66540,-90.016,0.039,5
155.6160,-0.00185,0.65804,-0.00208,0.00000,0.65790,-90.016,0.039,5
155.6660,-0.00126,0.65022,-0.00208,0.00000,0.65040,-90.015,0.039,5
155.7160,-0.00072,0.64244,-0.00208,0.00000,0.64290,-90.015,0.039,5
155.7660,-0.00025,0.63470,-0.00208,0.00000,0.63540,-90.015,0.039,5
155.8160,0.00017,0.62700,-0.00208,0.00000,0.62790,-90.015,0.040,5
155.8660,0.00054,0.61934,-0.00208,0.00000,0.62040,-90.014,0.040,5
155.9160,0.00086,0.61171,-0.00208,0.00000,0.61290,-90.014,0.040,5
155.9660,0.00114,0.60410,-0.00208,0.00000,0.60540,-90.013,0.040,5
156.0160,0.00137,0.59653,-0.00208,0.00000,0.59790,-90.013,0.040,5
156.0660,0.00157,0.58897,-0.00209,0.00000,0.59040,-90.012,0.040,5
156.1160,0.00173,0.58144,-0.00209,0.00000,0.58290,-90.012,0.040,5
156.1660,0.00186,0.57392,-0.00209,0.00000,0.57540,-90.011,0.040,5
156.2160,0.00196,0.56642,-0.00209,0.00000,0.56790,-90.010,0.040,5
156.2660,0.00204,0.55893,-0.00209,0.00000,0.56040,-90.010,0.040,5
156.3160,0.00209,0.55145,-0.00209,0.00000,0.55290,-90.009,0.040,5
156.3660,0.00212,0.54398,-0.00209,0.00000,0.54540,-90.009,0.040,5
156.4160,0.00213,0.53652,-0.00209,0.00000,0.53790,-90.008,0.040,5
156.4660,0.00213,0.52906,-0.00209,0.00000,0.53040,-90.007,0.040,5
156.5160,0.00211,0.52161,-0.00209,0.00000,0.52290,-90.007,0.040,5
156.5660,0.00208,0.51416,-0.00209,0.00000,0.51540,-90.006,0.040,5
156.6160,0.00203,0.50671,-0.00209,0.00000,0.50790,-90.005,0.040,5
156.6660,0.00198,0.49927,-0.00209,0.00000,0.50040,-90.005,0.040,5
156.7160,0.00192,0.49182,-0.00209,0.00000,0.49290,-90.004,0.040,5
156.7660,0.00185,0.48438,-0.00209,0.00000,0.48540,-90.003,0.040,5
156.8160,0.00178,0.47694,-0.00209,0.00000,0.47790,-90.003,0.040,5
156.8660,0.00171,0.46949,-0.00209,0.00000,0.47040,-90.002,0.040,5
156.9160,0.00163,0.46204,-0.00209,0.00000,0.46290,-90.002,0.040,5
156.9660,0.00155,0.45459,-0.00209,0.00000,0.45540,-90.001,0.040,5
157.0160,0.00147,0.44714,-0.00209,0.00000,0.44790,-90.001,0.040,5
157.0660,0.00138,0.43969,-0.00209,0.00000,0.44040,-90.000,0.040,5
157.1160,0.00130,0.43223,-0.00209,0.00000,0.43290,-90.000,0.040,5
157.1660,0.00122,0.42477,-0.00209,0.00000,0.42540,-89.999,0.040,5
157.2160,0.00114,0.41731,-0.00209,0.00000,0.41790,-89.999,0.040,5
157.2660,0.00106,0.40985,-0.00209,0.00000,0.41040,-89.999,0.040,5
157.3160,0.00099,0.40238,-0.00209,0.00000,0.40290,-89.998,0.040,5
157.3660,0.00092,0.39491,-0.00209,0.00000,0.39540,-89.998,0.040,5
157.4160,0.00084,0.38744,-0.00209,0.00000,0.38790,-89.998,0.040,5
157.4660,0.00078,0.37996,-0.00209,0.00000,0.38040,-89.997,0.040,5
157.5160,0.00071,0.37249,-0.00209,0.00000,0.37290,-89.997,0.040,5
157.5660,0.00065,0.36501,-0.00209,0.00000,0.36540,-89.997,0.040,5
157.6160,0.00059,0.35753,-0.00209,0.00000,0.35790,-89.997,0.040,5
157.6660,0.00054,0.35005,-0.00209,0.00000,0.35040,-89.996,0.040,5
157.7160,0.00049,0.34256,-0.00209,0.00000,0.34290,-89.996,0.040,5
157.7660,0.00044,0.33507,-0.00209,0.00000,0.33540,-89.996,0.040,5
157.8160,0.00039,0.32759,-0.00209,0.00000,0.32790,-89.996,0.040,5
157.8660,0.00035,0.32010,-0.00209,0.00000,0.32040,-89.996,0.040,5
157.9160,0.00031,0.31260,-0.00209,0.00000,0.31290,-89.996,0.040,5
157.9660,0.00028,0.30511,-0.00209,0.00000,0.30540,-89.996,0.040,5
158.0160,0.00024,0.29762,-0.00209,0.00000,0.29790,-89.996,0.040,5
158.0660,0.00021,0.29012,-0.00209,0.00000,0.29040,-89.996,0.040,5
158.1160,0.00019,0.28263,-0.00209,0.00000,0.28290,-89.995,0.040,5
158.1660,0.00016,0.27513,-0.00209,0.00000,0.27540,-89.995,0.040,5
158.2160,0.00014,0.26763,-0.00209,0.00000,0.26790,-89.995,0.040,5
158.2660,0.00012,0.26013,-0.00209,0.00000,0.26040,-89.995,0.040,5
158.3160,0.00010,0.25264,-0.00209,0.00000,0.25290,-89.995,0.040,5
158.3660,0.00008,0.24514,-0.00209,0.00000,0.24540,-89.995,0.040,5
158.4160,0.00007,0.23764,-0.00209,0.00000,0.23790,-89.995,0.040,5
158.4660,0.00006,0.23014,-0.00209,0.00000,0.23040,-89.995,0.040,5
158.5160,0.00005,0.22264,-0.00209,0.00000,0.22290,-89.995,0.040,5
158.5660,0.00004,0.21513,-0.00209,0.00000,0.21540,-89.995,0.040,5
158.6160,0.00003,0.20763,-0.00209,0.00000,0.20790,-89.995,0.040,5
158.6660,0.00003,0.20013,-0.00209,0.00000,0.20040,-89.995,0.040,5
158.7160,0.00002,0.19263,-0.00209,0.00000,0.19290,-89.995,0.040,5
158.7660,0.00002,0.18513,-0.00209,0.00000,0.18540,-89.995,0.040,5
158.8160,0.00001,0.17763,-0.00209,0.00000,0.17790,-89.995,0.040,5
158.8660,0.00001,0.17013,-0.00209,0.00000,0.17040,-89.995,0.040,5
158.9160,0.00001,0.16262,-0.00209,0.00000,0.16290,-89.995,0.040,5
158.9660,0.00001,0.15512,-0.00209,0.00000,0.15540,-89.995,0.040,5
159.0160,0.00001,0.14762,-0.00209,0.00000,0.14790,-89.995,0.040,5
159.0660,0.00001,0.14012,-0.00209,0.00000,0.14040,-89.995,0.040,5
159.1160,0.00001,0.13262,-0.00209,0.00000,0.13290,-89.995,0.040,5
159.1660,0.00001,0.12512,-0.00209,0.00000,0.12540,-89.996,0.040,5
159.2160,0.00001,0.11761,-0.00209,0.00000,0.11790,-89.996,0.040,5
159.2660,0.00002,0.11011,-0.00209,0.00000,0.11040,-89.996,0.040,5
159.3160,0.00002,0.10261,-0.00209,0.00000,0.10290,-89.996,0.040,5
159.3660,0.00002,0.09511,-0.00209,0.00000,0.09540,-89.996,0.040,5
159.4160,0.00002,0.08761,-0.00209,0.00000,0.08790,-89.996,0.040,5
159.4660,0.00003,0.08011,-0.00209,0.00000,0.08040,-89.996,0.040,5
159.5160,0.00003,0.07261,-0.00209,0.00000,0.07290,-89.996,0.040,5
159.5660,0.00003,0.06511,-0.00209,0.00000,0.06540,-89.996,0.040,5
159.6160,0.00004,0.05761,-0.00209,0.00000,0.05790,-89.996,0.040,5
159.6660,0.00004,0.05010,-0.00209,0.00000,0.05040,-89.996,0.040,5
159.7160,0.00004,0.04260,-0.00209,0.00000,0.04290,-89.996,0.040,5
159.7660,0.00005,0.03510,-0.00209,0.00000,0.03540,-89.996,0.040,5
159.8160,0.00005,0.02760,-0.00209,0.00000,0.02790,-89.996,0.040,5
159.8660,0.00005,0.02010,-0.00209,0.00000,0.02040,-89.996,0.040,5
159.9160,0.00005,0.01260,-0.00209,0.00000,0.01290,-89.996,0.040,5
159.9660,0.00006,0.00510,-0.00209,0.00000,0.00540,-89.996,0.040,5
160.0160,0.00011,-0.00234,-0.00209,0.00210,0.00000,-89.911,0.041,6
160.0660,0.00075,-0.00890,-0.00209,0.00960,0.00000,-88.389,0.058,6
160.1160,0.00210,-0.01439,-0.00209,0.01710,0.00000,-85.463,0.059,6
160.1660,0.00414,-0.01892,-0.00208,0.02460,0.00000,-82.167,0.051,6
160.2160,0.00686,-0.02256,-0.00208,0.03210,0.00000,-78.811,0.048,6
160.2660,0.01020,-0.02542,-0.00208,0.03960,0.00000,-75.466,0.046,6
160.3160,0.01411,-0.02761,-0.00208,0.04710,0.00000,-72.164,0.046,6
160.3660,0.01853,-0.02924,-0.00208,0.05460,0.00000,-68.906,0.047,6
160.4160,0.02343,-0.03039,-0.00207,0.06210,0.00000,-65.688,0.048,6
160.4660,0.02875,-0.03117,-0.00207,0.06960,0.00000,-62.504,0.049,6
160.5160,0.03447,-0.03164,-0.00207,0.07710,0.00000,-59.350,0.051,6
160.5660,0.04056,-0.03187,-0.00207,0.08460,0.00000,-56.220,0.053,6
160.6160,0.04701,-0.03190,-0.00206,0.09210,0.00000,-53.112,0.054,6
160.6660,0.05378,-0.03179,-0.00206,0.09960,0.00000,-50.020,0.056,6
160.7160,0.06086,-0.03157,-0.00206,0.10710,0.00000,-46.943,0.057,6
160.7660,0.06825,-0.03126,-0.00206,0.11460,0.00000,-43.879,0.059,6
160.8160,0.07591,-0.03088,-0.00206,0.12210,0.00000,-40.824,0.060,6
160.8660,0.08384,-0.03044,-0.00206,0.12960,0.00000,-37.778,0.061,6
160.9160,0.09201,-0.02995,-0.00206,0.13710,0.00000,-34.738,0.061,6
160.9660,0.10040,-0.02940,-0.00206,0.14460,0.00000,-31.702,0.061,6
161.0160,0.10899,-0.02880,-0.00206,0.15210,0.00000,-28.670,0.061,6
161.0660,0.11776,-0.02813,-0.00206,0.15960,0.00000,-25.638,0.061,6
161.1160,0.12669,-0.02738,-0.00206,0.16710,0.00000,-22.606,0.060,6
161.1660,0.13575,-0.02656,-0.00206,0.17460,0.00000,-19.570,0.059,6
161.2160,0.14493,-0.02564,-0.00206,0.18210,0.00000,-16.529,0.057,6
161.2660,0.15420,-0.02463,-0.00206,0.18960,0.00000,-13.481,0.054,6
161.3160,0.16354,-0.02350,-0.00206,0.19710,0.00000,-10.423,0.051,6
161.3660,0.17293,-0.02227,-0.00206,0.20460,0.00000,-7.355,0.047,6
161.4160,0.18235,-0.02091,-0.00206,0.21210,0.00000,-4.316,0.043,6
161.4660,0.19177,-0.01944,-0.00206,0.21960,0.00000,-1.647,0.038,6
161.5160,0.20108,-0.01788,-0.00206,0.22710,0.00000,-0.628,0.037,6
161.5660,0.21026,-0.01627,-0.00206,0.23460,0.00000,-0.417,0.034,6
161.6160,0.21940,-0.01470,-0.00206,0.24210,0.00000,-0.312,0.028,6
161.6660,0.22852,-0.01319,-0.00206,0.24960,0.00000,-0.233,0.021,6
161.7160,0.23763,-0.01176,-0.00206,0.25710,0.00000,-0.179,0.014,6
161.7660,0.24670,-0.01040,-0.00206,0.26460,0.00000,-0.138,0.008,6
161.8160,0.25573,-0.00913,-0.00206,0.27210,0.00000,-0.106,0.003,6
161.8660,0.26470,-0.00793,-0.00206,0.27960,0.00000,-0.080,-0.001,6
161.9160,0.27362,-0.00682,-0.00206,0.28710,0.00000,-0.059,-0.005,6
161.9660,0.28247,-0.00578,-0.00206,0.29460,0.00000,-0.042,-0.008,6
162.0160,0.29125,-0.00482,-0.00206,0.30210,0.00000,-0.029,-0.011,6
162.0660,0.29996,-0.00393,-0.00206,0.30960,0.00000,-0.019,-0.014,6
162.1160,0.30860,-0.00312,-0.00206,0.31710,0.00000,-0.010,-0.016,6
162.1660,0.31716,-0.00237,-0.00206,0.32460,0.00000,-0.004,-0.018,6
162.2160,0.32564,-0.00169,-0.00206,0.33210,0.00000,0.001,-0.020,6
162.2660,0.33406,-0.00108,-0.00206,0.33960,0.00000,0.005,-0.021,6
162.3160,0.34239,-0.00052,-0.00206,0.34710,0.00000,0.009,-0.022,6
162.3660,0.35066,-0.00003,-0.00206,0.35460,0.00000,0.011,-0.023,6
162.4160,0.35886,0.00042,-0.00206,0.36210,0.00000,0.013,-0.024,6
162.4660,0.36700,0.00081,-0.00206,0.36960,0.00000,0.015,-0.025,6
162.5160,0.37507,0.00115,-0.00207,0.37710,0.00000,0.016,-0.025,6
162.5660,0.38308,0.00145,-0.00207,0.38460,0.00000,0.018,-0.026,6
162.6160,0.39104,0.00171,-0.00207,0.39210,0.00000,0.019,-0.026,6
162.6660,0.39894,0.00193,-0.00207,0.39960,0.00000,0.019,-0.026,6
162.7160,0.40680,0.00212,-0.00207,0.40710,0.00000,0.020,-0.026,6
162.7660,0.41461,0.00227,-0.00207,0.41460,0.00000,0.021,-0.027,6
162.8160,0.42237,0.00240,-0.00207,0.42210,0.00000,0.021,-0.027,6
162.8660,0.43010,0.00249,-0.00207,0.42960,0.00000,0.022,-0.027,6
162.9160,0.43780,0.00257,-0.00207,0.43710,0.00000,0.023,-0.027,6
162.9660,0.44546,0.00262,-0.00207,0.44460,0.00000,0.023,-0.027,6
163.0160,0.45309,0.00265,-0.00207,0.45210,0.00000,0.024,-0.027,6
163.0660,0.46070,0.00266,-0.00207,0.45960,0.00000,0.024,-0.027,6
163.1160,0.46828,0.00266,-0.00207,0.46710,0.00000,0.025,-0.027,6
163.1660,0.47584,0.00264,-0.00207,0.47460,0.00000,0.025,-0.027,6
163.2160,0.48338,0.00261,-0.00208,0.48210,0.00000,0.026,-0.027,6
163.2660,0.49091,0.00257,-0.00208,0.48960,0.00000,0.026,-0.026,6
163.3160,0.49842,0.00253,-0.00208,0.49710,0.00000,0.027,-0.026,6
163.3660,0.50592,0.00247,-0.00208,0.50460,0.00000,0.027,-0.026,6
163.4160,0.51341,0.00241,-0.00208,0.51210,0.00000,0.028,-0.026,6
163.4660,0.52089,0.00234,-0.00208,0.51960,0.00000,0.028,-0.026,6
163.5160,0.52837,0.00227,-0.00208,0.52710,0.00000,0.029,-0.026,6
163.5660,0.53583,0.00220,-0.00208,0.53460,0.00000,0.029,-0.026,6
163.6160,0.54330,0.00213,-0.00208,0.54210,0.00000,0.030,-0.026,6
163.6660,0.55076,0.00205,-0.00208,0.54960,0.00000,0.030,-0.026,6
163.7160,0.55821,0.00197,-0.00208,0.55710,0.00000,0.030,-0.026,6
163.7660,0.56567,0.00190,-0.00208,0.56460,0.00000,0.031,-0.026,6
163.8160,0.57312,0.00182,-0.00208,0.57210,0.00000,0.031,-0.026,6
163.8660,0.58057,0.00174,-0.00208,0.57960,0.00000,0.032,-0.026,6
163.9160,0.58802,0.00167,-0.00208,0.58710,0.00000,0.032,-0.026,6
163.9660,0.59548,0.00160,-0.00208,0.59460,0.00000,0.032,-0.026,6
164.0160,0.60293,0.00153,-0.00209,0.60210,0.00000,0.032,-0.026,6
164.0660,0.61039,0.00146,-0.00209,0.60960,0.00000,0.033,-0.026,6
164.1160,0.61784,0.00140,-0.00209,0.61710,0.00000,0.033,-0.026,6
164.1660,0.62530,0.00134,-0.00209,0.62460,0.00000,0.033,-0.026,6
164.2160,0.63276,0.00128,-0.00209,0.63210,0.00000,0.033,-0.026,6
164.2660,0.64023,0.00122,-0.00209,0.63960,0.00000,0.033,-0.026,6
164.3160,0.64769,0.00117,-0.00209,0.64710,0.00000,0.034,-0.026,6
164.3660,0.65516,0.00112,-0.00209,0.65460,0.00000,0.034,-0.026,6
164.4160,0.66263,0.00107,-0.00209,0.66210,0.00000,0.034,-0.026,6
164.4660,0.67010,0.00103,-0.00209,0.66960,0.00000,0.034,-0.026,6
164.5160,0.67757,0.00099,-0.00209,0.67710,0.00000,0.034,-0.026,6
164.5660,0.68505,0.00095,-0.00209,0.68460,0.00000,0.034,-0.026,6
164.6160,0.69253,0.00092,-0.00209,0.69210,0.00000,0.034,-0.026,6
164.6660,0.70001,0.00089,-0.00209,0.69960,0.00000,0.034,-0.026,6
164.7160,0.70749,0.00086,-0.00209,0.70710,0.00000,0.034,-0.026,6
164.7660,0.71497,0.00083,-0.00209,0.71460,0.00000,0.034,-0.026,6
164.8160,0.72246,0.00081,-0.00209,0.72210,0.00000,0.035,-0.026,6
164.8660,0.72995,0.00079,-0.00209,0.72960,0.00000,0.035,-0.026,6
164.9160,0.73743,0.00077,-0.00209,0.73710,0.00000,0.035,-0.026,6
164.9660,0.74492,0.00075,-0.00209,0.74460,0.00000,0.035,-0.026,6
165.0160,0.75242,0.00074,-0.00209,0.75210,0.00000,0.035,-0.026,6
165.0660,0.75991,0.00072,-0.00209,0.75960,0.00000,0.035,-0.026,6
165.1160,0.76740,0.00071,-0.00209,0.76710,0.00000,0.035,-0.026,6
165.1660,0.77490,0.00070,-0.00209,0.77460,0.00000,0.035,-0.026,6
165.2160,0.78239,0.00069,-0.00209,0.78210,0.00000,0.035,-0.026,6
165.2660,0.78989,0.00069,-0.00209,0.78960,0.00000,0.035,-0.026,6
165.3160,0.79739,0.00068,-0.00209,0.79710,0.00000,0.035,-0.026,6
165.3660,0.80488,0.00068,-0.00209,0.80460,0.00000,0.035,-0.026,6
165.4160,0.81238,0.00067,-0.00209,0.81210,0.00000,0.035,-0.026,6
165.4660,0.81988,0.00067,-0.00209,0.81960,0.00000,0.035,-0.026,6
165.5160,0.82738,0.00067,-0.00209,0.82710,0.00000,0.035,-0.026,6
165.5660,0.83488,0.00067,-0.00209,0.83460,0.00000,0.035,-0.026,6
165.6160,0.84238,0.00067,-0.00209,0.84210,0.00000,0.035,-0.026,6
165.6660,0.84988,0.00067,-0.00209,0.84960,0.00000,0.035,-0.026,6
165.7160,0.85738,0.00067,-0.00209,0.85710,0.00000,0.035,-0.026,6
165.7660,0.86488,0.00067,-0.00209,0.86460,0.00000,0.035,-0.026,6
165.8160,0.87238,0.00067,-0.00209,0.87210,0.00000,0.035,-0.026,6
165.8660,0.87988,0.00067,-0.00209,0.87960,0.00000,0.035,-0.026,6
165.9160,0.88739,0.00068,-0.00209,0.88710,0.00000,0.035,-0.026,6
165.9660,0.89489,0.00068,-0.00209,0.89460,0.00000,0.035,-0.026,6
166.0160,0.90239,0.00068,-0.00209,0.90210,0.00000,0.035,-0.026,6
166.0660,0.90989,0.00068,-0.00209,0.90960,0.00000,0.035,-0.026,6
166.1160,0.91739,0.00069,-0.00209,0.91710,0.00000,0.035,-0.026,6
166.1660,0.92489,0.00069,-0.00209,0.92460,0.00000,0.035,-0.026,6
166.2160,0.93239,0.00069,-0.00209,0.93210,0.00000,0.035,-0.026,6
166.2660,0.93990,0.00070,-0.00209,0.93960,0.00000,0.035,-0.026,6
166.3160,0.94740,0.00070,-0.00209,0.94710,0.00000,0.035,-0.026,6
166.3660,0.95490,0.00070,-0.00209,0.95460,0.00000,0.035,-0.026,6
166.4160,0.96240,0.00071,-0.00209,0.96210,0.00000,0.035,-0.026,6
166.4660,0.96990,0.00071,-0.00209,0.96960,0.00000,0.035,-0.026,6
166.5160,0.97740,0.00071,-0.00209,0.97710,0.00000,0.035,-0.026,6
166.5660,0.98490,0.00072,-0.00209,0.98460,0.00000,0.035,-0.026,6
166.6160,0.99240,0.00072,-0.00209,0.99210,0.00000,0.035,-0.026,6
166.6660,0.99990,0.00072,-0.00209,0.99960,0.00000,0.035,-0.026,6
166.7160,1.00734,0.00077,-0.00209,1.00000,0.00710,0.117,-0.025,6
166.7660,1.01390,0.00146,-0.00209,1.00000,0.01460,1.614,-0.007,6
166.8160,1.01941,0.00300,-0.00209,1.00000,0.02210,4.727,-0.003,6
166.8660,1.02395,0.00534,-0.00208,1.00000,0.02960,8.261,-0.009,6
166.9160,1.02756,0.00840,-0.00208,1.00000,0.03710,11.848,-0.011,6
166.9660,1.03032,0.01211,-0.00208,1.00000,0.04460,15.396,-0.010,6
167.0160,1.03236,0.01640,-0.00208,1.00000,0.05210,18.868,-0.009,6
167.0660,1.03380,0.02122,-0.00208,1.00000,0.05960,22.264,-0.008,6
167.1160,1.03473,0.02654,-0.00208,1.00000,0.06710,25.593,-0.007,6
167.1660,1.03525,0.03230,-0.00208,1.00000,0.07460,28.865,-0.007,6
167.2160,1.03545,0.03850,-0.00207,1.00000,0.08210,32.088,-0.007,6
167.2660,1.03538,0.04511,-0.00207,1.00000,0.08960,35.270,-0.008,6
167.3160,1.03510,0.05210,-0.00207,1.00000,0.09710,38.419,-0.010,6
167.3660,1.03465,0.05947,-0.00207,1.00000,0.10460,41.539,-0.012,6
167.4160,1.03406,0.06718,-0.00207,1.00000,0.11210,44.636,-0.015,6
167.4660,1.03335,0.07523,-0.00207,1.00000,0.11960,47.713,-0.019,6
167.5160,1.03254,0.08358,-0.00207,1.00000,0.12710,50.773,-0.024,6
167.5660,1.03162,0.09222,-0.00207,1.00000,0.13460,53.819,-0.029,6
167.6160,1.03062,0.10112,-0.00207,1.00000,0.14210,56.853,-0.034,6
167.6660,1.02952,0.11026,-0.00207,1.00000,0.14960,59.877,-0.040,6
167.7160,1.02833,0.11959,-0.00207,1.00000,0.15710,62.893,-0.047,6
167.7660,1.02705,0.12910,-0.00207,1.00000,0.16460,65.902,-0.053,6
167.8160,1.02567,0.13875,-0.00207,1.00000,0.17210,68.904,-0.060,6
167.8660,1.02420,0.14851,-0.00207,1.00000,0.17960,71.902,-0.067,6
167.9160,1.02263,0.15834,-0.00207,1.00000,0.18710,74.895,-0.074,6
167.9660,1.02098,0.16821,-0.00207,1.00000,0.19460,77.884,-0.080,6
168.0160,1.01924,0.17809,-0.00207,1.00000,0.20210,80.867,-0.086,6
168.0660,1.01743,0.18794,-0.00207,1.00000,0.20960,83.840,-0.092,6
168.1160,1.01556,0.19773,-0.00206,1.00000,0.21710,86.760,-0.097,6
168.1660,1.01365,0.20743,-0.00206,1.00000,0.22460,89.267,-0.101,6
168.2160,1.01178,0.21700,-0.00206,1.00000,0.23210,90.172,-0.106,6
168.2660,1.01001,0.22641,-0.00206,1.00000,0.23960,90.252,-0.109,6
168.3160,1.00838,0.23567,-0.00206,1.00000,0.24710,90.230,-0.112,6
168.3660,1.00688,0.24479,-0.00206,1.00000,0.25460,90.208,-0.115,6
168.4160,1.00551,0.25378,-0.00205,1.00000,0.26210,90.180,-0.118,6
168.4660,1.00428,0.26264,-0.00205,1.00000,0.26960,90.154,-0.119,6
168.5160,1.00316,0.27138,-0.00205,1.00000,0.27710,90.132,-0.121,6
168.5660,1.00215,0.27999,-0.00205,1.00000,0.28460,90.113,-0.122,6
168.6160,1.00126,0.28850,-0.00205,1.00000,0.29210,90.097,-0.123,6
168.6660,1.00046,0.29690,-0.00205,1.00000,0.29960,90.084,-0.124,6
168.7160,0.99976,0.30520,-0.00205,1.00000,0.30710,90.072,-0.124,6
168.7660,0.99915,0.31340,-0.00205,1.00000,0.31460,90.062,-0.124,6
168.8160,0.99861,0.32152,-0.00205,1.00000,0.32210,90.053,-0.124,6
168.8660,0.99816,0.32956,-0.00205,1.00000,0.32960,90.046,-0.124,6
168.9160,0.99777,0.33753,-0.00205,1.00000,0.33710,90.039,-0.124,6
168.9660,0.99745,0.34543,-0.00205,1.00000,0.34460,90.033,-0.124,6
169.0160,0.99718,0.35326,-0.00206,1.00000,0.35210,90.028,-0.124,6
169.0660,0.99698,0.36104,-0.00206,1.00000,0.35960,90.024,-0.123,6
169.1160,0.99681,0.36876,-0.00206,1.00000,0.36710,90.020,-0.123,6
169.1660,0.99670,0.37645,-0.00206,1.00000,0.37460,90.017,-0.123,6
169.2160,0.99662,0.38408,-0.00206,1.00000,0.38210,90.014,-0.122,6
169.2660,0.99658,0.39169,-0.00206,1.00000,0.38960,90.011,-0.122,6
169.3160,0.99657,0.39926,-0.00206,1.00000,0.39710,90.009,-0.121,6
169.3660,0.99658,0.40680,-0.00206,1.00000,0.40460,90.007,-0.121,6
169.4160,0.99662,0.41432,-0.00206,1.00000,0.41210,90.005,-0.121,6
169.4660,0.99668,0.42181,-0.00207,1.00000,0.41960,90.003,-0.120,6
169.5160,0.99676,0.42929,-0.00207,1.00000,0.42710,90.002,-0.120,6
169.5660,0.99686,0.43675,-0.00207,1.00000,0.43460,90.000,-0.119,6
169.6160,0.99696,0.44420,-0.00207,1.00000,0.44210,89.999,-0.119,6
169.6660,0.99708,0.45164,-0.00207,1.00000,0.44960,89.998,-0.119,6
169.7160,0.99721,0.45907,-0.00207,1.00000,0.45710,89.997,-0.119,6
169.7660,0.99734,0.46650,-0.00207,1.00000,0.46460,89.996,-0.118,6
169.8160,0.99747,0.47392,-0.00207,1.00000,0.47210,89.996,-0.118,6
169.8660,0.99761,0.48134,-0.00208,1.00000,0.47960,89.995,-0.118,6
169.9160,0.99775,0.48875,-0.00208,1.00000,0.48710,89.995,-0.118,6
169.9660,0.99789,0.49617,-0.00208,1.00000,0.49460,89.994,-0.118,6
170.0160,0.99803,0.50358,-0.00208,1.00000,0.50210,89.994,-0.117,6
170.0660,0.99817,0.51100,-0.00208,1.00000,0.50960,89.994,-0.117,6
170.1160,0.99831,0.51842,-0.00208,1.00000,0.51710,89.993,-0.117,6
170.1660,0.99844,0.52584,-0.00208,1.00000,0.52460,89.993,-0.117,6
170.2160,0.99857,0.53326,-0.00208,1.00000,0.53210,89.993,-0.117,6
170.2660,0.99869,0.54068,-0.00208,1.00000,0.53960,89.993,-0.117,6
170.3160,0.99881,0.54811,-0.00208,1.00000,0.54710,89.993,-0.117,6
170.3660,0.99893,0.55555,-0.00208,1.00000,0.55460,89.993,-0.117,6
170.4160,0.99904,0.56298,-0.00208,1.00000,0.56210,89.993,-0.117,6
170.4660,0.99914,0.57043,-0.00208,1.00000,0.56960,89.993,-0.117,6
170.5160,0.99924,0.57787,-0.00208,1.00000,0.57710,89.993,-0.117,6
170.5660,0.99933,0.58532,-0.00209,1.00000,0.58460,89.993,-0.117,6
170.6160,0.99942,0.59277,-0.00209,1.00000,0.59210,89.993,-0.117,6
170.6660,0.99950,0.60023,-0.00209,1.00000,0.59960,89.993,-0.117,6
170.7160,0.99957,0.60769,-0.00209,1.00000,0.60710,89.993,-0.117,6
170.7660,0.99964,0.61515,-0.00209,1.00000,0.61460,89.993,-0.117,6
170.8160,0.99971,0.62262,-0.00209,1.00000,0.62210,89.994,-0.117,6
170.8660,0.99977,0.63009,-0.00209,1.00000,0.62960,89.994,-0.117,6
170.9160,0.99982,0.63756,-0.00209,1.00000,0.63710,89.994,-0.117,6
170.9660,0.99988,0.64504,-0.00209,1.00000,0.64460,89.994,-0.117,6
171.0160,0.99992,0.65252,-0.00209,1.00000,0.65210,89.994,-0.117,6
171.0660,0.99996,0.66000,-0.00209,1.00000,0.65960,89.994,-0.117,6
171.1160,1.00000,0.66748,-0.00209,1.00000,0.66710,89.994,-0.117,6
171.1660,1.00003,0.67497,-0.00209,1.00000,0.67460,89.994,-0.117,6
171.2160,1.00006,0.68246,-0.00209,1.00000,0.68210,89.995,-0.117,6
171.2660,1.00009,0.68995,-0.00209,1.00000,0.68960,89.995,-0.117,6
171.3160,1.00011,0.69744,-0.00209,1.00000,0.69710,89.995,-0.117,6
171.3660,1.00013,0.70493,-0.00209,1.00000,0.70460,89.995,-0.117,6
171.4160,1.00015,0.71243,-0.00209,1.00000,0.71210,89.995,-0.117,6
171.4660,1.00016,0.71992,-0.00209,1.00000,0.71960,89.995,-0.117,6
171.5160,1.00018,0.72742,-0.00209,1.00000,0.72710,89.995,-0.117,6
171.5660,1.00019,0.73492,-0.00209,1.00000,0.73460,89.995,-0.117,6
171.6160,1.00020,0.74242,-0.00209,1.00000,0.74210,89.995,-0.117,6
171.6660,1.00020,0.74991,-0.00209,1.00000,0.74960,89.995,-0.117,6
171.7160,1.00021,0.75741,-0.00209,1.00000,0.75710,89.996,-0.117,6
171.7660,1.00021,0.76492,-0.00209,1.00000,0.76460,89.996,-0.117,6
171.8160,1.00021,0.77242,-0.00209,1.00000,0.77210,89.996,-0.117,6
171.8660,1.00021,0.77992,-0.00209,1.00000,0.77960,89.996,-0.117,6
171.9160,1.00021,0.78742,-0.00209,1.00000,0.78710,89.996,-0.117,6
171.9660,1.00021,0.79492,-0.00209,1.00000,0.79460,89.996,-0.117,6
172.0160,1.00021,0.80242,-0.00209,1.00000,0.80210,89.996,-0.117,6
172.0660,1.00021,0.80993,-0.00209,1.00000,0.80960,89.996,-0.117,6
172.1160,1.00020,0.81743,-0.00209,1.00000,0.81710,89.996,-0.117,6
172.1660,1.00020,0.82493,-0.00209,1.00000,0.82460,89.996,-0.117,6
172.2160,1.00019,0.83243,-0.00209,1.00000,0.83210,89.996,-0.117,6
172.2660,1.00019,0.83994,-0.00209,1.00000,0.83960,89.996,-0.117,6
172.3160,1.00019,0.84744,-0.00209,1.00000,0.84710,89.996,-0.117,6
172.3660,1.00018,0.85494,-0.00209,1.00000,0.85460,89.996,-0.117,6
172.4160,1.00018,0.86244,-0.00209,1.00000,0.86210,89.996,-0.117,6
172.4660,1.00017,0.86994,-0.00209,1.00000,0.86960,89.996,-0.117,6
172.5160,1.00017,0.87745,-0.00209,1.00000,0.87710,89.996,-0.117,6
172.5660,1.00016,0.88495,-0.00209,1.00000,0.88460,89.996,-0.117,6
172.6160,1.00016,0.89245,-0.00209,1.00000,0.89210,89.996,-0.117,6
172.6660,1.00015,0.89995,-0.00209,1.00000,0.89960,89.996,-0.117,6
172.7160,1.00015,0.90745,-0.00209,1.00000,0.90710,89.996,-0.117,6
172.7660,1.00014,0.91496,-0.00209,1.00000,0.91460,89.996,-0.117,6
172.8160,1.00014,0.92246,-0.00209,1.00000,0.92210,89.996,-0.117,6
172.8660,1.00013,0.92996,-0.00209,1.00000,0.92960,89.996,-0.117,6
172.9160,1.00013,0.93746,-0.00209,1.00000,0.93710,89.996,-0.117,6
172.9660,1.00012,0.94496,-0.00209,1.00000,0.94460,89.996,-0.117,6
173.0160,1.00012,0.95246,-0.00209,1.00000,0.95210,89.996,-0.117,6
173.0660,1.00012,0.95996,-0.00209,1.00000,0.95960,89.996,-0.117,6
173.1160,1.00011,0.96746,-0.00209,1.00000,0.96710,89.996,-0.117,6
173.1660,1.00011,0.97496,-0.00209,1.00000,0.97460,89.996,-0.117,6
173.2160,1.00011,0.98247,-0.00209,1.00000,0.98210,89.996,-0.117,6
173.2660,1.00010,0.98997,-0.00209,1.00000,0.98960,89.996,-0.117,6
173.3160,1.00010,0.99747,-0.00209,1.00000,0.99710,89.996,-0.117,6
173.3660,1.00005,1.00490,-0.00209,0.99540,1.00000,90.082,-0.116,6
173.4160,0.99935,1.01142,-0.00209,0.98790,1.00000,91.616,-0.100,6
173.4660,0.99769,1.01687,-0.00209,0.98040,1.00000,94.624,-0.098,6
173.5160,0.99509,1.02140,-0.00209,0.97290,1.00000,97.989,-0.107,6
173.5660,0.99164,1.02514,-0.00208,0.96540,1.00000,101.409,-0.114,6
173.6160,0.98744,1.02818,-0.00208,0.95790,1.00000,104.809,-0.119,6
173.6660,0.98256,1.03062,-0.00208,0.95040,1.00000,108.157,-0.123,6
173.7160,0.97707,1.03254,-0.00208,0.94290,1.00000,111.453,-0.125,6
173.7660,0.97104,1.03401,-0.00208,0.93540,1.00000,114.702,-0.126,6
173.8160,0.96451,1.03509,-0.00208,0.92790,1.00000,117.911,-0.126,6
173.8660,0.95752,1.03585,-0.00208,0.92040,1.00000,121.087,-0.126,6
173.9160,0.95012,1.03633,-0.00208,0.91290,1.00000,124.234,-0.125,6
173.9660,0.94234,1.03656,-0.00208,0.90540,1.00000,127.359,-0.124,6
174.0160,0.93421,1.03658,-0.00208,0.89790,1.00000,130.464,-0.123,6
174.0660,0.92577,1.03642,-0.00208,0.89040,1.00000,133.554,-0.121,6
174.1160,0.91706,1.03609,-0.00208,0.88290,1.00000,136.631,-0.120,6
174.1660,0.90809,1.03561,-0.00208,0.87540,1.00000,139.697,-0.118,6
174.2160,0.89891,1.03499,-0.00208,0.86790,1.00000,142.754,-0.116,6
174.2660,0.88955,1.03424,-0.00208,0.86040,1.00000,145.804,-0.114,6
174.3160,0.88003,1.03337,-0.00208,0.85290,1.00000,148.849,-0.112,6
174.3660,0.87040,1.03238,-0.00208,0.84540,1.00000,151.889,-0.110,6
174.4160,0.86067,1.03127,-0.00208,0.83790,1.00000,154.926,-0.107,6
174.4660,0.85089,1.03005,-0.00208,0.83040,1.00000,157.961,-0.104,6
174.5160,0.84108,1.02872,-0.00208,0.82290,1.00000,160.994,-0.101,6
174.5660,0.83128,1.02730,-0.00208,0.81540,1.00000,164.027,-0.098,6
174.6160,0.82151,1.02577,-0.00208,0.80790,1.00000,167.060,-0.094,6
174.6660,0.81179,1.02416,-0.00208,0.80040,1.00000,170.095,-0.090,6
174.7160,0.80217,1.02247,-0.00208,0.79290,1.00000,173.127,-0.085,6
174.7660,0.79266,1.02070,-0.00208,0.78540,1.00000,176.113,-0.080,6
174.8160,0.78326,1.01888,-0.00208,0.77790,1.00000,178.685,-0.076,6
174.8660,0.77398,1.01703,-0.00208,0.77040,1.00000,179.673,-0.072,6
174.9160,0.76484,1.01516,-0.00208,0.76290,1.00000,179.837,-0.067,6
174.9660,0.75591,1.01337,-0.00208,0.75540,1.00000,179.882,-0.060,6
175.0160,0.74717,1.01168,-0.00208,0.74790,1.00000,179.912,-0.052,6
175.0660,0.73861,1.01012,-0.00208,0.74040,1.00000,179.927,-0.046,6
175.1160,0.73023,1.00867,-0.00208,0.73290,1.00000,179.935,-0.040,6
175.1660,0.72199,1.00733,-0.00208,0.72540,1.00000,179.942,-0.035,6
175.2160,0.71390,1.00610,-0.00208,0.71790,1.00000,179.947,-0.031,6
175.2660,0.70593,1.00498,-0.00209,0.71040,1.00000,179.950,-0.027,6
175.3160,0.69808,1.00396,-0.00209,0.70290,1.00000,179.953,-0.023,6
175.3660,0.69032,1.00303,-0.00209,0.69540,1.00000,179.955,-0.020,6
175.4160,0.68265,1.00220,-0.00209,0.68790,1.00000,179.956,-0.018,6
175.4660,0.67506,1.00146,-0.00209,0.68040,1.00000,179.957,-0.015,6
175.5160,0.66753,1.00079,-0.00209,0.67290,1.00000,179.957,-0.013,6
175.5660,0.66006,1.00021,-0.00209,0.66540,1.00000,179.957,-0.011,6
175.6160,0.65263,0.99970,-0.00209,0.65790,1.00000,179.957,-0.010,6
175.6660,0.64525,0.99926,-0.00210,0.65040,1.00000,179.957,-0.008,6
175.7160,0.63790,0.99888,-0.00210,0.64290,1.00000,179.957,-0.007,6
175.7660,0.63058,0.99856,-0.00210,0.63540,1.00000,179.957,-0.006,6
175.8160,0.62328,0.99829,-0.00210,0.62790,1.00000,179.956,-0.005,6
175.8660,0.61599,0.99807,-0.00210,0.62040,1.00000,179.956,-0.004,6
175.9160,0.60872,0.99790,-0.00210,0.61290,1.00000,179.956,-0.003,6
175.9660,0.60145,0.99777,-0.00210,0.60540,1.00000,179.955,-0.003,6
176.0160,0.59419,0.99768,-0.00210,0.59790,1.00000,179.955,-0.002,6
176.0660,0.58693,0.99762,-0.00210,0.59040,1.00000,179.955,-0.001,6
176.1160,0.57966,0.99759,-0.00210,0.58290,1.00000,179.955,-0.001,6
176.1660,0.57239,0.99758,-0.00210,0.57540,1.00000,179.955,-0.001,6
176.2160,0.56512,0.99760,-0.00210,0.56790,1.00000,179.955,-0.000,6
176.2660,0.55784,0.99765,-0.00210,0.56040,1.00000,179.955,0.000,6
176.3160,0.55055,0.99770,-0.00210,0.55290,1.00000,179.955,0.000,6
176.3660,0.54325,0.99778,-0.00210,0.54540,1.00000,179.955,0.001,6
176.4160,0.53594,0.99787,-0.00210,0.53790,1.00000,179.955,0.001,6
176.4660,0.52862,0.99796,-0.00210,0.53040,1.00000,179.956,0.001,6
176.5160,0.52129,0.99807,-0.00210,0.52290,1.00000,179.956,0.001,6
176.5660,0.51395,0.99818,-0.00210,0.51540,1.00000,179.956,0.001,6
176.6160,0.50660,0.99830,-0.00210,0.50790,1.00000,179.956,0.001,6
176.6660,0.49923,0.99842,-0.00210,0.50040,1.00000,179.957,0.001,6
176.7160,0.49186,0.99855,-0.00210,0.49290,1.00000,179.957,0.002,6
176.7660,0.48447,0.99867,-0.00210,0.48540,1.00000,179.957,0.002,6
176.8160,0.47707,0.99880,-0.00210,0.47790,1.00000,179.958,0.002,6
176.8660,0.46967,0.99892,-0.00210,0.47040,1.00000,179.958,0.002,6
176.9160,0.46225,0.99904,-0.00210,0.46290,1.00000,179.959,0.002,6
176.9660,0.45483,0.99916,-0.00210,0.45540,1.00000,179.959,0.002,6
177.0160,0.44740,0.99928,-0.00209,0.44790,1.00000,179.959,0.002,6
177.0660,0.43996,0.99940,-0.00209,0.44040,1.00000,179.960,0.002,6
177.1160,0.43251,0.99951,-0.00209,0.43290,1.00000,179.960,0.002,6
177.1660,0.42506,0.99961,-0.00209,0.42540,1.00000,179.961,0.002,6
177.2160,0.41760,0.99971,-0.00209,0.41790,1.00000,179.961,0.002,6
177.2660,0.41013,0.99981,-0.00209,0.41040,1.00000,179.961,0.002,6
177.3160,0.40266,0.99990,-0.00209,0.40290,1.00000,179.962,0.002,6
177.3660,0.39518,0.99999,-0.00209,0.39540,1.00000,179.962,0.002,6
177.4160,0.38770,1.00007,-0.00209,0.38790,1.00000,179.962,0.002,6
177.4660,0.38022,1.00015,-0.00209,0.38040,1.00000,179.963,0.002,6
177.5160,0.37273,1.00022,-0.00209,0.37290,1.00000,179.963,0.002,6
177.5660,0.36524,1.00029,-0.00209,0.36540,1.00000,179.963,0.002,6
177.6160,0.35774,1.00035,-0.00209,0.35790,1.00000,179.963,0.002,6
177.6660,0.35025,1.00041,-0.00209,0.35040,1.00000,179.964,0.002,6
177.7160,0.34275,1.00047,-0.00209,0.34290,1.00000,179.964,0.002,6
177.7660,0.33525,1.00051,-0.00209,0.33540,1.00000,179.964,0.002,6
177.8160,0.32775,1.00056,-0.00209,0.32790,1.00000,179.964,0.002,6
177.8660,0.32024,1.00060,-0.00209,0.32040,1.00000,179.964,0.002,6
177.9160,0.31274,1.00064,-0.00209,0.31290,1.00000,179.965,0.002,6
177.9660,0.30523,1.00067,-0.00209,0.30540,1.00000,179.965,0.002,6
178.0160,0.29773,1.00070,-0.00209,0.29790,1.00000,179.965,0.002,6
178.0660,0.29022,1.00073,-0.00209,0.29040,1.00000,179.965,0.002,6
178.1160,0.28272,1.00075,-0.00209,0.28290,1.00000,179.965,0.002,6
178.1660,0.27521,1.00077,-0.00209,0.27540,1.00000,179.965,0.002,6
178.2160,0.26770,1.00079,-0.00209,0.26790,1.00000,179.965,0.002,6
178.2660,0.26019,1.00081,-0.00209,0.26040,1.00000,179.965,0.002,6
178.3160,0.25269,1.00082,-0.00209,0.25290,1.00000,179.965,0.002,6
178.3660,0.24518,1.00083,-0.00209,0.24540,1.00000,179.965,0.002,6
178.4160,0.23767,1.00084,-0.00209,0.23790,1.00000,179.965,0.002,6
178.4660,0.23017,1.00085,-0.00209,0.23040,1.00000,179.966,0.002,6
178.5160,0.22266,1.00085,-0.00209,0.22290,1.00000,179.966,0.002,6
178.5660,0.21515,1.00086,-0.00209,0.21540,1.00000,179.966,0.002,6
178.6160,0.20765,1.00086,-0.00209,0.20790,1.00000,179.966,0.002,6
178.6660,0.20014,1.00086,-0.00209,0.20040,1.00000,179.966,0.002,6
178.7160,0.19264,1.00086,-0.00209,0.19290,1.00000,179.966,0.002,6
178.7660,0.18513,1.00086,-0.00209,0.18540,1.00000,179.966,0.002,6
178.8160,0.17763,1.00086,-0.00209,0.17790,1.00000,179.966,0.002,6
178.8660,0.17012,1.00086,-0.00209,0.17040,1.00000,179.966,0.002,6
178.9160,0.16262,1.00086,-0.00209,0.16290,1.00000,179.966,0.002,6
178.9660,0.15512,1.00085,-0.00209,0.15540,1.00000,179.966,0.002,6
179.0160,0.14761,1.00085,-0.00209,0.14790,1.00000,179.966,0.002,6
179.0660,0.14011,1.00085,-0.00209,0.14040,1.00000,179.966,0.002,6
179.1160,0.13261,1.00084,-0.00209,0.13290,1.00000,179.966,0.002,6
179.1660,0.12511,1.00084,-0.00209,0.12540,1.00000,179.966,0.002,6
179.2160,0.11760,1.00084,-0.00209,0.11790,1.00000,179.966,0.002,6
179.2660,0.11010,1.00083,-0.00209,0.11040,1.00000,179.965,0.002,6
179.3160,0.10260,1.00083,-0.00209,0.10290,1.00000,179.965,0.002,6
179.3660,0.09510,1.00082,-0.00209,0.09540,1.00000,179.965,0.002,6
179.4160,0.08760,1.00082,-0.00209,0.08790,1.00000,179.965,0.002,6
179.4660,0.08010,1.00081,-0.00209,0.08040,1.00000,179.965,0.002,6
179.5160,0.07260,1.00081,-0.00209,0.07290,1.00000,179.965,0.002,6
179.5660,0.06510,1.00080,-0.00209,0.06540,1.00000,179.965,0.002,6
179.6160,0.05759,1.00080,-0.00209,0.05790,1.00000,179.965,0.002,6
179.6660,0.05009,1.00079,-0.00209,0.05040,1.00000,179.965,0.002,6
179.7160,0.04259,1.00079,-0.00209,0.04290,1.00000,179.965,0.002,6
179.7660,0.03509,1.00079,-0.00209,0.03540,1.00000,179.965,0.002,6
179.8160,0.02759,1.00078,-0.00209,0.02790,1.00000,179.965,0.002,6
179.8660,0.02009,1.00078,-0.00209,0.02040,1.00000,179.965,0.002,6
179.9160,0.01259,1.00078,-0.00209,0.01290,1.00000,179.965,0.002,6
179.9660,0.00509,1.00077,-0.00209,0.00540,1.00000,179.965,0.002,6
180.0160,-0.00234,1.00072,-0.00209,0.00000,0.99790,-179.948,0.003,6
180.0660,-0.00880,1.00002,-0.00209,0.00000,0.99040,-178.408,0.019,6
180.1160,-0.01389,0.99809,-0.00209,0.00000,0.98290,-175.456,0.032,6
180.1660,-0.01804,0.99531,-0.00208,0.00000,0.97540,-172.217,0.015,6
180.2160,-0.02147,0.99182,-0.00208,0.00000,0.96790,-168.900,-0.001,6
180.2660,-0.02426,0.98770,-0.00207,0.00000,0.96040,-165.587,-0.010,6
180.3160,-0.02651,0.98299,-0.00207,0.00000,0.95290,-162.313,-0.016,6
180.3660,-0.02830,0.97775,-0.00207,0.00000,0.94540,-159.077,-0.022,6
180.4160,-0.02969,0.97203,-0.00206,0.00000,0.93790,-155.876,-0.026,6
180.4660,-0.03076,0.96587,-0.00206,0.00000,0.93040,-152.705,-0.028,6
180.5160,-0.03154,0.95930,-0.00206,0.00000,0.92290,-149.559,-0.029,6
180.5660,-0.03209,0.95237,-0.00206,0.00000,0.91540,-146.434,-0.030,6
180.6160,-0.03244,0.94510,-0.00206,0.00000,0.90790,-143.327,-0.029,6
180.6660,-0.03262,0.93753,-0.00206,0.00000,0.90040,-140.235,-0.028,6
180.7160,-0.03266,0.92967,-0.00205,0.00000,0.89290,-137.155,-0.026,6
180.7660,-0.03258,0.92156,-0.00205,0.00000,0.88540,-134.086,-0.024,6
180.8160,-0.03239,0.91321,-0.00205,0.00000,0.87790,-131.025,-0.021,6
180.8660,-0.03210,0.90467,-0.00205,0.00000,0.87040,-127.970,-0.019,6
180.9160,-0.03171,0.89594,-0.00205,0.00000,0.86290,-124.921,-0.015,6
180.9660,-0.03124,0.88706,-0.00205,0.00000,0.85540,-121.876,-0.012,6
181.0160,-0.03069,0.87805,-0.00205,0.00000,0.84790,-118.833,-0.009,6
181.0660,-0.03004,0.86894,-0.00205,0.00000,0.84040,-115.790,-0.005,6
181.1160,-0.02931,0.85975,-0.00205,0.00000,0.83290,-112.745,-0.001,6
181.1660,-0.02848,0.85050,-0.00205,0.00000,0.82540,-109.698,0.002,6
181.2160,-0.02756,0.84122,-0.00205,0.00000,0.81790,-106.645,0.006,6
181.2660,-0.02655,0.83192,-0.00206,0.00000,0.81040,-103.585,0.010,6
181.3160,-0.02544,0.82263,-0.00206,0.00000,0.80290,-100.516,0.013,6
181.3660,-0.02423,0.81337,-0.00206,0.00000,0.79540,-97.438,0.016,6
181.4160,-0.02291,0.80414,-0.00206,0.00000,0.78790,-94.391,0.019,6
181.4660,-0.02149,0.79498,-0.00206,0.00000,0.78040,-91.734,0.021,6
181.5160,-0.01995,0.78591,-0.00206,0.00000,0.77290,-90.683,0.025,6
181.5660,-0.01828,0.77697,-0.00206,0.00000,0.76540,-90.453,0.029,6
181.6160,-0.01660,0.76815,-0.00206,0.00000,0.75790,-90.347,0.031,6
181.6660,-0.01499,0.75941,-0.00206,0.00000,0.75040,-90.271,0.033,6
181.7160,-0.01346,0.75076,-0.00206,0.00000,0.74290,-90.219,0.034,6
181.7660,-0.01201,0.74219,-0.00207,0.00000,0.73540,-90.181,0.035,6
181.8160,-0.01064,0.73370,-0.00207,0.00000,0.72790,-90.150,0.036,6
181.8660,-0.00936,0.72530,-0.00207,0.00000,0.72040,-90.124,0.037,6
181.9160,-0.00816,0.71697,-0.00207,0.00000,0.71290,-90.104,0.037,6
181.9660,-0.00705,0.70872,-0.00207,0.00000,0.70540,-90.088,0.038,6
182.0160,-0.00601,0.70054,-0.00207,0.00000,0.69790,-90.074,0.038,6
182.0660,-0.00506,0.69243,-0.00207,0.00000,0.69040,-90.063,0.038,6
182.1160,-0.00418,0.68439,-0.00207,0.00000,0.68290,-90.055,0.039,6
182.1660,-0.00338,0.67640,-0.00208,0.00000,0.67540,-90.047,0.039,6
182.2160,-0.00265,0.66848,-0.00208,0.00000,0.66790,-90.041,0.039,6
182.2660,-0.00199,0.66061,-0.00208,0.00000,0.66040,-90.037,0.039,6
182.3160,-0.00139,0.65278,-0.00208,0.00000,0.65290,-90.033,0.039,6
182.3660,-0.00085,0.64500,-0.00208,0.00000,0.64540,-90.029,0.039,6
182.4160,-0.00038,0.63727,-0.00208,0.00000,0.63790,-90.026,0.039,6
182.4660,0.00005,0.62957,-0.00208,0.00000,0.63040,-90.024,0.040,6
182.5160,0.00042,0.62191,-0.00208,0.00000,0.62290,-90.022,0.040,6
182.5660,0.00075,0.61428,-0.00208,0.00000,0.61540,-90.020,0.040,6
182.6160,0.00103,0.60667,-0.00208,0.00000,0.60790,-90.018,0.040,6
182.6660,0.00127,0.59909,-0.00209,0.00000,0.60040,-90.017,0.040,6
182.7160,0.00147,0.59154,-0.00209,0.00000,0.59290,-90.016,0.040,6
182.7660,0.00164,0.58400,-0.00209,0.00000,0.58540,-90.014,0.040,6
182.8160,0.00177,0.57648,-0.00209,0.00000,0.57790,-90.013,0.040,6
182.8660,0.00188,0.56897,-0.00209,0.00000,0.57040,-90.012,0.040,6
182.9160,0.00196,0.56148,-0.00209,0.00000,0.56290,-90.011,0.040,6
182.9660,0.00202,0.55400,-0.00209,0.00000,0.55540,-90.010,0.040,6
183.0160,0.00205,0.54652,-0.00209,0.00000,0.54790,-90.009,0.040,6
183.0660,0.00207,0.53906,-0.00209,0.00000,0.54040,-90.009,0.040,6
183.1160,0.00207,0.53160,-0.00209,0.00000,0.53290,-90.008,0.040,6
183.1660,0.00205,0.52414,-0.00209,0.00000,0.52540,-90.007,0.040,6
183.2160,0.00203,0.51669,-0.00209,0.00000,0.51790,-90.006,0.040,6
183.2660,0.00199,0.50924,-0.00209,0.00000,0.51040,-90.006,0.040,6
183.3160,0.00194,0.50179,-0.00209,0.00000,0.50290,-90.005,0.040,6
183.3660,0.00188,0.49435,-0.00209,0.00000,0.49540,-90.004,0.040,6
183.4160,0.00182,0.48690,-0.00209,0.00000,0.48790,-90.004,0.040,6
183.4660,0.00175,0.47945,-0.00209,0.00000,0.48040,-90.003,0.040,6
183.5160,0.00168,0.47200,-0.00209,0.00000,0.47290,-90.002,0.040,6
183.5660,0.00161,0.46455,-0.00209,0.00000,0.46540,-90.002,0.040,6
183.6160,0.00153,0.45710,-0.00209,0.00000,0.45790,-90.001,0.040,6
183.6660,0.00145,0.44965,-0.00209,0.00000,0.45040,-90.001,0.040,6
183.7160,0.00137,0.44219,-0.00209,0.00000,0.44290,-90.000,0.040,6
183.7660,0.00129,0.43474,-0.00209,0.00000,0.43540,-90.000,0.040,6
183.8160,0.00121,0.42728,-0.00209,0.00000,0.42790,-89.999,0.040,6
183.8660,0.00113,0.41981,-0.00209,0.00000,0.42040,-89.999,0.040,6
183.9160,0.00106,0.41235,-0.00209,0.00000,0.41290,-89.999,0.040,6
183.9660,0.00098,0.40488,-0.00209,0.00000,0.40540,-89.998,0.040,6
184.0160,0.00091,0.39741,-0.00209,0.00000,0.39790,-89.998,0.040,6
184.0660,0.00084,0.38994,-0.00209,0.00000,0.39040,-89.998,0.040,6
184.1160,0.00078,0.38247,-0.00209,0.00000,0.38290,-89.997,0.040,6
184.1660,0.00071,0.37499,-0.00209,0.00000,0.37540,-89.997,0.040,6
184.2160,0.00065,0.36751,-0.00209,0.00000,0.36790,-89.997,0.040,6
184.2660,0.00060,0.36003,-0.00209,0.00000,0.36040,-89.997,0.040,6
184.3160,0.00054,0.35254,-0.00209,0.00000,0.35290,-89.997,0.040,6
184.3660,0.00049,0.34506,-0.00209,0.00000,0.34540,-89.996,0.040,6
184.4160,0.00044,0.33757,-0.00209,0.00000,0.33790,-89.996,0.040,6
184.4660,0.00040,0.33008,-0.00209,0.00000,0.33040,-89.996,0.040,6
184.5160,0.00036,0.32259,-0.00209,0.00000,0.32290,-89.996,0.040,6
184.5660,0.00032,0.31510,-0.00209,0.00000,0.31540,-89.996,0.040,6
184.6160,0.00028,0.30761,-0.00209,0.00000,0.30790,-89.996,0.040,6
184.6660,0.00025,0.30012,-0.00209,0.00000,0.30040,-89.996,0.040,6
184.7160,0.00022,0.29262,-0.00209,0.00000,0.29290,-89.996,0.040,6
184.7660,0.00019,0.28512,-0.00209,0.00000,0.28540,-89.996,0.040,6
184.8160,0.00017,0.27763,-0.00209,0.00000,0.27790,-89.995,0.040,6
184.8660,0.00014,0.27013,-0.00209,0.00000,0.27040,-89.995,0.040,6
184.9160,0.00012,0.26263,-0.00209,0.00000,0.26290,-89.995,0.040,6
184.9660,0.00011,0.25513,-0.00209,0.00000,0.25540,-89.995,0.040,6
185.0160,0.00009,0.24763,-0.00209,0.00000,0.24790,-89.995,0.040,6
185.0660,0.00008,0.24013,-0.00209,0.00000,0.24040,-89.995,0.040,6
185.1160,0.00006,0.23263,-0.00209,0.00000,0.23290,-89.995,0.040,6
185.1660,0.00005,0.22513,-0.00209,0.00000,0.22540,-89.995,0.040,6
185.2160,0.00004,0.21763,-0.00209,0.00000,0.21790,-89.995,0.040,6
185.2660,0.00004,0.21013,-0.00209,0.00000,0.21040,-89.995,0.040,6
185.3160,0.00003,0.20263,-0.00209,0.00000,0.20290,-89.995,0.040,6
185.3660,0.00002,0.19513,-0.00209,0.00000,0.19540,-89.995,0.040,6
185.4160,0.00002,0.18763,-0.00209,0.00000,0.18790,-89.995,0.040,6
185.4660,0.00002,0.18013,-0.00209,0.00000,0.18040,-89.995,0.040,6
185.5160,0.00001,0.17262,-0.00209,0.00000,0.17290,-89.995,0.040,6
185.5660,0.00001,0.16512,-0.00209,0.00000,0.16540,-89.995,0.040,6
185.6160,0.00001,0.15762,-0.00209,0.00000,0.15790,-89.995,0.040,6
185.6660,0.00001,0.15012,-0.00209,0.00000,0.15040,-89.995,0.040,6
185.7160,0.00001,0.14262,-0.00209,0.00000,0.14290,-89.995,0.040,6
185.7660,0.00001,0.13512,-0.00209,0.00000,0.13540,-89.995,0.040,6
185.8160,0.00001,0.12762,-0.00209,0.00000,0.12790,-89.996,0.040,6
185.8660,0.00002,0.12011,-0.00209,0.00000,0.12040,-89.996,0.040,6
185.9160,0.00002,0.11261,-0.00209,0.00000,0.11290,-89.996,0.040,6
185.9660,0.00002,0.10511,-0.00209,0.00000,0.10540,-89.996,0.040,6
186.0160,0.00002,0.09761,-0.00209,0.00000,0.09790,-89.996,0.040,6
186.0660,0.00003,0.09011,-0.00209,0.00000,0.09040,-89.996,0.040,6
186.1160,0.00003,0.08261,-0.00209,0.00000,0.08290,-89.996,0.040,6
186.1660,0.00003,0.07511,-0.00209,0.00000,0.07540,-89.996,0.040,6
186.2160,0.00003,0.06761,-0.00209,0.00000,0.06790,-89.996,0.040,6
186.2660,0.00004,0.06011,-0.00209,0.00000,0.06040,-89.996,0.040,6
186.3160,0.00004,0.05260,-0.00209,0.00000,0.05290,-89.996,0.040,6
186.3660,0.00004,0.04510,-0.00209,0.00000,0.04540,-89.996,0.040,6
186.4160,0.00005,0.03760,-0.00209,0.00000,0.03790,-89.996,0.040,6
186.4660,0.00005,0.03010,-0.00209,0.00000,0.03040,-89.996,0.040,6
186.5160,0.00005,0.02260,-0.00209,0.00000,0.02290,-89.996,0.040,6
186.5660,0.00005,0.01510,-0.00209,0.00000,0.01540,-89.996,0.040,6
186.6160,0.00006,0.00760,-0.00209,0.00000,0.00790,-89.996,0.040,6
186.6660,0.00006,0.00010,-0.00209,0.00000,0.00040,-89.996,0.040,6
186.7160,0.00011,-0.00734,-0.00209,0.00710,0.00000,-89.911,0.041,7
186.7660,0.00078,-0.01389,-0.00209,0.01460,0.00000,-88.375,0.058,7
186.8160,0.00218,-0.01937,-0.00209,0.02210,0.00000,-85.227,0.060,7
186.8660,0.00428,-0.02385,-0.00208,0.02960,0.00000,-81.674,0.051,7
186.9160,0.00707,-0.02741,-0.00208,0.03710,0.00000,-78.079,0.047,7
186.9660,0.01049,-0.03015,-0.00208,0.04460,0.00000,-74.526,0.046,7
187.0160,0.01450,-0.03219,-0.00208,0.05210,0.00000,-71.050,0.046,7
187.0660,0.01903,-0.03366,-0.00207,0.05960,0.00000,-67.647,0.047,7
187.1160,0.02404,-0.03464,-0.00207,0.06710,0.00000,-64.311,0.048,7
187.1660,0.02949,-0.03524,-0.00207,0.07460,0.00000,-61.032,0.050,7
187.2160,0.03535,-0.03553,-0.00207,0.08210,0.00000,-57.800,0.052,7
187.2660,0.04160,-0.03558,-0.00207,0.08960,0.00000,-54.609,0.054,7
187.3160,0.04821,-0.03545,-0.00206,0.09710,0.00000,-51.451,0.055,7
187.3660,0.05516,-0.03516,-0.00206,0.10460,0.00000,-48.323,0.057,7
187.4160,0.06243,-0.03477,-0.00206,0.11210,0.00000,-45.219,0.058,7
187.4660,0.07001,-0.03430,-0.00206,0.11960,0.00000,-42.136,0.060,7
187.5160,0.07789,-0.03375,-0.00206,0.12710,0.00000,-39.071,0.061,7
187.5660,0.08603,-0.03314,-0.00206,0.13460,0.00000,-36.022,0.061,7
187.6160,0.09442,-0.03248,-0.00206,0.14210,0.00000,-32.986,0.062,7
187.6660,0.10303,-0.03176,-0.00206,0.14960,0.00000,-29.963,0.062,7
187.7160,0.11184,-0.03098,-0.00206,0.15710,0.00000,-26.949,0.062,7
187.7660,0.12083,-0.03013,-0.00206,0.16460,0.00000,-23.945,0.061,7
187.8160,0.12997,-0.02921,-0.00206,0.17210,0.00000,-20.948,0.060,7
187.8660,0.13923,-0.02820,-0.00206,0.17960,0.00000,-17.959,0.058,7
187.9160,0.14860,-0.02710,-0.00206,0.18710,0.00000,-14.977,0.056,7
187.9660,0.15805,-0.02591,-0.00206,0.19460,0.00000,-12.001,0.053,7
188.0160,0.16756,-0.02460,-0.00206,0.20210,0.00000,-9.031,0.049,7
188.0660,0.17711,-0.02319,-0.00206,0.20960,0.00000,-6.073,0.045,7
188.1160,0.18667,-0.02167,-0.00206,0.21710,0.00000,-3.166,0.040,7
188.1660,0.19621,-0.02004,-0.00206,0.22460,0.00000,-0.661,0.036,7
188.2160,0.20563,-0.01834,-0.00206,0.23210,0.00000,0.200,0.034,7
188.2660,0.21491,-0.01661,-0.00206,0.23960,0.00000,0.260,0.031,7
188.3160,0.22415,-0.01493,-0.00206,0.24710,0.00000,0.240,0.024,7
188.3660,0.23336,-0.01334,-0.00206,0.25460,0.00000,0.221,0.017,7
188.4160,0.24255,-0.01183,-0.00206,0.26210,0.00000,0.194,0.010,7
188.4660,0.25169,-0.01041,-0.00206,0.26960,0.00000,0.168,0.005,7
188.5160,0.26078,-0.00908,-0.00206,0.27710,0.00000,0.146,-0.000,7
188.5660,0.26982,-0.00785,-0.00206,0.28460,0.00000,0.128,-0.004,7
188.6160,0.27878,-0.00669,-0.00206,0.29210,0.00000,0.111,-0.008,7
188.6660,0.28767,-0.00563,-0.00206,0.29960,0.00000,0.098,-0.011,7
188.7160,0.29649,-0.00464,-0.00206,0.30710,0.00000,0.086,-0.014,7
188.7660,0.30522,-0.00374,-0.00206,0.31460,0.00000,0.076,-0.016,7
188.8160,0.31388,-0.00291,-0.00206,0.32210,0.00000,0.067,-0.018,7
188.8660,0.32246,-0.00215,-0.00206,0.32960,0.00000,0.059,-0.020,7
188.9160,0.33095,-0.00147,-0.00206,0.33710,0.00000,0.053,-0.022,7
188.9660,0.33937,-0.00085,-0.00206,0.34460,0.00000,0.048,-0.023,7
189.0160,0.34771,-0.00029,-0.00206,0.35210,0.00000,0.043,-0.024,7
189.0660,0.35598,0.00020,-0.00206,0.35960,0.00000,0.040,-0.025,7
189.1160,0.36417,0.00065,-0.00206,0.36710,0.00000,0.037,-0.025,7
189.1660,0.37230,0.00103,-0.00206,0.37460,0.00000,0.034,-0.026,7
189.2160,0.38036,0.00137,-0.00206,0.38210,0.00000,0.032,-0.026,7
189.2660,0.38837,0.00167,-0.00207,0.38960,0.00000,0.030,-0.026,7
189.3160,0.39631,0.00192,-0.00207,0.39710,0.00000,0.029,-0.027,7
189.3660,0.40420,0.00213,-0.00207,0.40460,0.00000,0.028,-0.027,7
189.4160,0.41205,0.00231,-0.00207,0.41210,0.00000,0.027,-0.027,7
189.4660,0.41984,0.00245,-0.00207,0.41960,0.00000,0.026,-0.027,7
189.5160,0.42760,0.00257,-0.00207,0.42710,0.00000,0.026,-0.027,7
189.5660,0.43531,0.00266,-0.00207,0.43460,0.00000,0.026,-0.027,7
189.6160,0.44299,0.00272,-0.00207,0.44210,0.00000,0.026,-0.027,7
189.6660,0.45064,0.00276,-0.00207,0.44960,0.00000,0.026,-0.027,7
189.7160,0.45825,0.00278,-0.00207,0.45710,0.00000,0.026,-0.027,7
189.7660,0.46585,0.00278,-0.00207,0.46460,0.00000,0.026,-0.027,7
189.8160,0.47342,0.00277,-0.00207,0.47210,0.00000,0.026,-0.027,7
189.8660,0.48096,0.00275,-0.00207,0.47960,0.00000,0.026,-0.027,7
189.9160,0.48850,0.00271,-0.00208,0.48710,0.00000,0.027,-0.027,7
189.9660,0.49601,0.00266,-0.00208,0.49460,0.00000,0.027,-0.027,7
190.0160,0.50351,0.00261,-0.00208,0.50210,0.00000,0.028,-0.027,7
190.0660,0.51100,0.00254,-0.00208,0.50960,0.00000,0.028,-0.026,7
190.1160,0.51848,0.00248,-0.00208,0.51710,0.00000,0.028,-0.026,7
190.1660,0.52595,0.00240,-0.00208,0.52460,0.00000,0.029,-0.026,7
190.2160,0.53342,0.00233,-0.00208,0.53210,0.00000,0.029,-0.026,7
190.2660,0.54088,0.00225,-0.00208,0.53960,0.00000,0.030,-0.026,7
190.3160,0.54833,0.00217,-0.00208,0.54710,0.00000,0.030,-0.026,7
190.3660,0.55579,0.00208,-0.00208,0.55460,0.00000,0.030,-0.026,7
190.4160,0.56324,0.00200,-0.00208,0.56210,0.00000,0.031,-0.026,7
190.4660,0.57069,0.00192,-0.00208,0.56960,0.00000,0.031,-0.026,7
190.5160,0.57814,0.00184,-0.00208,0.57710,0.00000,0.031,-0.026,7
190.5660,0.58558,0.00176,-0.00208,0.58460,0.00000,0.032,-0.026,7
190.6160,0.59303,0.00168,-0.00208,0.59210,0.00000,0.032,-0.026,7
190.6660,0.60048,0.00161,-0.00209,0.59960,0.00000,0.032,-0.026,7
190.7160,0.60793,0.00154,-0.00209,0.60710,0.00000,0.032,-0.026,7
190.7660,0.61539,0.00147,-0.00209,0.61460,0.00000,0.033,-0.026,7
190.8160,0.62284,0.00140,-0.00209,0.62210,0.00000,0.033,-0.026,7
190.8660,0.63030,0.00134,-0.00209,0.62960,0.00000,0.033,-0.026,7
190.9160,0.63776,0.00128,-0.00209,0.63710,0.00000,0.033,-0.026,7
190.9660,0.64522,0.00122,-0.00209,0.64460,0.00000,0.033,-0.026,7
191.0160,0.65268,0.00116,-0.00209,0.65210,0.00000,0.034,-0.026,7
191.0660,0.66015,0.00111,-0.00209,0.65960,0.00000,0.034,-0.026,7
191.1160,0.66762,0.00107,-0.00209,0.66710,0.00000,0.034,-0.026,7
191.1660,0.67509,0.00102,-0.00209,0.67460,0.00000,0.034,-0.026,7
191.2160,0.68256,0.00098,-0.00209,0.68210,0.00000,0.034,-0.026,7
191.2660,0.69004,0.00094,-0.00209,0.68960,0.00000,0.034,-0.026,7
191.3160,0.69752,0.00091,-0.00209,0.69710,0.00000,0.034,-0.026,7
191.3660,0.70500,0.00088,-0.00209,0.70460,0.00000,0.034,-0.026,7
191.4160,0.71248,0.00085,-0.00209,0.71210,0.00000,0.034,-0.026,7
191.4660,0.71996,0.00082,-0.00209,0.71960,0.00000,0.035,-0.026,7
191.5160,0.72745,0.00080,-0.00209,0.72710,0.00000,0.035,-0.026,7
191.5660,0.73494,0.00078,-0.00209,0.73460,0.00000,0.035,-0.026,7
191.6160,0.74243,0.00076,-0.00209,0.74210,0.00000,0.035,-0.026,7
191.6660,0.74992,0.00074,-0.00209,0.74960,0.00000,0.035,-0.026,7
191.7160,0.75741,0.00073,-0.00209,0.75710,0.00000,0.035,-0.026,7
191.7660,0.76490,0.00071,-0.00209,0.76460,0.00000,0.035,-0.026,7
191.8160,0.77240,0.00070,-0.00209,0.77210,0.00000,0.035,-0.026,7
191.8660,0.77989,0.00069,-0.00209,0.77960,0.00000,0.035,-0.026,7
191.9160,0.78739,0.00068,-0.00209,0.78710,0.00000,0.035,-0.026,7
191.9660,0.79488,0.00068,-0.00209,0.79460,0.00000,0.035,-0.026,7
192.0160,0.80238,0.00067,-0.00209,0.80210,0.00000,0.035,-0.026,7
192.0660,0.80988,0.00067,-0.00209,0.80960,0.00000,0.035,-0.026,7
192.1160,0.81738,0.00067,-0.00209,0.81710,0.00000,0.035,-0.026,7
192.1660,0.82488,0.00066,-0.00209,0.82460,0.00000,0.035,-0.026,7
192.2160,0.83238,0.00066,-0.00209,0.83210,0.00000,0.035,-0.026,7
192.2660,0.83988,0.00066,-0.00209,0.83960,0.00000,0.035,-0.026,7
192.3160,0.84738,0.00066,-0.00209,0.84710,0.00000,0.035,-0.026,7
192.3660,0.85488,0.00066,-0.00209,0.85460,0.00000,0.035,-0.026,7
192.4160,0.86238,0.00066,-0.00209,0.86210,0.00000,0.035,-0.026,7
192.4660,0.86988,0.00067,-0.00209,0.86960,0.00000,0.035,-0.026,7
192.5160,0.87738,0.00067,-0.00209,0.87710,0.00000,0.035,-0.026,7
192.5660,0.88488,0.00067,-0.00209,0.88460,0.00000,0.035,-0.026,7
192.6160,0.89238,0.00067,-0.00209,0.89210,0.00000,0.035,-0.026,7
192.6660,0.89989,0.00068,-0.00209,0.89960,0.00000,0.035,-0.026,7
192.7160,0.90739,0.00068,-0.00209,0.90710,0.00000,0.035,-0.026,7
192.7660,0.91489,0.00068,-0.00209,0.91460,0.00000,0.035,-0.026,7
192.8160,0.92239,0.00069,-0.00209,0.92210,0.00000,0.035,-0.026,7
192.8660,0.92989,0.00069,-0.00209,0.92960,0.00000,0.035,-0.026,7
192.9160,0.93739,0.00069,-0.00209,0.93710,0.00000,0.035,-0.026,7
192.9660,0.94490,0.00070,-0.00209,0.94460,0.00000,0.035,-0.026,7
193.0160,0.95240,0.00070,-0.00209,0.95210,0.00000,0.035,-0.026,7
193.0660,0.95990,0.00070,-0.00209,0.95960,0.00000,0.035,-0.026,7
193.1160,0.96740,0.00071,-0.00209,0.96710,0.00000,0.035,-0.026,7
193.1660,0.97490,0.00071,-0.00209,0.97460,0.00000,0.035,-0.026,7
193.2160,0.98240,0.00071,-0.00209,0.98210,0.00000,0.035,-0.026,7
193.2660,0.98990,0.00072,-0.00209,0.98960,0.00000,0.035,-0.026,7
193.3160,0.99740,0.00072,-0.00209,0.99710,0.00000,0.035,-0.026,7
193.3660,1.00484,0.00077,-0.00209,1.00000,0.00460,0.117,-0.025,7
193.4160,1.01142,0.00145,-0.00209,1.00000,0.01210,1.607,-0.007,7
193.4660,1.01698,0.00296,-0.00209,1.00000,0.01960,4.610,-0.003,7
193.5160,1.02157,0.00526,-0.00208,1.00000,0.02710,8.015,-0.009,7
193.5660,1.02524,0.00827,-0.00208,1.00000,0.03460,11.483,-0.011,7
193.6160,1.02808,0.01193,-0.00208,1.00000,0.04210,14.926,-0.010,7
193.6660,1.03020,0.01616,-0.00208,1.00000,0.04960,18.311,-0.009,7
193.7160,1.03172,0.02092,-0.00208,1.00000,0.05710,21.635,-0.008,7
193.7660,1.03275,0.02616,-0.00208,1.00000,0.06460,24.906,-0.007,7
193.8160,1.03336,0.03186,-0.00208,1.00000,0.07210,28.129,-0.007,7
193.8660,1.03365,0.03797,-0.00208,1.00000,0.07960,31.314,-0.007,7
193.9160,1.03367,0.04449,-0.00207,1.00000,0.08710,34.466,-0.008,7
193.9660,1.03348,0.05139,-0.00207,1.00000,0.09460,37.592,-0.010,7
194.0160,1.03312,0.05865,-0.00207,1.00000,0.10210,40.694,-0.012,7
194.0660,1.03262,0.06626,-0.00207,1.00000,0.10960,43.778,-0.015,7
194.1160,1.03199,0.07420,-0.00207,1.00000,0.11710,46.846,-0.018,7
194.1660,1.03127,0.08244,-0.00207,1.00000,0.12460,49.901,-0.023,7
194.2160,1.03044,0.09097,-0.00207,1.00000,0.13210,52.945,-0.028,7
194.2660,1.02953,0.09975,-0.00207,1.00000,0.13960,55.981,-0.033,7
194.3160,1.02852,0.10877,-0.00207,1.00000,0.14710,59.010,-0.039,7
194.3660,1.02742,0.11799,-0.00207,1.00000,0.15460,62.035,-0.045,7
194.4160,1.02623,0.12740,-0.00207,1.00000,0.16210,65.057,-0.052,7
194.4660,1.02494,0.13694,-0.00207,1.00000,0.16960,68.077,-0.059,7
194.5160,1.02356,0.14661,-0.00207,1.00000,0.17710,71.097,-0.065,7
194.5660,1.02208,0.15635,-0.00207,1.00000,0.18460,74.119,-0.072,7
194.6160,1.02051,0.16614,-0.00207,1.00000,0.19210,77.142,-0.079,7
194.6660,1.01885,0.17595,-0.00207,1.00000,0.19960,80.169,-0.085,7
194.7160,1.01712,0.18574,-0.00207,1.00000,0.20710,83.197,-0.090,7
194.7660,1.01531,0.19548,-0.00206,1.00000,0.21460,86.183,-0.095,7
194.8160,1.01346,0.20513,-0.00206,1.00000,0.22210,88.772,-0.100,7
194.8660,1.01164,0.21467,-0.00206,1.00000,0.22960,89.755,-0.104,7
194.9160,1.00992,0.22405,-0.00206,1.00000,0.23710,89.910,-0.108,7
194.9660,1.00832,0.23327,-0.00206,1.00000,0.24460,89.951,-0.111,7
195.0160,1.00685,0.24237,-0.00206,1.00000,0.25210,89.979,-0.114,7
195.0660,1.00551,0.25133,-0.00206,1.00000,0.25960,89.992,-0.117,7
195.1160,1.00429,0.26017,-0.00205,1.00000,0.26710,89.999,-0.119,7
195.1660,1.00318,0.26889,-0.00205,1.00000,0.27460,90.004,-0.120,7
195.2160,1.00219,0.27750,-0.00205,1.00000,0.28210,90.008,-0.122,7
195.2660,1.00130,0.28599,-0.00205,1.00000,0.28960,90.011,-0.122,7
195.3160,1.00051,0.29438,-0.00205,1.00000,0.29710,90.012,-0.123,7
195.3660,0.99982,0.30267,-0.00205,1.00000,0.30460,90.013,-0.124,7
195.4160,0.99921,0.31087,-0.00205,1.00000,0.31210,90.014,-0.124,7
195.4660,0.99868,0.31898,-0.00205,1.00000,0.31960,90.013,-0.124,7
195.5160,0.99822,0.32702,-0.00205,1.00000,0.32710,90.013,-0.124,7
195.5660,0.99783,0.33498,-0.00205,1.00000,0.33460,90.012,-0.124,7
195.6160,0.99751,0.34288,-0.00206,1.00000,0.34210,90.011,-0.124,7
195.6660,0.99725,0.35071,-0.00206,1.00000,0.34960,90.010,-0.123,7
195.7160,0.99704,0.35849,-0.00206,1.00000,0.35710,90.009,-0.123,7
195.7660,0.99687,0.36621,-0.00206,1.00000,0.36460,90.008,-0.123,7
195.8160,0.99675,0.37389,-0.00206,1.00000,0.37210,90.007,-0.122,7
195.8660,0.99667,0.38154,-0.00206,1.00000,0.37960,90.005,-0.122,7
195.9160,0.99663,0.38914,-0.00206,1.00000,0.38710,90.004,-0.122,7
195.9660,0.99661,0.39671,-0.00206,1.00000,0.39460,90.003,-0.121,7
196.0160,0.99663,0.40426,-0.00206,1.00000,0.40210,90.002,-0.121,7
196.0660,0.99666,0.41178,-0.00206,1.00000,0.40960,90.001,-0.120,7
196.1160,0.99672,0.41927,-0.00207,1.00000,0.41710,90.000,-0.120,7
196.1660,0.99680,0.42675,-0.00207,1.00000,0.42460,89.999,-0.120,7
196.2160,0.99689,0.43422,-0.00207,1.00000,0.43210,89.998,-0.119,7
196.2660,0.99700,0.44167,-0.00207,1.00000,0.43960,89.997,-0.119,7
196.3160,0.99711,0.44911,-0.00207,1.00000,0.44710,89.997,-0.119,7
196.3660,0.99723,0.45655,-0.00207,1.00000,0.45460,89.996,-0.119,7
196.4160,0.99736,0.46397,-0.00207,1.00000,0.46210,89.995,-0.118,7
196.4660,0.99749,0.47140,-0.00207,1.00000,0.46960,89.995,-0.118,7
196.5160,0.99763,0.47882,-0.00208,1.00000,0.47710,89.995,-0.118,7
196.5660,0.99777,0.48623,-0.00208,1.00000,0.48460,89.994,-0.118,7
196.6160,0.99791,0.49365,-0.00208,1.00000,0.49210,89.994,-0.118,7
196.6660,0.99805,0.50107,-0.00208,1.00000,0.49960,89.994,-0.117,7
196.7160,0.99818,0.50848,-0.00208,1.00000,0.50710,89.993,-0.117,7
196.7660,0.99832,0.51590,-0.00208,1.00000,0.51460,89.993,-0.117,7
196.8160,0.99845,0.52333,-0.00208,1.00000,0.52210,89.993,-0.117,7
196.8660,0.99858,0.53075,-0.00208,1.00000,0.52960,89.993,-0.117,7
196.9160,0.99870,0.53818,-0.00208,1.00000,0.53710,89.993,-0.117,7
196.9660,0.99882,0.54561,-0.00208,1.00000,0.54460,89.993,-0.117,7
197.0160,0.99893,0.55304,-0.00208,1.00000,0.55210,89.993,-0.117,7
197.0660,0.99904,0.56048,-0.00208,1.00000,0.55960,89.993,-0.117,7
197.1160,0.99914,0.56792,-0.00208,1.00000,0.56710,89.993,-0.117,7
197.1660,0.99924,0.57537,-0.00208,1.00000,0.57460,89.993,-0.117,7
197.2160,0.99933,0.58282,-0.00208,1.00000,0.58210,89.993,-0.117,7
197.2660,0.99942,0.59027,-0.00209,1.00000,0.58960,89.993,-0.117,7
197.3160,0.99950,0.59773,-0.00209,1.00000,0.59710,89.993,-0.117,7
197.3660,0.99957,0.60519,-0.00209,1.00000,0.60460,89.993,-0.117,7
197.4160,0.99964,0.61265,-0.00209,1.00000,0.61210,89.993,-0.117,7
197.4660,0.99971,0.62012,-0.00209,1.00000,0.61960,89.994,-0.117,7
197.5160,0.99977,0.62759,-0.00209,1.00000,0.62710,89.994,-0.117,7
197.5660,0.99982,0.63506,-0.00209,1.00000,0.63460,89.994,-0.117,7
197.6160,0.99987,0.64254,-0.00209,1.00000,0.64210,89.994,-0.117,7
197.6660,0.99992,0.65002,-0.00209,1.00000,0.64960,89.994,-0.117,7
197.7160,0.99996,0.65750,-0.00209,1.00000,0.65710,89.994,-0.117,7
197.7660,1.00000,0.66498,-0.00209,1.00000,0.66460,89.994,-0.117,7
197.8160,1.00003,0.67247,-0.00209,1.00000,0.67210,89.994,-0.117,7
197.8660,1.00006,0.67996,-0.00209,1.00000,0.67960,89.995,-0.117,7
197.9160,1.00009,0.68745,-0.00209,1.00000,0.68710,89.995,-0.117,7
197.9660,1.00011,0.69494,-0.00209,1.00000,0.69460,89.995,-0.117,7
198.0160,1.00013,0.70243,-0.00209,1.00000,0.70210,89.995,-0.117,7
198.0660,1.00015,0.70993,-0.00209,1.00000,0.70960,89.995,-0.117,7
198.1160,1.00016,0.71742,-0.00209,1.00000,0.71710,89.995,-0.117,7
198.1660,1.00017,0.72492,-0.00209,1.00000,0.72460,89.995,-0.117,7
198.2160,1.00018,0.73242,-0.00209,1.00000,0.73210,89.995,-0.117,7
198.2660,1.00019,0.73992,-0.00209,1.00000,0.73960,89.995,-0.117,7
198.3160,1.00020,0.74742,-0.00209,1.00000,0.74710,89.995,-0.117,7
198.3660,1.00020,0.75492,-0.00209,1.00000,0.75460,89.996,-0.117,7
198.4160,1.00021,0.76242,-0.00209,1.00000,0.76210,89.996,-0.117,7
198.4660,1.00021,0.76992,-0.00209,1.00000,0.76960,89.996,-0.117,7
198.5160,1.00021,0.77742,-0.00209,1.00000,0.77710,89.996,-0.117,7
198.5660,1.00021,0.78492,-0.00209,1.00000,0.78460,89.996,-0.117,7
198.6160,1.00021,0.79242,-0.00209,1.00000,0.79210,89.996,-0.117,7
198.6660,1.00021,0.79992,-0.00209,1.00000,0.79960,89.996,-0.117,7
198.7160,1.00020,0.80743,-0.00209,1.00000,0.80710,89.996,-0.117,7
198.7660,1.00020,0.81493,-0.00209,1.00000,0.81460,89.996,-0.117,7
198.8160,1.00020,0.82243,-0.00209,1.00000,0.82210,89.996,-0.117,7
198.8660,1.00019,0.82993,-0.00209,1.00000,0.82960,89.996,-0.117,7
198.9160,1.00019,0.83744,-0.00209,1.00000,0.83710,89.996,-0.117,7
198.9660,1.00018,0.84494,-0.00209,1.00000,0.84460,89.996,-0.117,7
199.0160,1.00018,0.85244,-0.00209,1.00000,0.85210,89.996,-0.117,7
199.0660,1.00018,0.85994,-0.00209,1.00000,0.85960,89.996,-0.117,7
199.1160,1.00017,0.86744,-0.00209,1.00000,0.86710,89.996,-0.117,7
199.1660,1.00017,0.87495,-0.00209,1.00000,0.87460,89.996,-0.117,7
199.2160,1.00016,0.88245,-0.00209,1.00000,0.88210,89.996,-0.117,7
199.2660,1.00016,0.88995,-0.00209,1.00000,0.88960,89.996,-0.117,7
199.3160,1.00015,0.89745,-0.00209,1.00000,0.89710,89.996,-0.117,7
199.3660,1.00015,0.90495,-0.00209,1.00000,0.90460,89.996,-0.117,7
199.4160,1.00014,0.91246,-0.00209,1.00000,0.91210,89.996,-0.117,7
199.4660,1.00014,0.91996,-0.00209,1.00000,0.91960,89.996,-0.117,7
199.5160,1.00013,0.92746,-0.00209,1.00000,0.92710,89.996,-0.117,7
199.5660,1.00013,0.93496,-0.00209,1.00000,0.93460,89.996,-0.117,7
199.6160,1.00012,0.94246,-0.00209,1.00000,0.94210,89.996,-0.117,7
199.6660,1.00012,0.94996,-0.00209,1.00000,0.94960,89.996,-0.117,7
199.7160,1.00012,0.95746,-0.00209,1.00000,0.95710,89.996,-0.117,7
199.7660,1.00011,0.96496,-0.00209,1.00000,0.96460,89.996,-0.117,7
199.8160,1.00011,0.97246,-0.00209,1.00000,0.97210,89.996,-0.117,7
199.8660,1.00011,0.97997,-0.00209,1.00000,0.97960,89.996,-0.117,7
199.9160,1.00010,0.98747,-0.00209,1.00000,0.98710,89.996,-0.117,7
199.9660,1.00010,0.99497,-0.00209,1.00000,0.99460,89.996,-0.117,7
200.0160,1.00005,1.00240,-0.00209,0.99790,1.00000,90.082,-0.116,7
200.0660,0.99936,1.00894,-0.00209,0.99040,1.00000,91.609,-0.100,7
200.1160,0.99774,1.01444,-0.00209,0.98290,1.00000,94.506,-0.098,7
200.1660,0.99519,1.01903,-0.00209,0.97540,1.00000,97.743,-0.106,7
200.2160,0.99180,1.02284,-0.00208,0.96790,1.00000,101.044,-0.114,7
200.2660,0.98767,1.02597,-0.00208,0.96040,1.00000,104.341,-0.119,7
200.3160,0.98288,1.02849,-0.00208,0.95290,1.00000,107.604,-0.122,7
200.3660,0.97749,1.03050,-0.00208,0.94540,1.00000,110.829,-0.124,7
200.4160,0.97155,1.03206,-0.00208,0.93790,1.00000,114.020,-0.125,7
200.4660,0.96512,1.03324,-0.00208,0.93040,1.00000,117.182,-0.125,7
200.5160,0.95824,1.03409,-0.00208,0.92290,1.00000,120.319,-0.125,7
200.5660,0.95095,1.03465,-0.00208,0.91540,1.00000,123.436,-0.124,7
200.6160,0.94328,1.03498,-0.00208,0.90790,1.00000,126.536,-0.123,7
200.6660,0.93527,1.03509,-0.00208,0.90040,1.00000,129.623,-0.122,7
200.7160,0.92695,1.03502,-0.00208,0.89290,1.00000,132.699,-0.120,7
200.7660,0.91835,1.03478,-0.00208,0.88540,1.00000,135.765,-0.119,7
200.8160,0.90950,1.03439,-0.00208,0.87790,1.00000,138.826,-0.117,7
200.8660,0.90043,1.03386,-0.00208,0.87040,1.00000,141.881,-0.116,7
200.9160,0.89118,1.03320,-0.00208,0.86290,1.00000,144.932,-0.114,7
200.9660,0.88176,1.03242,-0.00208,0.85540,1.00000,147.981,-0.112,7
201.0160,0.87222,1.03151,-0.00208,0.84790,1.00000,151.030,-0.110,7
201.0660,0.86259,1.03049,-0.00208,0.84040,1.00000,154.080,-0.107,7
201.1160,0.85289,1.02936,-0.00208,0.83290,1.00000,157.132,-0.105,7
201.1660,0.84316,1.02812,-0.00208,0.82540,1.00000,160.188,-0.102,7
201.2160,0.83342,1.02678,-0.00208,0.81790,1.00000,163.249,-0.098,7
201.2660,0.82371,1.02534,-0.00208,0.81040,1.00000,166.318,-0.095,7
201.3160,0.81405,1.02380,-0.00208,0.80290,1.00000,169.397,-0.091,7
201.3660,0.80447,1.02218,-0.00208,0.79540,1.00000,172.483,-0.086,7
201.4160,0.79499,1.02048,-0.00208,0.78790,1.00000,175.536,-0.081,7
201.4660,0.78563,1.01871,-0.00208,0.78040,1.00000,178.190,-0.077,7
201.5160,0.77636,1.01691,-0.00208,0.77290,1.00000,179.257,-0.074,7
201.5660,0.76725,1.01509,-0.00208,0.76540,1.00000,179.496,-0.068,7
201.6160,0.75832,1.01334,-0.00208,0.75790,1.00000,179.604,-0.061,7
201.6660,0.74959,1.01169,-0.00208,0.75040,1.00000,179.684,-0.054,7
201.7160,0.74105,1.01015,-0.00208,0.74290,1.00000,179.739,-0.047,7
201.7660,0.73267,1.00872,-0.00208,0.73540,1.00000,179.781,-0.042,7
201.8160,0.72444,1.00740,-0.00208,0.72790,1.00000,179.815,-0.037,7
201.8660,0.71635,1.00618,-0.00209,0.72040,1.00000,179.843,-0.032,7
201.9160,0.70839,1.00507,-0.00209,0.71290,1.00000,179.865,-0.028,7
201.9660,0.70053,1.00406,-0.00209,0.70540,1.00000,179.883,-0.025,7
202.0160,0.69277,1.00314,-0.00209,0.69790,1.00000,179.897,-0.021,7
202.0660,0.68511,1.00231,-0.00209,0.69040,1.00000,179.909,-0.019,7
202.1160,0.67751,1.00157,-0.00209,0.68290,1.00000,179.918,-0.016,7
202.1660,0.66999,1.00091,-0.00209,0.67540,1.00000,179.925,-0.014,7
202.2160,0.66252,1.00033,-0.00209,0.66790,1.00000,179.931,-0.012,7
202.2660,0.65510,0.99982,-0.00209,0.66040,1.00000,179.936,-0.010,7
202.3160,0.64771,0.99937,-0.00210,0.65290,1.00000,179.939,-0.009,7
202.3660,0.64037,0.99899,-0.00210,0.64540,1.00000,179.942,-0.008,7
202.4160,0.63305,0.99866,-0.00210,0.63790,1.00000,179.945,-0.006,7
202.4660,0.62575,0.99839,-0.00210,0.63040,1.00000,179.947,-0.005,7
202.5160,0.61846,0.99817,-0.00210,0.62290,1.00000,179.948,-0.004,7
202.5660,0.61119,0.99800,-0.00210,0.61540,1.00000,179.949,-0.004,7
202.6160,0.60392,0.99786,-0.00210,0.60790,1.00000,179.950,-0.003,7
202.6660,0.59666,0.99776,-0.00210,0.60040,1.00000,179.951,-0.002,7
202.7160,0.58940,0.99770,-0.00210,0.59290,1.00000,179.952,-0.002,7
202.7660,0.58214,0.99766,-0.00210,0.58540,1.00000,179.952,-0.001,7
202.8160,0.57487,0.99765,-0.00210,0.57790,1.00000,179.953,-0.001,7
202.8660,0.56760,0.99767,-0.00210,0.57040,1.00000,179.953,-0.000,7
202.9160,0.56032,0.99771,-0.00210,0.56290,1.00000,179.953,-0.000,7
202.9660,0.55303,0.99776,-0.00210,0.55540,1.00000,179.954,0.000,7
203.0160,0.54574,0.99783,-0.00210,0.54790,1.00000,179.954,0.000,7
203.0660,0.53843,0.99791,-0.00210,0.54040,1.00000,179.955,0.001,7
203.1160,0.53111,0.99801,-0.00210,0.53290,1.00000,179.955,0.001,7
203.1660,0.52378,0.99811,-0.00210,0.52540,1.00000,179.955,0.001,7
203.2160,0.51644,0.99822,-0.00210,0.51790,1.00000,179.956,0.001,7
203.2660,0.50909,0.99833,-0.00210,0.51040,1.00000,179.956,0.001,7
203.3160,0.50172,0.99845,-0.00210,0.50290,1.00000,179.956,0.001,7
203.3660,0.49435,0.99857,-0.00210,0.49540,1.00000,179.957,0.002,7
203.4160,0.48696,0.99869,-0.00210,0.48790,1.00000,179.957,0.002,7
203.4660,0.47957,0.99882,-0.00210,0.48040,1.00000,179.958,0.002,7
203.5160,0.47216,0.99894,-0.00210,0.47290,1.00000,179.958,0.002,7
203.5660,0.46475,0.99906,-0.00210,0.46540,1.00000,179.959,0.002,7
203.6160,0.45733,0.99918,-0.00210,0.45790,1.00000,179.959,0.002,7
203.6660,0.44989,0.99929,-0.00209,0.45040,1.00000,179.959,0.002,7
203.7160,0.44245,0.99940,-0.00209,0.44290,1.00000,179.960,0.002,7
203.7660,0.43501,0.99951,-0.00209,0.43540,1.00000,179.960,0.002,7
203.8160,0.42755,0.99962,-0.00209,0.42790,1.00000,179.961,0.002,7
203.8660,0.42009,0.99972,-0.00209,0.42040,1.00000,179.961,0.002,7
203.9160,0.41263,0.99981,-0.00209,0.41290,1.00000,179.961,0.002,7
203.9660,0.40516,0.99990,-0.00209,0.40540,1.00000,179.962,0.002,7
204.0160,0.39768,0.99999,-0.00209,0.39790,1.00000,179.962,0.002,7
204.0660,0.39020,1.00007,-0.00209,0.39040,1.00000,179.962,0.002,7
204.1160,0.38272,1.00015,-0.00209,0.38290,1.00000,179.963,0.002,7
204.1660,0.37523,1.00022,-0.00209,0.37540,1.00000,179.963,0.002,7
204.2160,0.36774,1.00029,-0.00209,0.36790,1.00000,179.963,0.002,7
204.2660,0.36024,1.00035,-0.00209,0.36040,1.00000,179.963,0.002,7
204.3160,0.35275,1.00041,-0.00209,0.35290,1.00000,179.964,0.002,7
204.3660,0.34525,1.00046,-0.00209,0.34540,1.00000,179.964,0.002,7
204.4160,0.33775,1.00051,-0.00209,0.33790,1.00000,179.964,0.002,7
204.4660,0.33025,1.00055,-0.00209,0.33040,1.00000,179.964,0.002,7
204.5160,0.32274,1.00060,-0.00209,0.32290,1.00000,179.964,0.002,7
204.5660,0.31524,1.00063,-0.00209,0.31540,1.00000,179.965,0.002,7
204.6160,0.30773,1.00067,-0.00209,0.30790,1.00000,179.965,0.002,7
204.6660,0.30023,1.00070,-0.00209,0.30040,1.00000,179.965,0.002,7
204.7160,0.29272,1.00072,-0.00209,0.29290,1.00000,179.965,0.002,7
204.7660,0.28522,1.00075,-0.00209,0.28540,1.00000,179.965,0.002,7
204.8160,0.27771,1.00077,-0.00209,0.27790,1.00000,179.965,0.002,7
204.8660,0.27020,1.00079,-0.00209,0.27040,1.00000,179.965,0.002,7
204.9160,0.26269,1.00080,-0.00209,0.26290,1.00000,179.965,0.002,7
204.9660,0.25519,1.00081,-0.00209,0.25540,1.00000,179.965,0.002,7
205.0160,0.24768,1.00083,-0.00209,0.24790,1.00000,179.965,0.002,7
205.0660,0.24017,1.00084,-0.00209,0.24040,1.00000,179.965,0.002,7
205.1160,0.23267,1.00084,-0.00209,0.23290,1.00000,179.965,0.002,7
205.1660,0.22516,1.00085,-0.00209,0.22540,1.00000,179.966,0.002,7
205.2160,0.21765,1.00085,-0.00209,0.21790,1.00000,179.966,0.002,7
205.2660,0.21015,1.00086,-0.00209,0.21040,1.00000,179.966,0.002,7
205.3160,0.20264,1.00086,-0.00209,0.20290,1.00000,179.966,0.002,7
205.3660,0.19514,1.00086,-0.00209,0.19540,1.00000,179.966,0.002,7
205.4160,0.18763,1.00086,-0.00209,0.18790,1.00000,179.966,0.002,7
205.4660,0.18013,1.00086,-0.00209,0.18040,1.00000,179.966,0.002,7
205.5160,0.17262,1.00086,-0.00209,0.17290,1.00000,179.966,0.002,7
205.5660,0.16512,1.00086,-0.00209,0.16540,1.00000,179.966,0.002,7
205.6160,0.15762,1.00085,-0.00209,0.15790,1.00000,179.966,0.002,7
205.6660,0.15011,1.00085,-0.00209,0.15040,1.00000,179.966,0.002,7
205.7160,0.14261,1.00085,-0.00209,0.14290,1.00000,179.966,0.002,7
205.7660,0.13511,1.00084,-0.00209,0.13540,1.00000,179.966,0.002,7
205.8160,0.12761,1.00084,-0.00209,0.12790,1.00000,179.966,0.002,7
205.8660,0.12010,1.00083,-0.00209,0.12040,1.00000,179.966,0.002,7
205.9160,0.11260,1.00083,-0.00209,0.11290,1.00000,179.965,0.002,7
205.9660,0.10510,1.00083,-0.00209,0.10540,1.00000,179.965,0.002,7
206.0160,0.09760,1.00082,-0.00209,0.09790,1.00000,179.965,0.002,7
206.0660,0.09010,1.00082,-0.00209,0.09040,1.00000,179.965,0.002,7
206.1160,0.08260,1.00081,-0.00209,0.08290,1.00000,179.965,0.002,7
206.1660,0.07510,1.00081,-0.00209,0.07540,1.00000,179.965,0.002,7
206.2160,0.06760,1.00080,-0.00209,0.06790,1.00000,179.965,0.002,7
206.2660,0.06009,1.00080,-0.00209,0.06040,1.00000,179.965,0.002,7
206.3160,0.05259,1.00079,-0.00209,0.05290,1.00000,179.965,0.002,7
206.3660,0.04509,1.00079,-0.00209,0.04540,1.00000,179.965,0.002,7
206.4160,0.03759,1.00079,-0.00209,0.03790,1.00000,179.965,0.002,7
206.4660,0.03009,1.00078,-0.00209,0.03040,1.00000,179.965,0.002,7
206.5160,0.02259,1.00078,-0.00209,0.02290,1.00000,179.965,0.002,7
206.5660,0.01509,1.00078,-0.00209,0.01540,1.00000,179.965,0.002,7
206.6160,0.00759,1.00077,-0.00209,0.00790,1.00000,179.965,0.002,7
206.6660,0.00009,1.00077,-0.00209,0.00040,1.00000,179.965,0.002,7
206.7160,-0.00734,1.00072,-0.00209,0.00000,0.99290,-179.948,0.003,7
206.7660,-0.01375,1.00000,-0.00209,0.00000,0.98540,-178.395,0.019,7
206.8160,-0.01878,0.99810,-0.00209,0.00000,0.97790,-175.220,0.030,7
206.8660,-0.02282,0.99535,-0.00208,0.00000,0.97040,-171.727,0.012,7
206.9160,-0.02611,0.99185,-0.00208,0.00000,0.96290,-168.174,-0.003,7
206.9660,-0.02874,0.98768,-0.00207,0.00000,0.95540,-164.656,-0.013,7
207.0160,-0.03081,0.98289,-0.00207,0.00000,0.94790,-161.210,-0.020,7
207.0660,-0.03242,0.97755,-0.00207,0.00000,0.94040,-157.831,-0.025,7
207.1160,-0.03364,0.97170,-0.00206,0.00000,0.93290,-154.512,-0.029,7
207.1660,-0.03452,0.96539,-0.00206,0.00000,0.92540,-151.245,-0.031,7
207.2160,-0.03512,0.95866,-0.00206,0.00000,0.91790,-148.021,-0.032,7
207.2660,-0.03549,0.95154,-0.00206,0.00000,0.91040,-144.833,-0.032,7
207.3160,-0.03567,0.94408,-0.00206,0.00000,0.90290,-141.677,-0.031,7
207.3660,-0.03568,0.93629,-0.00206,0.00000,0.89540,-138.546,-0.029,7
207.4160,-0.03555,0.92821,-0.00205,0.00000,0.88790,-135.438,-0.027,7
207.4660,-0.03531,0.91986,-0.00205,0.00000,0.88040,-132.349,-0.024,7
207.5160,-0.03495,0.91129,-0.00205,0.00000,0.87290,-129.276,-0.022,7
207.5660,-0.03449,0.90250,-0.00205,0.00000,0.86540,-126.218,-0.018,7
207.6160,-0.03395,0.89354,-0.00205,0.00000,0.85790,-123.173,-0.015,7
207.6660,-0.03331,0.88443,-0.00205,0.00000,0.85040,-120.138,-0.011,7
207.7160,-0.03259,0.87519,-0.00205,0.00000,0.84290,-117.113,-0.008,7
207.7660,-0.03178,0.86586,-0.00205,0.00000,0.83540,-114.096,-0.004,7
207.8160,-0.03088,0.85646,-0.00205,0.00000,0.82790,-111.088,0.000,7
207.8660,-0.02989,0.84701,-0.00205,0.00000,0.82040,-108.086,0.004,7
207.9160,-0.02881,0.83754,-0.00205,0.00000,0.81290,-105.091,0.008,7
207.9660,-0.02763,0.82807,-0.00206,0.00000,0.80540,-102.104,0.011,7
208.0160,-0.02636,0.81862,-0.00206,0.00000,0.79790,-99.123,0.015,7
208.0660,-0.02500,0.80921,-0.00206,0.00000,0.79040,-96.153,0.018,7
208.1160,-0.02354,0.79985,-0.00206,0.00000,0.78290,-93.240,0.020,7
208.1660,-0.02197,0.79057,-0.00206,0.00000,0.77540,-90.748,0.023,7
208.2160,-0.02030,0.78139,-0.00206,0.00000,0.76790,-89.855,0.026,7
208.2660,-0.01852,0.77237,-0.00206,0.00000,0.76040,-89.776,0.030,7
208.3160,-0.01674,0.76347,-0.00206,0.00000,0.75290,-89.796,0.033,7
208.3660,-0.01505,0.75466,-0.00206,0.00000,0.74540,-89.818,0.034,7
208.4160,-0.01344,0.74594,-0.00206,0.00000,0.73790,-89.848,0.035,7
208.4660,-0.01193,0.73732,-0.00207,0.00000,0.73040,-89.876,0.036,7
208.5160,-0.01052,0.72878,-0.00207,0.00000,0.72290,-89.899,0.036,7
208.5660,-0.00920,0.72033,-0.00207,0.00000,0.71540,-89.919,0.037,7
208.6160,-0.00797,0.71197,-0.00207,0.00000,0.70790,-89.935,0.037,7
208.6660,-0.00683,0.70369,-0.00207,0.00000,0.70040,-89.949,0.038,7
208.7160,-0.00578,0.69548,-0.00207,0.00000,0.69290,-89.960,0.038,7
208.7660,-0.00481,0.68735,-0.00207,0.00000,0.68540,-89.970,0.038,7
208.8160,-0.00392,0.67929,-0.00208,0.00000,0.67790,-89.978,0.039,7
208.8660,-0.00311,0.67129,-0.00208,0.00000,0.67040,-89.985,0.039,7
208.9160,-0.00238,0.66335,-0.00208,0.00000,0.66290,-89.990,0.039,7
208.9660,-0.00172,0.65547,-0.00208,0.00000,0.65540,-89.995,0.039,7
209.0160,-0.00112,0.64764,-0.00208,0.00000,0.64790,-89.998,0.039,7
209.0660,-0.00059,0.63986,-0.00208,0.00000,0.64040,-90.001,0.039,7
209.1160,-0.00011,0.63212,-0.00208,0.00000,0.63290,-90.003,0.039,7
209.1660,0.00030,0.62443,-0.00208,0.00000,0.62540,-90.005,0.040,7
209.2160,0.00067,0.61677,-0.00208,0.00000,0.61790,-90.007,0.040,7
209.2660,0.00098,0.60914,-0.00208,0.00000,0.61040,-90.008,0.040,7
209.3160,0.00125,0.60154,-0.00208,0.00000,0.60290,-90.008,0.040,7
209.3660,0.00148,0.59396,-0.00209,0.00000,0.59540,-90.009,0.040,7
209.4160,0.00168,0.58641,-0.00209,0.00000,0.58790,-90.009,0.040,7
209.4660,0.00183,0.57888,-0.00209,0.00000,0.58040,-90.009,0.040,7
209.5160,0.00196,0.57137,-0.00209,0.00000,0.57290,-90.009,0.040,7
209.5660,0.00205,0.56387,-0.00209,0.00000,0.56540,-90.009,0.040,7
209.6160,0.00212,0.55638,-0.00209,0.00000,0.55790,-90.008,0.040,7
209.6660,0.00217,0.54890,-0.00209,0.00000,0.55040,-90.008,0.040,7
209.7160,0.00219,0.54144,-0.00209,0.00000,0.54290,-90.008,0.040,7
209.7660,0.00220,0.53398,-0.00209,0.00000,0.53540,-90.007,0.040,7
209.8160,0.00219,0.52653,-0.00209,0.00000,0.52790,-90.007,0.040,7
209.8660,0.00216,0.51908,-0.00209,0.00000,0.52040,-90.006,0.040,7
209.9160,0.00212,0.51163,-0.00209,0.00000,0.51290,-90.005,0.040,7
209.9660,0.00208,0.50419,-0.00209,0.00000,0.50540,-90.005,0.040,7
210.0160,0.00202,0.49674,-0.00209,0.00000,0.49790,-90.004,0.040,7
210.0660,0.00196,0.48930,-0.00209,0.00000,0.49040,-90.004,0.040,7
210.1160,0.00189,0.48186,-0.00209,0.00000,0.48290,-90.003,0.040,7
210.1660,0.00181,0.47442,-0.00209,0.00000,0.47540,-90.003,0.040,7
210.2160,0.00173,0.46697,-0.00209,0.00000,0.46790,-90.002,0.040,7
210.2660,0.00165,0.45953,-0.00209,0.00000,0.46040,-90.002,0.040,7
210.3160,0.00157,0.45208,-0.00209,0.00000,0.45290,-90.001,0.040,7
210.3660,0.00148,0.44463,-0.00209,0.00000,0.44540,-90.001,0.040,7
210.4160,0.00140,0.43718,-0.00209,0.00000,0.43790,-90.000,0.040,7
210.4660,0.00131,0.42972,-0.00209,0.00000,0.43040,-90.000,0.040,7
210.5160,0.00123,0.42227,-0.00209,0.00000,0.42290,-89.999,0.040,7
210.5660,0.00115,0.41481,-0.00209,0.00000,0.41540,-89.999,0.040,7
210.6160,0.00107,0.40734,-0.00209,0.00000,0.40790,-89.998,0.040,7
210.6660,0.00099,0.39988,-0.00209,0.00000,0.40040,-89.998,0.040,7
210.7160,0.00092,0.39241,-0.00209,0.00000,0.39290,-89.998,0.040,7
210.7660,0.00085,0.38494,-0.00209,0.00000,0.38540,-89.998,0.040,7
210.8160,0.00078,0.37747,-0.00209,0.00000,0.37790,-89.997,0.040,7
210.8660,0.00071,0.36999,-0.00209,0.00000,0.37040,-89.997,0.040,7
210.9160,0.00065,0.36251,-0.00209,0.00000,0.36290,-89.997,0.040,7
210.9660,0.00059,0.35503,-0.00209,0.00000,0.35540,-89.997,0.040,7
211.0160,0.00053,0.34755,-0.00209,0.00000,0.34790,-89.996,0.040,7
211.0660,0.00048,0.34006,-0.00209,0.00000,0.34040,-89.996,0.040,7
211.1160,0.00043,0.33258,-0.00209,0.00000,0.33290,-89.996,0.040,7
211.1660,0.00039,0.32509,-0.00209,0.00000,0.32540,-89.996,0.040,7
211.2160,0.00035,0.31760,-0.00209,0.00000,0.31790,-89.996,0.040,7
211.2660,0.00031,0.31011,-0.00209,0.00000,0.31040,-89.996,0.040,7
211.3160,0.00027,0.30261,-0.00209,0.00000,0.30290,-89.996,0.040,7
211.3660,0.00024,0.29512,-0.00209,0.00000,0.29540,-89.996,0.040,7
211.4160,0.00021,0.28763,-0.00209,0.00000,0.28790,-89.996,0.040,7
211.4660,0.00018,0.28013,-0.00209,0.00000,0.28040,-89.995,0.040,7
211.5160,0.00016,0.27263,-0.00209,0.00000,0.27290,-89.995,0.040,7
211.5660,0.00013,0.26513,-0.00209,0.00000,0.26540,-89.995,0.040,7
211.6160,0.00011,0.25764,-0.00209,0.00000,0.25790,-89.995,0.040,7
211.6660,0.00010,0.25014,-0.00209,0.00000,0.25040,-89.995,0.040,7
211.7160,0.00008,0.24264,-0.00209,0.00000,0.24290,-89.995,0.040,7
211.7660,0.00007,0.23514,-0.00209,0.00000,0.23540,-89.995,0.040,7
211.8160,0.00005,0.22764,-0.00209,0.00000,0.22790,-89.995,0.040,7
211.8660,0.00004,0.22014,-0.00209,0.00000,0.22040,-89.995,0.040,7
211.9160,0.00004,0.21264,-0.00209,0.00000,0.21290,-89.995,0.040,7
211.9660,0.00003,0.20513,-0.00209,0.00000,0.20540,-89.995,0.040,7
212.0160,0.00002,0.19763,-0.00209,0.00000,0.19790,-89.995,0.040,7
212.0660,0.00002,0.19013,-0.00209,0.00000,0.19040,-89.995,0.040,7
212.1160,0.00001,0.18263,-0.00209,0.00000,0.18290,-89.995,0.040,7
212.1660,0.00001,0.17513,-0.00209,0.00000,0.17540,-89.995,0.040,7
212.2160,0.00001,0.16763,-0.00209,0.00000,0.16790,-89.995,0.040,7
212.2660,0.00001,0.16012,-0.00209,0.00000,0.16040,-89.995,0.040,7
212.3160,0.00001,0.15262,-0.00209,0.00000,0.15290,-89.995,0.040,7
212.3660,0.00001,0.14512,-0.00209,0.00000,0.14540,-89.995,0.040,7
212.4160,0.00001,0.13762,-0.00209,0.00000,0.13790,-89.995,0.040,7
212.4660,0.00001,0.13012,-0.00209,0.00000,0.13040,-89.995,0.040,7
212.5160,0.00001,0.12262,-0.00209,0.00000,0.12290,-89.995,0.040,7
212.5660,0.00001,0.11511,-0.00209,0.00000,0.11540,-89.996,0.040,7
212.6160,0.00002,0.10761,-0.00209,0.00000,0.10790,-89.996,0.040,7
212.6660,0.00002,0.10011,-0.00209,0.00000,0.10040,-89.996,0.040,7
212.7160,0.00002,0.09261,-0.00209,0.00000,0.09290,-89.996,0.040,7
212.7660,0.00002,0.08511,-0.00209,0.00000,0.08540,-89.996,0.040,7
212.8160,0.00003,0.07761,-0.00209,0.00000,0.07790,-89.996,0.040,7
212.8660,0.00003,0.07011,-0.00209,0.00000,0.07040,-89.996,0.040,7
212.9160,0.00003,0.06261,-0.00209,0.00000,0.06290,-89.996,0.040,7
212.9660,0.00004,0.05511,-0.00209,0.00000,0.05540,-89.996,0.040,7
213.0160,0.00004,0.04760,-0.00209,0.00000,0.04790,-89.996,0.040,7
213.0660,0.00004,0.04010,-0.00209,0.00000,0.04040,-89.996,0.040,7
213.1160,0.00005,0.03260,-0.00209,0.00000,0.03290,-89.996,0.040,7
213.1660,0.00005,0.02510,-0.00209,0.00000,0.02540,-89.996,0.040,7
213.2160,0.00005,0.01760,-0.00209,0.00000,0.01790,-89.996,0.040,7
213.2660,0.00005,0.01010,-0.00209,0.00000,0.01040,-89.996,0.040,7
213.3160,0.00006,0.00260,-0.00209,0.00000,0.00290,-89.996,0.040,7
213.3660,0.00011,-0.00484,-0.00209,0.00460,0.00000,-89.911,0.041,8
213.4160,0.00077,-0.01139,-0.00209,0.01210,0.00000,-88.382,0.058,8
213.4660,0.00214,-0.01687,-0.00209,0.01960,0.00000,-85.345,0.059,8
213.5160,0.00421,-0.02137,-0.00208,0.02710,0.00000,-81.920,0.051,8
213.5660,0.00696,-0.02496,-0.00208,0.03460,0.00000,-78.444,0.047,8
213.6160,0.01034,-0.02775,-0.00208,0.04210,0.00000,-74.996,0.046,8
213.6660,0.01430,-0.02987,-0.00208,0.04960,0.00000,-71.607,0.046,8
213.7160,0.01878,-0.03141,-0.00208,0.05710,0.00000,-68.276,0.047,8
213.7660,0.02373,-0.03248,-0.00207,0.06460,0.00000,-64.999,0.048,8
213.8160,0.02912,-0.03316,-0.00207,0.07210,0.00000,-61.768,0.050,8
213.8660,0.03491,-0.03354,-0.00207,0.07960,0.00000,-58.575,0.051,8
213.9160,0.04108,-0.03368,-0.00207,0.08710,0.00000,-55.414,0.053,8
213.9660,0.04761,-0.03363,-0.00206,0.09460,0.00000,-52.281,0.055,8
214.0160,0.05447,-0.03343,-0.00206,0.10210,0.00000,-49.172,0.057,8
214.0660,0.06165,-0.03312,-0.00206,0.10960,0.00000,-46.081,0.058,8
214.1160,0.06913,-0.03273,-0.00206,0.11710,0.00000,-43.007,0.059,8
214.1660,0.07690,-0.03227,-0.00206,0.12460,0.00000,-39.948,0.060,8
214.2160,0.08493,-0.03175,-0.00206,0.13210,0.00000,-36.900,0.061,8
214.2660,0.09321,-0.03118,-0.00206,0.13960,0.00000,-33.862,0.061,8
214.3160,0.10171,-0.03054,-0.00206,0.14710,0.00000,-30.833,0.062,8
214.3660,0.11041,-0.02985,-0.00206,0.15460,0.00000,-27.809,0.062,8
214.4160,0.11929,-0.02910,-0.00206,0.16210,0.00000,-24.791,0.061,8
214.4660,0.12833,-0.02826,-0.00206,0.16960,0.00000,-21.777,0.060,8
214.5160,0.13749,-0.02735,-0.00206,0.17710,0.00000,-18.765,0.059,8
214.5660,0.14677,-0.02634,-0.00206,0.18460,0.00000,-15.753,0.056,8
214.6160,0.15613,-0.02524,-0.00206,0.19210,0.00000,-12.741,0.054,8
214.6660,0.16555,-0.02403,-0.00206,0.19960,0.00000,-9.727,0.050,8
214.7160,0.17502,-0.02271,-0.00206,0.20710,0.00000,-6.714,0.046,8
214.7660,0.18451,-0.02127,-0.00206,0.21460,0.00000,-3.741,0.042,8
214.8160,0.19399,-0.01972,-0.00206,0.22210,0.00000,-1.154,0.037,8
214.8660,0.20336,-0.01810,-0.00206,0.22960,0.00000,-0.214,0.035,8
214.9160,0.21259,-0.01643,-0.00206,0.23710,0.00000,-0.079,0.032,8
214.9660,0.22177,-0.01480,-0.00206,0.24460,0.00000,-0.036,0.026,8
215.0160,0.23094,-0.01325,-0.00206,0.25210,0.00000,-0.006,0.019,8
215.0660,0.24009,-0.01178,-0.00206,0.25960,0.00000,0.007,0.012,8
215.1160,0.24920,-0.01040,-0.00206,0.26710,0.00000,0.015,0.007,8
215.1660,0.25826,-0.00910,-0.00206,0.27460,0.00000,0.020,0.002,8
215.2160,0.26726,-0.00788,-0.00206,0.28210,0.00000,0.024,-0.003,8
215.2660,0.27620,-0.00675,-0.00206,0.28960,0.00000,0.026,-0.007,8
215.3160,0.28507,-0.00570,-0.00206,0.29710,0.00000,0.028,-0.010,8
215.3660,0.29387,-0.00472,-0.00206,0.30460,0.00000,0.028,-0.013,8
215.4160,0.30260,-0.00383,-0.00206,0.31210,0.00000,0.028,-0.015,8
215.4660,0.31124,-0.00301,-0.00206,0.31960,0.00000,0.028,-0.017,8
215.5160,0.31981,-0.00226,-0.00206,0.32710,0.00000,0.028,-0.019,8
215.5660,0.32830,-0.00158,-0.00206,0.33460,0.00000,0.027,-0.021,8
215.6160,0.33671,-0.00096,-0.00206,0.34210,0.00000,0.027,-0.022,8
215.6660,0.34505,-0.00041,-0.00206,0.34960,0.00000,0.026,-0.023,8
215.7160,0.35332,0.00009,-0.00206,0.35710,0.00000,0.025,-0.024,8
215.7660,0.36152,0.00053,-0.00206,0.36460,0.00000,0.025,-0.025,8
215.8160,0.36965,0.00092,-0.00206,0.37210,0.00000,0.025,-0.025,8
215.8660,0.37772,0.00126,-0.00206,0.37960,0.00000,0.024,-0.026,8
215.9160,0.38572,0.00156,-0.00207,0.38710,0.00000,0.024,-0.026,8
215.9660,0.39368,0.00182,-0.00207,0.39460,0.00000,0.024,-0.026,8
216.0160,0.40157,0.00203,-0.00207,0.40210,0.00000,0.024,-0.027,8
216.0660,0.40942,0.00221,-0.00207,0.40960,0.00000,0.024,-0.027,8
216.1160,0.41722,0.00236,-0.00207,0.41710,0.00000,0.024,-0.027,8
216.1660,0.42499,0.00248,-0.00207,0.42460,0.00000,0.024,-0.027,8
216.2160,0.43271,0.00257,-0.00207,0.43210,0.00000,0.024,-0.027,8
216.2660,0.44039,0.00264,-0.00207,0.43960,0.00000,0.024,-0.027,8
216.3160,0.44805,0.00269,-0.00207,0.44710,0.00000,0.024,-0.027,8
216.3660,0.45567,0.00271,-0.00207,0.45460,0.00000,0.025,-0.027,8
216.4160,0.46327,0.00272,-0.00207,0.46210,0.00000,0.025,-0.027,8
216.4660,0.47085,0.00271,-0.00207,0.46960,0.00000,0.025,-0.027,8
216.5160,0.47840,0.00269,-0.00207,0.47710,0.00000,0.026,-0.027,8
216.5660,0.48594,0.00266,-0.00208,0.48460,0.00000,0.026,-0.027,8
216.6160,0.49346,0.00262,-0.00208,0.49210,0.00000,0.027,-0.027,8
216.6660,0.50097,0.00257,-0.00208,0.49960,0.00000,0.027,-0.026,8
216.7160,0.50846,0.00251,-0.00208,0.50710,0.00000,0.028,-0.026,8
216.7660,0.51595,0.00244,-0.00208,0.51460,0.00000,0.028,-0.026,8
216.8160,0.52342,0.00237,-0.00208,0.52210,0.00000,0.029,-0.026,8
216.8660,0.53089,0.00230,-0.00208,0.52960,0.00000,0.029,-0.026,8
216.9160,0.53836,0.00222,-0.00208,0.53710,0.00000,0.029,-0.026,8
216.9660,0.54582,0.00214,-0.00208,0.54460,0.00000,0.030,-0.026,8
217.0160,0.55327,0.00207,-0.00208,0.55210,0.00000,0.030,-0.026,8
217.0660,0.56072,0.00199,-0.00208,0.55960,0.00000,0.031,-0.026,8
217.1160,0.56818,0.00191,-0.00208,0.56710,0.00000,0.031,-0.026,8
217.1660,0.57563,0.00183,-0.00208,0.57460,0.00000,0.031,-0.026,8
217.2160,0.58308,0.00175,-0.00208,0.58210,0.00000,0.032,-0.026,8
217.2660,0.59053,0.00168,-0.00208,0.58960,0.00000,0.032,-0.026,8
217.3160,0.59798,0.00160,-0.00209,0.59710,0.00000,0.032,-0.026,8
217.3660,0.60543,0.00153,-0.00209,0.60460,0.00000,0.032,-0.026,8
217.4160,0.61289,0.00146,-0.00209,0.61210,0.00000,0.033,-0.026,8
217.4660,0.62034,0.00140,-0.00209,0.61960,0.00000,0.033,-0.026,8
217.5160,0.62780,0.00134,-0.00209,0.62710,0.00000,0.033,-0.026,8
217.5660,0.63526,0.00128,-0.00209,0.63460,0.00000,0.033,-0.026,8
217.6160,0.64272,0.00122,-0.00209,0.64210,0.00000,0.033,-0.026,8
217.6660,0.65019,0.00117,-0.00209,0.64960,0.00000,0.034,-0.026,8
217.7160,0.65766,0.00112,-0.00209,0.65710,0.00000,0.034,-0.026,8
217.7660,0.66512,0.00107,-0.00209,0.66460,0.00000,0.034,-0.026,8
217.8160,0.67260,0.00103,-0.00209,0.67210,0.00000,0.034,-0.026,8
217.8660,0.68007,0.00099,-0.00209,0.67960,0.00000,0.034,-0.026,8
217.9160,0.68755,0.00095,-0.00209,0.68710,0.00000,0.034,-0.026,8
217.9660,0.69502,0.00091,-0.00209,0.69460,0.00000,0.034,-0.026,8
218.0160,0.70250,0.00088,-0.00209,0.70210,0.00000,0.034,-0.026,8
218.0660,0.70999,0.00085,-0.00209,0.70960,0.00000,0.034,-0.026,8
218.1160,0.71747,0.00083,-0.00209,0.71710,0.00000,0.035,-0.026,8
218.1660,0.72495,0.00080,-0.00209,0.72460,0.00000,0.035,-0.026,8
218.2160,0.73244,0.00078,-0.00209,0.73210,0.00000,0.035,-0.026,8
218.2660,0.73993,0.00076,-0.00209,0.73960,0.00000,0.035,-0.026,8
218.3160,0.74742,0.00075,-0.00209,0.74710,0.00000,0.035,-0.026,8
218.3660,0.75491,0.00073,-0.00209,0.75460,0.00000,0.035,-0.026,8
218.4160,0.76241,0.00072,-0.00209,0.76210,0.00000,0.035,-0.026,8
218.4660,0.76990,0.00071,-0.00209,0.76960,0.00000,0.035,-0.026,8
218.5160,0.77739,0.00070,-0.00209,0.77710,0.00000,0.035,-0.026,8
218.5660,0.78489,0.00069,-0.00209,0.78460,0.00000,0.035,-0.026,8
218.6160,0.79239,0.00068,-0.00209,0.79210,0.00000,0.035,-0.026,8
218.6660,0.79988,0.00068,-0.00209,0.79960,0.00000,0.035,-0.026,8
218.7160,0.80738,0.00067,-0.00209,0.80710,0.00000,0.035,-0.026,8
218.7660,0.81488,0.00067,-0.00209,0.81460,0.00000,0.035,-0.026,8
218.8160,0.82238,0.00067,-0.00209,0.82210,0.00000,0.035,-0.026,8
218.8660,0.82988,0.00067,-0.00209,0.82960,0.00000,0.035,-0.026,8
218.9160,0.83738,0.00066,-0.00209,0.83710,0.00000,0.035,-0.026,8
218.9660,0.84488,0.00066,-0.00209,0.84460,0.00000,0.035,-0.026,8
219.0160,0.85238,0.00067,-0.00209,0.85210,0.00000,0.035,-0.026,8
219.0660,0.85988,0.00067,-0.00209,0.85960,0.00000,0.035,-0.026,8
219.1160,0.86738,0.00067,-0.00209,0.86710,0.00000,0.035,-0.026,8
219.1660,0.87488,0.00067,-0.00209,0.87460,0.00000,0.035,-0.026,8
219.2160,0.88238,0.00067,-0.00209,0.88210,0.00000,0.035,-0.026,8
219.2660,0.88989,0.00067,-0.00209,0.88960,0.00000,0.035,-0.026,8
219.3160,0.89739,0.00068,-0.00209,0.89710,0.00000,0.035,-0.026,8
219.3660,0.90489,0.00068,-0.00209,0.90460,0.00000,0.035,-0.026,8
219.4160,0.91239,0.00068,-0.00209,0.91210,0.00000,0.035,-0.026,8
219.4660,0.91989,0.00069,-0.00209,0.91960,0.00000,0.035,-0.026,8
219.5160,0.92739,0.00069,-0.00209,0.92710,0.00000,0.035,-0.026,8
219.5660,0.93489,0.00069,-0.00209,0.93460,0.00000,0.035,-0.026,8
219.6160,0.94240,0.00070,-0.00209,0.94210,0.00000,0.035,-0.026,8
219.6660,0.94990,0.00070,-0.00209,0.94960,0.00000,0.035,-0.026,8
219.7160,0.95740,0.00070,-0.00209,0.95710,0.00000,0.035,-0.026,8
219.7660,0.96490,0.00071,-0.00209,0.96460,0.00000,0.035,-0.026,8
219.8160,0.97240,0.00071,-0.00209,0.97210,0.00000,0.035,-0.026,8
219.8660,0.97990,0.00071,-0.00209,0.97960,0.00000,0.035,-0.026,8
219.9160,0.98740,0.00072,-0.00209,0.98710,0.00000,0.035,-0.026,8
219.9660,0.99490,0.00072,-0.00209,0.99460,0.00000,0.035,-0.026,8
220.0160,1.00234,0.00077,-0.00209,1.00000,0.00210,0.117,-0.025,8
220.0660,1.00895,0.00144,-0.00209,1.00000,0.00960,1.600,-0.007,8
220.1160,1.01454,0.00292,-0.00209,1.00000,0.01710,4.493,-0.004,8
220.1660,1.01918,0.00518,-0.00208,1.00000,0.02460,7.769,-0.009,8
220.2160,1.02292,0.00814,-0.00208,1.00000,0.03210,11.117,-0.011,8
220.2660,1.02584,0.01175,-0.00208,1.00000,0.03960,14.456,-0.010,8
220.3160,1.02804,0.01592,-0.00208,1.00000,0.04710,17.753,-0.009,8
220.3660,1.02966,0.02062,-0.00208,1.00000,0.05460,21.006,-0.008,8
220.4160,1.03077,0.02579,-0.00208,1.00000,0.06210,24.217,-0.008,8
220.4660,1.03148,0.03141,-0.00208,1.00000,0.06960,27.394,-0.007,8
220.5160,1.03186,0.03744,-0.00208,1.00000,0.07710,30.540,-0.007,8
220.5660,1.03197,0.04388,-0.00208,1.00000,0.08460,33.663,-0.008,8
220.6160,1.03187,0.05068,-0.00208,1.00000,0.09210,36.764,-0.010,8
220.6660,1.03160,0.05785,-0.00208,1.00000,0.09960,39.849,-0.012,8
220.7160,1.03118,0.06535,-0.00208,1.00000,0.10710,42.919,-0.014,8
220.7660,1.03065,0.07318,-0.00208,1.00000,0.11460,45.978,-0.018,8
220.8160,1.03001,0.08130,-0.00208,1.00000,0.12210,49.028,-0.022,8
220.8660,1.02927,0.08971,-0.00208,1.00000,0.12960,52.071,-0.026,8
220.9160,1.02844,0.09838,-0.00208,1.00000,0.13710,55.109,-0.032,8
220.9660,1.02752,0.10729,-0.00208,1.00000,0.14460,58.144,-0.038,8
221.0160,1.02652,0.11640,-0.00207,1.00000,0.15210,61.178,-0.044,8
221.0660,1.02541,0.12570,-0.00207,1.00000,0.15960,64.212,-0.050,8
221.1160,1.02422,0.13514,-0.00207,1.00000,0.16710,67.250,-0.057,8
221.1660,1.02292,0.14471,-0.00207,1.00000,0.17460,70.293,-0.064,8
221.2160,1.02153,0.15437,-0.00207,1.00000,0.18210,73.342,-0.070,8
221.2660,1.02004,0.16408,-0.00207,1.00000,0.18960,76.401,-0.077,8
221.3160,1.01847,0.17381,-0.00207,1.00000,0.19710,79.472,-0.083,8
221.3660,1.01680,0.18354,-0.00207,1.00000,0.20460,82.553,-0.089,8
221.4160,1.01506,0.19323,-0.00207,1.00000,0.21210,85.606,-0.094,8
221.4660,1.01327,0.20284,-0.00206,1.00000,0.21960,88.277,-0.098,8
221.5160,1.01151,0.21234,-0.00206,1.00000,0.22710,89.339,-0.103,8
221.5660,1.00982,0.22168,-0.00206,1.00000,0.23460,89.569,-0.107,8
221.6160,1.00826,0.23088,-0.00206,1.00000,0.24210,89.673,-0.110,8
221.6660,1.00682,0.23995,-0.00206,1.00000,0.24960,89.750,-0.113,8
221.7160,1.00550,0.24889,-0.00206,1.00000,0.25710,89.803,-0.116,8
221.7660,1.00430,0.25771,-0.00206,1.00000,0.26460,89.844,-0.118,8
221.8160,1.00321,0.26641,-0.00206,1.00000,0.27210,89.877,-0.120,8
221.8660,1.00223,0.27500,-0.00205,1.00000,0.27960,89.903,-0.121,8
221.9160,1.00135,0.28348,-0.00205,1.00000,0.28710,89.924,-0.122,8
221.9660,1.00057,0.29186,-0.00205,1.00000,0.29460,89.941,-0.123,8
222.0160,0.99987,0.30014,-0.00205,1.00000,0.30210,89.955,-0.123,8
222.0660,0.99927,0.30833,-0.00205,1.00000,0.30960,89.965,-0.123,8
222.1160,0.99874,0.31644,-0.00205,1.00000,0.31710,89.974,-0.124,8
222.1660,0.99829,0.32447,-0.00205,1.00000,0.32460,89.980,-0.124,8
222.2160,0.99790,0.33243,-0.00205,1.00000,0.33210,89.985,-0.124,8
222.2660,0.99758,0.34033,-0.00206,1.00000,0.33960,89.989,-0.123,8
222.3160,0.99731,0.34816,-0.00206,1.00000,0.34710,89.992,-0.123,8
222.3660,0.99710,0.35593,-0.00206,1.00000,0.35460,89.994,-0.123,8
222.4160,0.99693,0.36366,-0.00206,1.00000,0.36210,89.995,-0.123,8
222.4660,0.99681,0.37134,-0.00206,1.00000,0.36960,89.996,-0.122,8
222.5160,0.99673,0.37899,-0.00206,1.00000,0.37710,89.997,-0.122,8
222.5660,0.99668,0.38659,-0.00206,1.00000,0.38460,89.997,-0.122,8
222.6160,0.99666,0.39417,-0.00206,1.00000,0.39210,89.997,-0.121,8
222.6660,0.99667,0.40171,-0.00206,1.00000,0.39960,89.997,-0.121,8
222.7160,0.99671,0.40923,-0.00206,1.00000,0.40710,89.997,-0.120,8
222.7660,0.99676,0.41673,-0.00207,1.00000,0.41460,89.997,-0.120,8
222.8160,0.99684,0.42422,-0.00207,1.00000,0.42210,89.996,-0.120,8
222.8660,0.99693,0.43168,-0.00207,1.00000,0.42960,89.996,-0.119,8
222.9160,0.99703,0.43914,-0.00207,1.00000,0.43710,89.996,-0.119,8
222.9660,0.99714,0.44658,-0.00207,1.00000,0.44460,89.995,-0.119,8
223.0160,0.99726,0.45402,-0.00207,1.00000,0.45210,89.995,-0.119,8
223.0660,0.99739,0.46145,-0.00207,1.00000,0.45960,89.995,-0.118,8
223.1160,0.99752,0.46887,-0.00207,1.00000,0.46710,89.994,-0.118,8
223.1660,0.99765,0.47629,-0.00208,1.00000,0.47460,89.994,-0.118,8
223.2160,0.99779,0.48371,-0.00208,1.00000,0.48210,89.994,-0.118,8
223.2660,0.99792,0.49113,-0.00208,1.00000,0.48960,89.993,-0.118,8
223.3160,0.99806,0.49855,-0.00208,1.00000,0.49710,89.993,-0.117,8
223.3660,0.99819,0.50597,-0.00208,1.00000,0.50460,89.993,-0.117,8
223.4160,0.99833,0.51339,-0.00208,1.00000,0.51210,89.993,-0.117,8
223.4660,0.99846,0.52081,-0.00208,1.00000,0.51960,89.993,-0.117,8
223.5160,0.99858,0.52824,-0.00208,1.00000,0.52710,89.993,-0.117,8
223.5660,0.99870,0.53567,-0.00208,1.00000,0.53460,89.993,-0.117,8
223.6160,0.99882,0.54310,-0.00208,1.00000,0.54210,89.993,-0.117,8
223.6660,0.99893,0.55054,-0.00208,1.00000,0.54960,89.993,-0.117,8
223.7160,0.99904,0.55797,-0.00208,1.00000,0.55710,89.993,-0.117,8
223.7660,0.99914,0.56542,-0.00208,1.00000,0.56460,89.993,-0.117,8
223.8160,0.99924,0.57286,-0.00208,1.00000,0.57210,89.993,-0.117,8
223.8660,0.99933,0.58031,-0.00208,1.00000,0.57960,89.993,-0.117,8
223.9160,0.99942,0.58777,-0.00209,1.00000,0.58710,89.993,-0.117,8
223.9660,0.99950,0.59523,-0.00209,1.00000,0.59460,89.993,-0.117,8
224.0160,0.99957,0.60269,-0.00209,1.00000,0.60210,89.993,-0.117,8
224.0660,0.99964,0.61015,-0.00209,1.00000,0.60960,89.993,-0.117,8
224.1160,0.99971,0.61762,-0.00209,1.00000,0.61710,89.994,-0.117,8
224.1660,0.99977,0.62509,-0.00209,1.00000,0.62460,89.994,-0.117,8
224.2160,0.99982,0.63256,-0.00209,1.00000,0.63210,89.994,-0.117,8
224.2660,0.99987,0.64004,-0.00209,1.00000,0.63960,89.994,-0.117,8
224.3160,0.99992,0.64752,-0.00209,1.00000,0.64710,89.994,-0.117,8
224.3660,0.99996,0.65500,-0.00209,1.00000,0.65460,89.994,-0.117,8
224.4160,0.99999,0.66249,-0.00209,1.00000,0.66210,89.994,-0.117,8
224.4660,1.00003,0.66997,-0.00209,1.00000,0.66960,89.994,-0.117,8
224.5160,1.00006,0.67746,-0.00209,1.00000,0.67710,89.995,-0.117,8
224.5660,1.00008,0.68495,-0.00209,1.00000,0.68460,89.995,-0.117,8
224.6160,1.00011,0.69244,-0.00209,1.00000,0.69210,89.995,-0.117,8
224.6660,1.00013,0.69994,-0.00209,1.00000,0.69960,89.995,-0.117,8
224.7160,1.00014,0.70743,-0.00209,1.00000,0.70710,89.995,-0.117,8
224.7660,1.00016,0.71493,-0.00209,1.00000,0.71460,89.995,-0.117,8
224.8160,1.00017,0.72242,-0.00209,1.00000,0.72210,89.995,-0.117,8
224.8660,1.00018,0.72992,-0.00209,1.00000,0.72960,89.995,-0.117,8
224.9160,1.00019,0.73742,-0.00209,1.00000,0.73710,89.995,-0.117,8
224.9660,1.00020,0.74492,-0.00209,1.00000,0.74460,89.995,-0.117,8
225.0160,1.00020,0.75242,-0.00209,1.00000,0.75210,89.995,-0.117,8
225.0660,1.00021,0.75992,-0.00209,1.00000,0.75960,89.996,-0.117,8
225.1160,1.00021,0.76742,-0.00209,1.00000,0.76710,89.996,-0.117,8
225.1660,1.00021,0.77492,-0.00209,1.00000,0.77460,89.996,-0.117,8
225.2160,1.00021,0.78242,-0.00209,1.00000,0.78210,89.996,-0.117,8
225.2660,1.00021,0.78992,-0.00209,1.00000,0.78960,89.996,-0.117,8
225.3160,1.00021,0.79742,-0.00209,1.00000,0.79710,89.996,-0.117,8
225.3660,1.00020,0.80493,-0.00209,1.00000,0.80460,89.996,-0.117,8
225.4160,1.00020,0.81243,-0.00209,1.00000,0.81210,89.996,-0.117,8
225.4660,1.00020,0.81993,-0.00209,1.00000,0.81960,89.996,-0.117,8
225.5160,1.00019,0.82743,-0.00209,1.00000,0.82710,89.996,-0.117,8
225.5660,1.00019,0.83494,-0.00209,1.00000,0.83460,89.996,-0.117,8
225.6160,1.00018,0.84244,-0.00209,1.00000,0.84210,89.996,-0.117,8
225.6660,1.00018,0.84994,-0.00209,1.00000,0.84960,89.996,-0.117,8
225.7160,1.00017,0.85744,-0.00209,1.00000,0.85710,89.996,-0.117,8
225.7660,1.00017,0.86495,-0.00209,1.00000,0.86460,89.996,-0.117,8
225.8160,1.00016,0.87245,-0.00209,1.00000,0.87210,89.996,-0.117,8
225.8660,1.00016,0.87995,-0.00209,1.00000,0.87960,89.996,-0.117,8
225.9160,1.00015,0.88745,-0.00209,1.00000,0.88710,89.996,-0.117,8
225.9660,1.00015,0.89495,-0.00209,1.00000,0.89460,89.996,-0.117,8
226.0160,1.00015,0.90245,-0.00209,1.00000,0.90210,89.996,-0.117,8
226.0660,1.00014,0.90996,-0.00209,1.00000,0.90960,89.996,-0.117,8
226.1160,1.00014,0.91746,-0.00209,1.00000,0.91710,89.996,-0.117,8
226.1660,1.00013,0.92496,-0.00209,1.00000,0.92460,89.996,-0.117,8
226.2160,1.00013,0.93246,-0.00209,1.00000,0.93210,89.996,-0.117,8
226.2660,1.00012,0.93996,-0.00209,1.00000,0.93960,89.996,-0.117,8
226.3160,1.00012,0.94746,-0.00209,1.00000,0.94710,89.996,-0.117,8
226.3660,1.00012,0.95496,-0.00209,1.00000,0.95460,89.996,-0.117,8
226.4160,1.00011,0.96246,-0.00209,1.00000,0.96210,89.996,-0.117,8
226.4660,1.00011,0.96996,-0.00209,1.00000,0.96960,89.996,-0.117,8
226.5160,1.00011,0.97747,-0.00209,1.00000,0.97710,89.996,-0.117,8
226.5660,1.00010,0.98497,-0.00209,1.00000,0.98460,89.996,-0.117,8
226.6160,1.00010,0.99247,-0.00209,1.00000,0.99210,89.996,-0.117,8
226.6660,1.00010,0.99997,-0.00209,1.00000,0.99960,89.996,-0.117,8
226.7160,1.00005,1.00740,-0.00209,0.99290,1.00000,90.082,-0.116,8
226.7660,0.99933,1.01390,-0.00209,0.98540,1.00000,91.622,-0.100,8
226.8160,0.99764,1.01930,-0.00209,0.97790,1.00000,94.741,-0.098,8
226.8660,0.99499,1.02377,-0.00209,0.97040,1.00000,98.234,-0.107,8
226.9160,0.99148,1.02744,-0.00208,0.96290,1.00000,101.772,-0.115,8
226.9660,0.98719,1.03039,-0.00208,0.95540,1.00000,105.275,-0.120,8
227.0160,0.98223,1.03275,-0.00208,0.94790,1.00000,108.709,-0.124,8
227.0660,0.97665,1.03457,-0.00208,0.94040,1.00000,112.077,-0.126,8
227.1160,0.97052,1.03595,-0.00208,0.93290,1.00000,115.384,-0.127,8
227.1660,0.96389,1.03695,-0.00208,0.92540,1.00000,118.641,-0.127,8
227.2160,0.95679,1.03761,-0.00208,0.91790,1.00000,121.854,-0.127,8
227.2660,0.94928,1.03800,-0.00208,0.91040,1.00000,125.033,-0.126,8
227.3160,0.94138,1.03814,-0.00208,0.90290,1.00000,128.182,-0.125,8
227.3660,0.93314,1.03808,-0.00208,0.89540,1.00000,131.306,-0.123,8
227.4160,0.92459,1.03782,-0.00208,0.88790,1.00000,134.410,-0.122,8
227.4660,0.91576,1.03741,-0.00208,0.88040,1.00000,137.496,-0.120,8
227.5160,0.90668,1.03684,-0.00208,0.87290,1.00000,140.568,-0.118,8
227.5660,0.89739,1.03613,-0.00208,0.86540,1.00000,143.628,-0.116,8
227.6160,0.88791,1.03529,-0.00208,0.85790,1.00000,146.677,-0.114,8
227.6660,0.87829,1.03432,-0.00208,0.85040,1.00000,149.716,-0.112,8
227.7160,0.86856,1.03324,-0.00208,0.84290,1.00000,152.748,-0.110,8
227.7660,0.85874,1.03204,-0.00208,0.83540,1.00000,155.772,-0.107,8
227.8160,0.84888,1.03074,-0.00208,0.82790,1.00000,158.789,-0.104,8
227.8660,0.83899,1.02932,-0.00208,0.82040,1.00000,161.800,-0.101,8
227.9160,0.82912,1.02781,-0.00208,0.81290,1.00000,164.805,-0.097,8
227.9660,0.81929,1.02621,-0.00208,0.80540,1.00000,167.802,-0.093,8
228.0160,0.80953,1.02452,-0.00208,0.79790,1.00000,170.793,-0.089,8
228.0660,0.79986,1.02276,-0.00208,0.79040,1.00000,173.771,-0.084,8
228.1160,0.79032,1.02093,-0.00208,0.78290,1.00000,176.691,-0.079,8
228.1660,0.78090,1.01904,-0.00208,0.77540,1.00000,179.180,-0.075,8
228.2160,0.77159,1.01714,-0.00208,0.76790,1.00000,-179.911,-0.071,8
228.2660,0.76249,1.01501,-0.00208,0.76040,1.00000,-179.803,-0.065,8
228.3160,0.75436,1.01065,-0.00207,0.75290,1.00000,-179.486,-0.048,8
228.3660,0.74647,1.00742,-0.00203,0.74540,1.00000,-179.344,-0.047,8
228.4160,0.73860,1.00470,-0.00198,0.73790,1.00000,-179.415,-0.047,8
228.4660,0.73078,1.00226,-0.00193,0.73040,1.00000,-179.525,-0.041,8
228.5160,0.72300,1.00010,-0.00188,0.72290,1.00000,-179.621,-0.035,8
228.5660,0.71526,0.99821,-0.00184,0.71540,1.00000,-179.702,-0.029,8
228.6160,0.70756,0.99656,-0.00181,0.70790,1.00000,-179.769,-0.025,8
228.6660,0.69989,0.99515,-0.00178,0.70040,1.00000,-179.824,-0.021,8
228.7160,0.69226,0.99394,-0.00175,0.69290,1.00000,-179.869,-0.017,8
228.7660,0.68464,0.99293,-0.00173,0.68540,1.00000,-179.906,-0.015,8
228.8160,0.67705,0.99210,-0.00172,0.67790,1.00000,-179.936,-0.012,8
228.8660,0.66948,0.99143,-0.00170,0.67040,1.00000,-179.960,-0.010,8
228.9160,0.66193,0.99091,-0.00169,0.66290,1.00000,-179.980,-0.008,8
228.9660,0.65439,0.99052,-0.00168,0.65540,1.00000,-179.996,-0.006,8
229.0160,0.64688,0.99043,-0.00168,0.64790,1.00000,179.958,-0.005,8
229.0660,0.63954,0.99238,-0.00167,0.64040,1.00000,179.417,-0.001,8
229.1160,0.63223,0.99363,-0.00162,0.63290,1.00000,179.317,-0.004,8
229.1660,0.62493,0.99469,-0.00157,0.62540,1.00000,179.445,-0.006,8
229.2160,0.61761,0.99568,-0.00153,0.61790,1.00000,179.536,-0.006,8
229.2660,0.61026,0.99658,-0.00150,0.61040,1.00000,179.607,-0.005,8
229.3160,0.60288,0.99740,-0.00148,0.60290,1.00000,179.669,-0.004,8
229.3660,0.59549,0.99814,-0.00146,0.59540,1.00000,179.722,-0.003,8
229.4160,0.58807,0.99881,-0.00144,0.58790,1.00000,179.765,-0.002,8
229.4660,0.58063,0.99941,-0.00143,0.58040,1.00000,179.801,-0.001,8
229.5160,0.57318,0.99995,-0.00143,0.57290,1.00000,179.831,-0.001,8
229.5660,0.56571,1.00043,-0.00143,0.56540,1.00000,179.855,-0.000,8
229.6160,0.55823,1.00086,-0.00143,0.55790,1.00000,179.875,0.000,8
229.6660,0.55075,1.00123,-0.00144,0.55040,1.00000,179.892,0.001,8
229.7160,0.54325,1.00155,-0.00145,0.54290,1.00000,179.906,0.001,8
229.7660,0.53574,1.00183,-0.00146,0.53540,1.00000,179.918,0.002,8
229.8160,0.52823,1.00206,-0.00147,0.52790,1.00000,179.927,0.002,8
229.8660,0.52071,1.00226,-0.00149,0.52040,1.00000,179.935,0.002,8
229.9160,0.51319,1.00242,-0.00151,0.51290,1.00000,179.942,0.002,8
229.9660,0.50567,1.00255,-0.00152,0.50540,1.00000,179.947,0.002,8
230.0160,0.49814,1.00265,-0.00154,0.49790,1.00000,179.952,0.003,8
230.0660,0.49061,1.00273,-0.00156,0.49040,1.00000,179.955,0.003,8
230.1160,0.48308,1.00278,-0.00158,0.48290,1.00000,179.958,0.003,8
230.1660,0.47555,1.00281,-0.00161,0.47540,1.00000,179.961,0.003,8
230.2160,0.46802,1.00282,-0.00163,0.46790,1.00000,179.963,0.003,8
230.2660,0.46049,1.00282,-0.00165,0.46040,1.00000,179.964,0.003,8
230.3160,0.45296,1.00280,-0.00167,0.45290,1.00000,179.965,0.003,8
230.3660,0.44543,1.00276,-0.00169,0.44540,1.00000,179.966,0.003,8
230.4160,0.43790,1.00272,-0.00171,0.43790,1.00000,179.967,0.003,8
230.4660,0.43037,1.00267,-0.00173,0.43040,1.00000,179.968,0.003,8
230.5160,0.42285,1.00261,-0.00175,0.42290,1.00000,179.968,0.003,8
230.5660,0.41532,1.00254,-0.00177,0.41540,1.00000,179.968,0.003,8
230.6160,0.40780,1.00247,-0.00179,0.40790,1.00000,179.968,0.003,8
230.6660,0.40027,1.00239,-0.00181,0.40040,1.00000,179.968,0.003,8
230.7160,0.39275,1.00231,-0.00183,0.39290,1.00000,179.968,0.003,8
230.7660,0.38523,1.00223,-0.00185,0.38540,1.00000,179.968,0.003,8
230.8160,0.37771,1.00214,-0.00187,0.37790,1.00000,179.968,0.002,8
230.8660,0.37020,1.00206,-0.00188,0.37040,1.00000,179.968,0.002,8
230.9160,0.36268,1.00198,-0.00190,0.36290,1.00000,179.968,0.002,8
230.9660,0.35517,1.00189,-0.00191,0.35540,1.00000,179.968,0.002,8
231.0160,0.34766,1.00181,-0.00193,0.34790,1.00000,179.968,0.002,8
231.0660,0.34014,1.00173,-0.00194,0.34040,1.00000,179.968,0.002,8
231.1160,0.33263,1.00166,-0.00196,0.33290,1.00000,179.967,0.002,8
231.1660,0.32513,1.00158,-0.00197,0.32540,1.00000,179.967,0.002,8
231.2160,0.31762,1.00151,-0.00198,0.31790,1.00000,179.967,0.002,8
231.2660,0.31011,1.00144,-0.00199,0.31040,1.00000,179.967,0.002,8
231.3160,0.30260,1.00137,-0.00200,0.30290,1.00000,179.967,0.002,8
231.3660,0.29510,1.00131,-0.00201,0.29540,1.00000,179.967,0.002,8
231.4160,0.28759,1.00125,-0.00202,0.28790,1.00000,179.966,0.002,8
231.4660,0.28009,1.00119,-0.00203,0.28040,1.00000,179.966,0.002,8
231.5160,0.27259,1.00114,-0.00204,0.27290,1.00000,179.966,0.002,8
231.5660,0.26508,1.00109,-0.00205,0.26540,1.00000,179.966,0.002,8
231.6160,0.25758,1.00104,-0.00205,0.25790,1.00000,179.966,0.002,8
231.6660,0.25008,1.00100,-0.00206,0.25040,1.00000,179.966,0.002,8
231.7160,0.24258,1.00096,-0.00207,0.24290,1.00000,179.966,0.002,8
231.7660,0.23508,1.00093,-0.00207,0.23540,1.00000,179.966,0.002,8
231.8160,0.22758,1.00089,-0.00208,0.22790,1.00000,179.965,0.002,8
231.8660,0.22008,1.00086,-0.00208,0.22040,1.00000,179.965,0.002,8
231.9160,0.21258,1.00083,-0.00208,0.21290,1.00000,179.965,0.002,8
231.9660,0.20508,1.00081,-0.00209,0.20540,1.00000,179.965,0.002,8
232.0160,0.19758,1.00078,-0.00209,0.19790,1.00000,179.965,0.002,8
232.0660,0.19008,1.00076,-0.00209,0.19040,1.00000,179.965,0.002,8
232.1160,0.18258,1.00075,-0.00210,0.18290,1.00000,179.965,0.002,8
232.1660,0.17508,1.00073,-0.00210,0.17540,1.00000,179.965,0.002,8
232.2160,0.16758,1.00072,-0.00210,0.16790,1.00000,179.965,0.002,8
232.2660,0.16008,1.00070,-0.00210,0.16040,1.00000,179.965,0.002,8
232.3160,0.15258,1.00069,-0.00210,0.15290,1.00000,179.965,0.002,8
232.3660,0.14508,1.00069,-0.00211,0.14540,1.00000,179.965,0.002,8
232.4160,0.13758,1.00068,-0.00211,0.13790,1.00000,179.965,0.002,8
232.4660,0.13009,1.00067,-0.00211,0.13040,1.00000,179.965,0.002,8
232.5160,0.12259,1.00067,-0.00211,0.12290,1.00000,179.965,0.002,8
232.5660,0.11509,1.00066,-0.00211,0.11540,1.00000,179.965,0.002,8
232.6160,0.10759,1.00066,-0.00211,0.10790,1.00000,179.965,0.002,8
232.6660,0.10009,1.00066,-0.00211,0.10040,1.00000,179.965,0.002,8
232.7160,0.09259,1.00066,-0.00211,0.09290,1.00000,179.965,0.002,8
232.7660,0.08509,1.00066,-0.00211,0.08540,1.00000,179.965,0.002,8
232.8160,0.07759,1.00066,-0.00211,0.07790,1.00000,179.965,0.002,8
232.8660,0.07009,1.00066,-0.00211,0.07040,1.00000,179.965,0.002,8
232.9160,0.06259,1.00066,-0.00211,0.06290,1.00000,179.965,0.002,8
232.9660,0.05509,1.00067,-0.00211,0.05540,1.00000,179.965,0.002,8
233.0160,0.04759,1.00067,-0.00211,0.04790,1.00000,179.965,0.002,8
233.0660,0.04009,1.00067,-0.00211,0.04040,1.00000,179.965,0.002,8
233.1160,0.03259,1.00067,-0.00211,0.03290,1.00000,179.965,0.002,8
233.1660,0.02510,1.00068,-0.00211,0.02540,1.00000,179.965,0.002,8
233.2160,0.01760,1.00068,-0.00211,0.01790,1.00000,179.965,0.002,8
233.2660,0.01010,1.00068,-0.00211,0.01040,1.00000,179.965,0.002,8
233.3160,0.00260,1.00069,-0.00210,0.00290,1.00000,179.965,0.002,8
233.3660,-0.00484,1.00064,-0.00210,0.00000,0.99540,-179.949,0.003,8
233.4160,-0.01127,0.99994,-0.00210,0.00000,0.98790,-178.402,0.019,8
233.4660,-0.01633,0.99803,-0.00210,0.00000,0.98040,-175.338,0.031,8
233.5160,-0.02043,0.99527,-0.00210,0.00000,0.97290,-171.972,0.014,8
233.5660,-0.02378,0.99178,-0.00209,0.00000,0.96540,-168.537,-0.002,8
233.6160,-0.02650,0.98764,-0.00209,0.00000,0.95790,-165.121,-0.011,8
233.6660,-0.02866,0.98290,-0.00208,0.00000,0.95040,-161.761,-0.018,8
233.7160,-0.03036,0.97761,-0.00208,0.00000,0.94290,-158.454,-0.023,8
233.7660,-0.03166,0.97183,-0.00207,0.00000,0.93540,-155.194,-0.027,8
233.8160,-0.03263,0.96560,-0.00207,0.00000,0.92790,-151.975,-0.029,8
233.8660,-0.03333,0.95896,-0.00207,0.00000,0.92040,-148.790,-0.031,8
233.9160,-0.03378,0.95194,-0.00207,0.00000,0.91290,-145.634,-0.031,8
233.9660,-0.03405,0.94457,-0.00206,0.00000,0.90540,-142.502,-0.030,8
234.0160,-0.03415,0.93689,-0.00206,0.00000,0.89790,-139.391,-0.029,8
234.0660,-0.03410,0.92893,-0.00206,0.00000,0.89040,-136.297,-0.027,8
234.1160,-0.03394,0.92070,-0.00206,0.00000,0.88290,-133.217,-0.024,8
234.1660,-0.03366,0.91224,-0.00206,0.00000,0.87540,-130.151,-0.022,8
234.2160,-0.03329,0.90358,-0.00206,0.00000,0.86790,-127.094,-0.018,8
234.2660,-0.03283,0.89474,-0.00206,0.00000,0.86040,-124.047,-0.015,8
234.3160,-0.03227,0.88575,-0.00206,0.00000,0.85290,-121.007,-0.012,8
234.3660,-0.03163,0.87663,-0.00206,0.00000,0.84540,-117.973,-0.008,8
234.4160,-0.03091,0.86741,-0.00206,0.00000,0.83790,-114.943,-0.004,8
234.4660,-0.03009,0.85811,-0.00206,0.00000,0.83040,-111.917,-0.001,8
234.5160,-0.02918,0.84876,-0.00206,0.00000,0.82290,-108.892,0.003,8
234.5660,-0.02819,0.83939,-0.00206,0.00000,0.81540,-105.868,0.007,8
234.6160,-0.02709,0.83000,-0.00206,0.00000,0.80790,-102.844,0.010,8
234.6660,-0.02590,0.82064,-0.00206,0.00000,0.80040,-99.819,0.014,8
234.7160,-0.02461,0.81130,-0.00206,0.00000,0.79290,-96.796,0.017,8
234.7660,-0.02322,0.80201,-0.00206,0.00000,0.78540,-93.816,0.020,8
234.8160,-0.02173,0.79278,-0.00206,0.00000,0.77790,-91.241,0.022,8
234.8660,-0.02013,0.78366,-0.00206,0.00000,0.77040,-90.269,0.026,8
234.9160,-0.01840,0.77468,-0.00206,0.00000,0.76290,-90.114,0.030,8
234.9660,-0.01668,0.76581,-0.00206,0.00000,0.75540,-90.072,0.032,8
235.0160,-0.01502,0.75704,-0.00206,0.00000,0.74790,-90.044,0.033,8
235.0660,-0.01345,0.74836,-0.00206,0.00000,0.74040,-90.033,0.034,8
235.1160,-0.01197,0.73976,-0.00207,0.00000,0.73290,-90.028,0.035,8
235.1660,-0.01058,0.73125,-0.00207,0.00000,0.72540,-90.024,0.036,8
235.2160,-0.00928,0.72282,-0.00207,0.00000,0.71790,-90.021,0.037,8
235.2660,-0.00807,0.71448,-0.00207,0.00000,0.71040,-90.020,0.037,8
235.3160,-0.00694,0.70621,-0.00207,0.00000,0.70290,-90.018,0.038,8
235.3660,-0.00590,0.69802,-0.00207,0.00000,0.69540,-90.017,0.038,8
235.4160,-0.00494,0.68990,-0.00207,0.00000,0.68790,-90.017,0.038,8
235.4660,-0.00405,0.68184,-0.00207,0.00000,0.68040,-90.016,0.039,8
235.5160,-0.00325,0.67385,-0.00208,0.00000,0.67290,-90.016,0.039,8
235.5660,-0.00252,0.66592,-0.00208,0.00000,0.66540,-90.016,0.039,8
235.6160,-0.00185,0.65804,-0.00208,0.00000,0.65790,-90.016,0.039,8
235.6660,-0.00126,0.65022,-0.00208,0.00000,0.65040,-90.015,0.039,8
235.7160,-0.00072,0.64244,-0.00208,0.00000,0.64290,-90.015,0.039,8
235.7660,-0.00025,0.63470,-0.00208,0.00000,0.63540,-90.015,0.039,8
235.8160,0.00017,0.62700,-0.00208,0.00000,0.62790,-90.015,0.040,8
235.8660,0.00054,0.61934,-0.00208,0.00000,0.62040,-90.014,0.040,8
235.9160,0.00086,0.61171,-0.00208,0.00000,0.61290,-90.014,0.040,8
235.9660,0.00114,0.60410,-0.00208,0.00000,0.60540,-90.013,0.040,8
236.0160,0.00137,0.59653,-0.00208,0.00000,0.59790,-90.013,0.040,8
236.0660,0.00157,0.58897,-0.00209,0.00000,0.59040,-90.012,0.040,8
236.1160,0.00173,0.58144,-0.00209,0.00000,0.58290,-90.012,0.040,8
236.1660,0.00186,0.57392,-0.00209,0.00000,0.57540,-90.011,0.040,8
236.2160,0.00196,0.56642,-0.00209,0.00000,0.56790,-90.010,0.040,8
236.2660,0.00204,0.55893,-0.00209,0.00000,0.56040,-90.010,0.040,8
236.3160,0.00209,0.55145,-0.00209,0.00000,0.55290,-90.009,0.040,8
236.3660,0.00212,0.54398,-0.00209,0.00000,0.54540,-90.009,0.040,8
236.4160,0.00213,0.53652,-0.00209,0.00000,0.53790,-90.008,0.040,8
236.4660,0.00213,0.52906,-0.00209,0.00000,0.53040,-90.007,0.040,8
236.5160,0.00211,0.52161,-0.00209,0.00000,0.52290,-90.007,0.040,8
236.5660,0.00208,0.51416,-0.00209,0.00000,0.51540,-90.006,0.040,8
236.6160,0.00203,0.50671,-0.00209,0.00000,0.50790,-90.005,0.040,8
236.6660,0.00198,0.49927,-0.00209,0.00000,0.50040,-90.005,0.040,8
236.7160,0.00192,0.49182,-0.00209,0.00000,0.49290,-90.004,0.040,8
236.7660,0.00185,0.48438,-0.00209,0.00000,0.48540,-90.003,0.040,8
236.8160,0.00178,0.47694,-0.00209,0.00000,0.47790,-90.003,0.040,8
236.8660,0.00171,0.46949,-0.00209,0.00000,0.47040,-90.002,0.040,8
236.9160,0.00163,0.46204,-0.00209,0.00000,0.46290,-90.002,0.040,8
236.9660,0.00155,0.45459,-0.00209,0.00000,0.45540,-90.001,0.040,8
237.0160,0.00147,0.44714,-0.00209,0.00000,0.44790,-90.001,0.040,8
237.0660,0.00138,0.43969,-0.00209,0.00000,0.44040,-90.000,0.040,8
237.1160,0.00130,0.43223,-0.00209,0.00000,0.43290,-90.000,0.040,8
237.1660,0.00122,0.42477,-0.00209,0.00000,0.42540,-89.999,0.040,8
237.2160,0.00114,0.41731,-0.00209,0.00000,0.41790,-89.999,0.040,8
237.2660,0.00106,0.40985,-0.00209,0.00000,0.41040,-89.999,0.040,8
237.3160,0.00099,0.40238,-0.00209,0.00000,0.40290,-89.998,0.040,8
237.3660,0.00092,0.39491,-0.00209,0.00000,0.39540,-89.998,0.040,8
237.4160,0.00084,0.38744,-0.00209,0.00000,0.38790,-89.998,0.040,8
237.4660,0.00078,0.37996,-0.00209,0.00000,0.38040,-89.997,0.040,8
237.5160,0.00071,0.37249,-0.00209,0.00000,0.37290,-89.997,0.040,8
237.5660,0.00065,0.36501,-0.00209,0.00000,0.36540,-89.997,0.040,8
237.6160,0.00059,0.35753,-0.00209,0.00000,0.35790,-89.997,0.040,8
237.6660,0.00054,0.35005,-0.00209,0.00000,0.35040,-89.996,0.040,8
237.7160,0.00049,0.34256,-0.00209,0.00000,0.34290,-89.996,0.040,8
237.7660,0.00044,0.33507,-0.00209,0.00000,0.33540,-89.996,0.040,8
237.8160,0.00039,0.32759,-0.00209,0.00000,0.32790,-89.996,0.040,8
237.8660,0.00035,0.32010,-0.00209,0.00000,0.32040,-89.996,0.040,8
237.9160,0.00031,0.31260,-0.00209,0.00000,0.31290,-89.996,0.040,8
237.9660,0.00028,0.30511,-0.00209,0.00000,0.30540,-89.996,0.040,8
238.0160,0.00024,0.29762,-0.00209,0.00000,0.29790,-89.996,0.040,8
238.0660,0.00021,0.29012,-0.00209,0.00000,0.29040,-89.996,0.040,8
238.1160,0.00019,0.28263,-0.00209,0.00000,0.28290,-89.995,0.040,8
238.1660,0.00016,0.27513,-0.00209,0.00000,0.27540,-89.995,0.040,8
238.2160,0.00014,0.26763,-0.00209,0.00000,0.26790,-89.995,0.040,8
238.2660,0.00012,0.26013,-0.00209,0.00000,0.26040,-89.995,0.040,8
238.3160,0.00010,0.25264,-0.00209,0.00000,0.25290,-89.995,0.040,8
238.3660,0.00008,0.24514,-0.00209,0.00000,0.24540,-89.995,0.040,8
238.4160,0.00007,0.23764,-0.00209,0.00000,0.23790,-89.995,0.040,8
238.4660,0.00006,0.23014,-0.00209,0.00000,0.23040,-89.995,0.040,8
238.5160,0.00005,0.22264,-0.00209,0.00000,0.22290,-89.995,0.040,8
238.5660,0.00004,0.21513,-0.00209,0.00000,0.21540,-89.995,0.040,8
238.6160,0.00003,0.20763,-0.00209,0.00000,0.20790,-89.995,0.040,8
238.6660,0.00003,0.20013,-0.00209,0.00000,0.20040,-89.995,0.040,8
238.7160,0.00002,0.19263,-0.00209,0.00000,0.19290,-89.995,0.040,8
238.7660,0.00002,0.18513,-0.00209,0.00000,0.18540,-89.995,0.040,8
238.8160,0.00001,0.17763,-0.00209,0.00000,0.17790,-89.995,0.040,8
238.8660,0.00001,0.17013,-0.00209,0.00000,0.17040,-89.995,0.040,8
238.9160,0.00001,0.16262,-0.00209,0.00000,0.16290,-89.995,0.040,8
238.9660,0.00001,0.15512,-0.00209,0.00000,0.15540,-89.995,0.040,8
239.0160,0.00001,0.14762,-0.00209,0.00000,0.14790,-89.995,0.040,8
239.0660,0.00001,0.14012,-0.00209,0.00000,0.14040,-89.995,0.040,8
239.1160,0.00001,0.13262,-0.00209,0.00000,0.13290,-89.995,0.040,8
239.1660,0.00001,0.12512,-0.00209,0.00000,0.12540,-89.996,0.040,8
239.2160,0.00001,0.11761,-0.00209,0.00000,0.11790,-89.996,0.040,8
239.2660,0.00002,0.11011,-0.00209,0.00000,0.11040,-89.996,0.040,8
239.3160,0.00002,0.10261,-0.00209,0.00000,0.10290,-89.996,0.040,8
239.3660,0.00002,0.09511,-0.00209,0.00000,0.09540,-89.996,0.040,8
239.4160,0.00002,0.08761,-0.00209,0.00000,0.08790,-89.996,0.040,8
239.4660,0.00003,0.08011,-0.00209,0.00000,0.08040,-89.996,0.040,8
239.5160,0.00003,0.07261,-0.00209,0.00000,0.07290,-89.996,0.040,8
239.5660,0.00003,0.06511,-0.00209,0.00000,0.06540,-89.996,0.040,8
239.6160,0.00004,0.05761,-0.00209,0.00000,0.05790,-89.996,0.040,8
239.6660,0.00004,0.05010,-0.00209,0.00000,0.05040,-89.996,0.040,8
239.7160,0.00004,0.04260,-0.00209,0.00000,0.04290,-89.996,0.040,8
239.7660,0.00005,0.03510,-0.00209,0.00000,0.03540,-89.996,0.040,8
239.8160,0.00005,0.02760,-0.00209,0.00000,0.02790,-89.996,0.040,8
239.8660,0.00005,0.02010,-0.00209,0.00000,0.02040,-89.996,0.040,8
239.9160,0.00005,0.01260,-0.00209,0.00000,0.01290,-89.996,0.040,8
239.9660,0.00006,0.00510,-0.00209,0.00000,0.00540,-89.996,0.040,8
240.0160,0.00011,-0.00234,-0.00209,0.00210,0.00000,-89.911,0.041,9
240.0660,0.00075,-0.00890,-0.00209,0.00960,0.00000,-88.389,0.058,9
240.1160,0.00210,-0.01439,-0.00209,0.01710,0.00000,-85.463,0.059,9
240.1660,0.00414,-0.01892,-0.00208,0.02460,0.00000,-82.167,0.051,9
240.2160,0.00686,-0.02256,-0.00208,0.03210,0.00000,-78.811,0.048,9
240.2660,0.01020,-0.02542,-0.00208,0.03960,0.00000,-75.466,0.046,9
240.3160,0.01411,-0.02761,-0.00208,0.04710,0.00000,-72.164,0.046,9
240.3660,0.01853,-0.02924,-0.00208,0.05460,0.00000,-68.906,0.047,9
240.4160,0.02343,-0.03039,-0.00207,0.06210,0.00000,-65.688,0.048,9
240.4660,0.02875,-0.03117,-0.00207,0.06960,0.00000,-62.504,0.049,9
240.5160,0.03447,-0.03164,-0.00207,0.07710,0.00000,-59.350,0.051,9
240.5660,0.04056,-0.03187,-0.00207,0.08460,0.00000,-56.220,0.053,9
240.6160,0.04701,-0.03190,-0.00206,0.09210,0.00000,-53.112,0.054,9
240.6660,0.05378,-0.03179,-0.00206,0.09960,0.00000,-50.020,0.056,9
240.7160,0.06086,-0.03157,-0.00206,0.10710,0.00000,-46.943,0.057,9
240.7660,0.06825,-0.03126,-0.00206,0.11460,0.00000,-43.879,0.059,9
240.8160,0.07591,-0.03088,-0.00206,0.12210,0.00000,-40.824,0.060,9
240.8660,0.08384,-0.03044,-0.00206,0.12960,0.00000,-37.778,0.061,9
240.9160,0.09201,-0.02995,-0.00206,0.13710,0.00000,-34.738,0.061,9
240.9660,0.10040,-0.02940,-0.00206,0.14460,0.00000,-31.702,0.061,9
241.0160,0.10899,-0.02880,-0.00206,0.15210,0.00000,-28.670,0.061,9
241.0660,0.11776,-0.02813,-0.00206,0.15960,0.00000,-25.638,0.061,9
241.1160,0.12669,-0.02738,-0.00206,0.16710,0.00000,-22.606,0.060,9
241.1660,0.13575,-0.02656,-0.00206,0.17460,0.00000,-19.570,0.059,9
241.2160,0.14493,-0.02564,-0.00206,0.18210,0.00000,-16.529,0.057,9
241.2660,0.15420,-0.02463,-0.00206,0.18960,0.00000,-13.481,0.054,9
241.3160,0.16354,-0.02350,-0.00206,0.19710,0.00000,-10.423,0.051,9
241.3660,0.17293,-0.02227,-0.00206,0.20460,0.00000,-7.355,0.047,9
241.4160,0.18235,-0.02091,-0.00206,0.21210,0.00000,-4.316,0.043,9
241.4660,0.19177,-0.01944,-0.00206,0.21960,0.00000,-1.647,0.038,9
241.5160,0.20108,-0.01788,-0.00206,0.22710,0.00000,-0.628,0.037,9
241.5660,0.21026,-0.01627,-0.00206,0.23460,0.00000,-0.417,0.034,9
241.6160,0.21940,-0.01470,-0.00206,0.24210,0.00000,-0.312,0.028,9
241.6660,0.22852,-0.01319,-0.00206,0.24960,0.00000,-0.233,0.021,9
241.7160,0.23763,-0.01176,-0.00206,0.25710,0.00000,-0.179,0.014,9
241.7660,0.24670,-0.01040,-0.00206,0.26460,0.00000,-0.138,0.008,9
241.8160,0.25573,-0.00913,-0.00206,0.27210,0.00000,-0.106,0.003,9
241.8660,0.26470,-0.00793,-0.00206,0.27960,0.00000,-0.080,-0.001,9
241.9160,0.27362,-0.00682,-0.00206,0.28710,0.00000,-0.059,-0.005,9
241.9660,0.28247,-0.00578,-0.00206,0.29460,0.00000,-0.042,-0.008,9
242.0160,0.29125,-0.00482,-0.00206,0.30210,0.00000,-0.029,-0.011,9
242.0660,0.29996,-0.00393,-0.00206,0.30960,0.00000,-0.019,-0.014,9
242.1160,0.30860,-0.00312,-0.00206,0.31710,0.00000,-0.010,-0.016,9
242.1660,0.31716,-0.00237,-0.00206,0.32460,0.00000,-0.004,-0.018,9
242.2160,0.32564,-0.00169,-0.00206,0.33210,0.00000,0.001,-0.020,9
242.2660,0.33406,-0.00108,-0.00206,0.33960,0.00000,0.005,-0.021,9
242.3160,0.34239,-0.00052,-0.00206,0.34710,0.00000,0.009,-0.022,9
242.3660,0.35066,-0.00003,-0.00206,0.35460,0.00000,0.011,-0.023,9
242.4160,0.35886,0.00042,-0.00206,0.36210,0.00000,0.013,-0.024,9
242.4660,0.36700,0.00081,-0.00206,0.36960,0.00000,0.015,-0.025,9
242.5160,0.37507,0.00115,-0.00207,0.37710,0.00000,0.016,-0.025,9
242.5660,0.38308,0.00145,-0.00207,0.38460,0.00000,0.018,-0.026,9
242.6160,0.39104,0.00171,-0.00207,0.39210,0.00000,0.019,-0.026,9
242.6660,0.39894,0.00193,-0.00207,0.39960,0.00000,0.019,-0.026,9
242.7160,0.40680,0.00212,-0.00207,0.40710,0.00000,0.020,-0.026,9
242.7660,0.41461,0.00227,-0.00207,0.41460,0.00000,0.021,-0.027,9
242.8160,0.42237,0.00240,-0.00207,0.42210,0.00000,0.021,-0.027,9
242.8660,0.43010,0.00249,-0.00207,0.42960,0.00000,0.022,-0.027,9
242.9160,0.43780,0.00257,-0.00207,0.43710,0.00000,0.023,-0.027,9
242.9660,0.44546,0.00262,-0.00207,0.44460,0.00000,0.023,-0.027,9
243.0160,0.45309,0.00265,-0.00207,0.45210,0.00000,0.024,-0.027,9
243.0660,0.46070,0.00266,-0.00207,0.45960,0.00000,0.024,-0.027,9
243.1160,0.46828,0.00266,-0.00207,0.46710,0.00000,0.025,-0.027,9
243.1660,0.47584,0.00264,-0.00207,0.47460,0.00000,0.025,-0.027,9
243.2160,0.48338,0.00261,-0.00208,0.48210,0.00000,0.026,-0.027,9
243.2660,0.49091,0.00257,-0.00208,0.48960,0.00000,0.026,-0.026,9
243.3160,0.49842,0.00253,-0.00208,0.49710,0.00000,0.027,-0.026,9
243.3660,0.50592,0.00247,-0.00208,0.50460,0.00000,0.027,-0.026,9
243.4160,0.51341,0.00241,-0.00208,0.51210,0.00000,0.028,-0.026,9
243.4660,0.52089,0.00234,-0.00208,0.51960,0.00000,0.028,-0.026,9
243.5160,0.52837,0.00227,-0.00208,0.52710,0.00000,0.029,-0.026,9
243.5660,0.53583,0.00220,-0.00208,0.53460,0.00000,0.029,-0.026,9
243.6160,0.54330,0.00213,-0.00208,0.54210,0.00000,0.030,-0.026,9
243.6660,0.55076,0.00205,-0.00208,0.54960,0.00000,0.030,-0.026,9
243.7160,0.55821,0.00197,-0.00208,0.55710,0.00000,0.030,-0.026,9
243.7660,0.56567,0.00190,-0.00208,0.56460,0.00000,0.031,-0.026,9
243.8160,0.57312,0.00182,-0.00208,0.57210,0.00000,0.031,-0.026,9
243.8660,0.58057,0.00174,-0.00208,0.57960,0.00000,0.032,-0.026,9
243.9160,0.58802,0.00167,-0.00208,0.58710,0.00000,0.032,-0.026,9
243.9660,0.59548,0.00160,-0.00208,0.59460,0.00000,0.032,-0.026,9
244.0160,0.60293,0.00153,-0.00209,0.60210,0.00000,0.032,-0.026,9
244.0660,0.61039,0.00146,-0.00209,0.60960,0.00000,0.033,-0.026,9
244.1160,0.61784,0.00140,-0.00209,0.61710,0.00000,0.033,-0.026,9
244.1660,0.62530,0.00134,-0.00209,0.62460,0.00000,0.033,-0.026,9
244.2160,0.63276,0.00128,-0.00209,0.63210,0.00000,0.033,-0.026,9
244.2660,0.64023,0.00122,-0.00209,0.63960,0.00000,0.033,-0.026,9
244.3160,0.64769,0.00117,-0.00209,0.64710,0.00000,0.034,-0.026,9
244.3660,0.65516,0.00112,-0.00209,0.65460,0.00000,0.034,-0.026,9
244.4160,0.66263,0.00107,-0.00209,0.66210,0.00000,0.034,-0.026,9
244.4660,0.67010,0.00103,-0.00209,0.66960,0.00000,0.034,-0.026,9
244.5160,0.67757,0.00099,-0.00209,0.67710,0.00000,0.034,-0.026,9
244.5660,0.68505,0.00095,-0.00209,0.68460,0.00000,0.034,-0.026,9
244.6160,0.69253,0.00092,-0.00209,0.69210,0.00000,0.034,-0.026,9
244.6660,0.70001,0.00089,-0.00209,0.69960,0.00000,0.034,-0.026,9
244.7160,0.70749,0.00086,-0.00209,0.70710,0.00000,0.034,-0.026,9
244.7660,0.71497,0.00083,-0.00209,0.71460,0.00000,0.034,-0.026,9
244.8160,0.72246,0.00081,-0.00209,0.72210,0.00000,0.035,-0.026,9
244.8660,0.72995,0.00079,-0.00209,0.72960,0.00000,0.035,-0.026,9
244.9160,0.73743,0.00077,-0.00209,0.73710,0.00000,0.035,-0.026,9
244.9660,0.74492,0.00075,-0.00209,0.74460,0.00000,0.035,-0.026,9
245.0160,0.75242,0.00074,-0.00209,0.75210,0.00000,0.035,-0.026,9
245.0660,0.75991,0.00072,-0.00209,0.75960,0.00000,0.035,-0.026,9
245.1160,0.76740,0.00071,-0.00209,0.76710,0.00000,0.035,-0.026,9
245.1660,0.77490,0.00070,-0.00209,0.77460,0.00000,0.035,-0.026,9
245.2160,0.78239,0.00069,-0.00209,0.78210,0.00000,0.035,-0.026,9
245.2660,0.78989,0.00069,-0.00209,0.78960,0.00000,0.035,-0.026,9
245.3160,0.79739,0.00068,-0.00209,0.79710,0.00000,0.035,-0.026,9
245.3660,0.80488,0.00068,-0.00209,0.80460,0.00000,0.035,-0.026,9
245.4160,0.81238,0.00067,-0.00209,0.81210,0.00000,0.035,-0.026,9
245.4660,0.81988,0.00067,-0.00209,0.81960,0.00000,0.035,-0.026,9
245.5160,0.82738,0.00067,-0.00209,0.82710,0.00000,0.035,-0.026,9
245.5660,0.83488,0.00067,-0.00209,0.83460,0.00000,0.035,-0.026,9
245.6160,0.84238,0.00067,-0.00209,0.84210,0.00000,0.035,-0.026,9
245.6660,0.84988,0.00067,-0.00209,0.84960,0.00000,0.035,-0.026,9
245.7160,0.85738,0.00067,-0.00209,0.85710,0.00000,0.035,-0.026,9
245.7660,0.86488,0.00067,-0.00209,0.86460,0.00000,0.035,-0.026,9
245.8160,0.87238,0.00067,-0.00209,0.87210,0.00000,0.035,-0.026,9
245.8660,0.87988,0.00067,-0.00209,0.87960,0.00000,0.035,-0.026,9
245.9160,0.88739,0.00068,-0.00209,0.88710,0.00000,0.035,-0.026,9
245.9660,0.89489,0.00068,-0.00209,0.89460,0.00000,0.035,-0.026,9
246.0160,0.90239,0.00068,-0.00209,0.90210,0.00000,0.035,-0.026,9
246.0660,0.90989,0.00068,-0.00209,0.90960,0.00000,0.035,-0.026,9
246.1160,0.91739,0.00069,-0.00209,0.91710,0.00000,0.035,-0.026,9
246.1660,0.92489,0.00069,-0.00209,0.92460,0.00000,0.035,-0.026,9
246.2160,0.93239,0.00069,-0.00209,0.93210,0.00000,0.035,-0.026,9
246.2660,0.93990,0.00070,-0.00209,0.93960,0.00000,0.035,-0.026,9
246.3160,0.94740,0.00070,-0.00209,0.94710,0.00000,0.035,-0.026,9
246.3660,0.95490,0.00070,-0.00209,0.95460,0.00000,0.035,-0.026,9
246.4160,0.96240,0.00071,-0.00209,0.96210,0.00000,0.035,-0.026,9
246.4660,0.96990,0.00071,-0.00209,0.96960,0.00000,0.035,-0.026,9
246.5160,0.97740,0.00071,-0.00209,0.97710,0.00000,0.035,-0.026,9
246.5660,0.98490,0.00072,-0.00209,0.98460,0.00000,0.035,-0.026,9
246.6160,0.99240,0.00072,-0.00209,0.99210,0.00000,0.035,-0.026,9
246.6660,0.99990,0.00072,-0.00209,0.99960,0.00000,0.035,-0.026,9
246.7160,1.00734,0.00077,-0.00209,1.00000,0.00710,0.117,-0.025,9
246.7660,1.01390,0.00146,-0.00209,1.00000,0.01460,1.614,-0.007,9
246.8160,1.01941,0.00300,-0.00209,1.00000,0.02210,4.727,-0.003,9
246.8660,1.02395,0.00534,-0.00208,1.00000,0.02960,8.261,-0.009,9
246.9160,1.02756,0.00840,-0.00208,1.00000,0.03710,11.848,-0.011,9
246.9660,1.03032,0.01211,-0.00208,1.00000,0.04460,15.396,-0.010,9
247.0160,1.03236,0.01640,-0.00208,1.00000,0.05210,18.868,-0.009,9
247.0660,1.03380,0.02122,-0.00208,1.00000,0.05960,22.264,-0.008,9
247.1160,1.03473,0.02654,-0.00208,1.00000,0.06710,25.593,-0.007,9
247.1660,1.03525,0.03230,-0.00208,1.00000,0.07460,28.865,-0.007,9
247.2160,1.03545,0.03850,-0.00207,1.00000,0.08210,32.088,-0.007,9
247.2660,1.03538,0.04511,-0.00207,1.00000,0.08960,35.270,-0.008,9
247.3160,1.03510,0.05210,-0.00207,1.00000,0.09710,38.419,-0.010,9
247.3660,1.03465,0.05947,-0.00207,1.00000,0.10460,41.539,-0.012,9
247.4160,1.03406,0.06718,-0.00207,1.00000,0.11210,44.636,-0.015,9
247.4660,1.03335,0.07523,-0.00207,1.00000,0.11960,47.713,-0.019,9
247.5160,1.03254,0.08358,-0.00207,1.00000,0.12710,50.773,-0.024,9
247.5660,1.03162,0.09222,-0.00207,1.00000,0.13460,53.819,-0.029,9
247.6160,1.03062,0.10112,-0.00207,1.00000,0.14210,56.853,-0.034,9
247.6660,1.02952,0.11026,-0.00207,1.00000,0.14960,59.877,-0.040,9
247.7160,1.02833,0.11959,-0.00207,1.00000,0.15710,62.893,-0.047,9
247.7660,1.02705,0.12910,-0.00207,1.00000,0.16460,65.902,-0.053,9
247.8160,1.02567,0.13875,-0.00207,1.00000,0.17210,68.904,-0.060,9
247.8660,1.02420,0.14851,-0.00207,1.00000,0.17960,71.902,-0.067,9
247.9160,1.02263,0.15834,-0.00207,1.00000,0.18710,74.895,-0.074,9
247.9660,1.02098,0.16821,-0.00207,1.00000,0.19460,77.884,-0.080,9
248.0160,1.01924,0.17809,-0.00207,1.00000,0.20210,80.867,-0.086,9
248.0660,1.01743,0.18794,-0.00207,1.00000,0.20960,83.840,-0.092,9
248.1160,1.01556,0.19773,-0.00206,1.00000,0.21710,86.760,-0.097,9
248.1660,1.01365,0.20743,-0.00206,1.00000,0.22460,89.267,-0.101,9
248.2160,1.01178,0.21700,-0.00206,1.00000,0.23210,90.172,-0.106,9
248.2660,1.01001,0.22641,-0.00206,1.00000,0.23960,90.252,-0.109,9
248.3160,1.00838,0.23567,-0.00206,1.00000,0.24710,90.230,-0.112,9
248.3660,1.00688,0.24479,-0.00206,1.00000,0.25460,90.208,-0.115,9
248.4160,1.00551,0.25378,-0.00205,1.00000,0.26210,90.180,-0.118,9
248.4660,1.00428,0.26264,-0.00205,1.00000,0.26960,90.154,-0.119,9
248.5160,1.00316,0.27138,-0.00205,1.00000,0.27710,90.132,-0.121,9
248.5660,1.00215,0.27999,-0.00205,1.00000,0.28460,90.113,-0.122,9
248.6160,1.00126,0.28850,-0.00205,1.00000,0.29210,90.097,-0.123,9
248.6660,1.00046,0.29690,-0.00205,1.00000,0.29960,90.084,-0.124,9
248.7160,0.99976,0.30520,-0.00205,1.00000,0.30710,90.072,-0.124,9
248.7660,0.99915,0.31340,-0.00205,1.00000,0.31460,90.062,-0.124,9
248.8160,0.99861,0.32152,-0.00205,1.00000,0.32210,90.053,-0.124,9
248.8660,0.99816,0.32956,-0.00205,1.00000,0.32960,90.046,-0.124,9
248.9160,0.99777,0.33753,-0.00205,1.00000,0.33710,90.039,-0.124,9
248.9660,0.99745,0.34543,-0.00205,1.00000,0.34460,90.033,-0.124,9
249.0160,0.99718,0.35326,-0.00206,1.00000,0.35210,90.028,-0.124,9
249.0660,0.99698,0.36104,-0.00206,1.00000,0.35960,90.024,-0.123,9
249.1160,0.99681,0.36876,-0.00206,1.00000,0.36710,90.020,-0.123,9
249.1660,0.99670,0.37645,-0.00206,1.00000,0.37460,90.017,-0.123,9
249.2160,0.99662,0.38408,-0.00206,1.00000,0.38210,90.014,-0.122,9
249.2660,0.99658,0.39169,-0.00206,1.00000,0.38960,90.011,-0.122,9
249.3160,0.99657,0.39926,-0.00206,1.00000,0.39710,90.009,-0.121,9
249.3660,0.99658,0.40680,-0.00206,1.00000,0.40460,90.007,-0.121,9
249.4160,0.99662,0.41432,-0.00206,1.00000,0.41210,90.005,-0.121,9
249.4660,0.99668,0.42181,-0.00207,1.00000,0.41960,90.003,-0.120,9
249.5160,0.99676,0.42929,-0.00207,1.00000,0.42710,90.002,-0.120,9
249.5660,0.99686,0.43675,-0.00207,1.00000,0.43460,90.000,-0.119,9
249.6160,0.99696,0.44420,-0.00207,1.00000,0.44210,89.999,-0.119,9
249.6660,0.99708,0.45164,-0.00207,1.00000,0.44960,89.998,-0.119,9
249.7160,0.99721,0.45907,-0.00207,1.00000,0.45710,89.997,-0.119,9
249.7660,0.99734,0.46650,-0.00207,1.00000,0.46460,89.996,-0.118,9
249.8160,0.99747,0.47392,-0.00207,1.00000,0.47210,89.996,-0.118,9
249.8660,0.99761,0.48134,-0.00208,1.00000,0.47960,89.995,-0.118,9
249.9160,0.99775,0.48875,-0.00208,1.00000,0.48710,89.995,-0.118,9
249.9660,0.99789,0.49617,-0.00208,1.00000,0.49460,89.994,-0.118,9
250.0160,0.99803,0.50358,-0.00208,1.00000,0.50210,89.994,-0.117,9
250.0660,0.99817,0.51100,-0.00208,1.00000,0.50960,89.994,-0.117,9
250.1160,0.99831,0.51842,-0.00208,1.00000,0.51710,89.993,-0.117,9
250.1660,0.99844,0.52584,-0.00208,1.00000,0.52460,89.993,-0.117,9
250.2160,0.99857,0.53326,-0.00208,1.00000,0.53210,89.993,-0.117,9
250.2660,0.99869,0.54068,-0.00208,1.00000,0.53960,89.993,-0.117,9
250.3160,0.99881,0.54811,-0.00208,1.00000,0.54710,89.993,-0.117,9
250.3660,0.99893,0.55555,-0.00208,1.00000,0.55460,89.993,-0.117,9
250.4160,0.99904,0.56298,-0.00208,1.00000,0.56210,89.993,-0.117,9
250.4660,0.99914,0.57043,-0.00208,1.00000,0.56960,89.993,-0.117,9
250.5160,0.99924,0.57787,-0.00208,1.00000,0.57710,89.993,-0.117,9
250.5660,0.99933,0.58532,-0.00209,1.00000,0.58460,89.993,-0.117,9
250.6160,0.99942,0.59277,-0.00209,1.00000,0.59210,89.993,-0.117,9
250.6660,0.99950,0.60023,-0.00209,1.00000,0.59960,89.993,-0.117,9
250.7160,0.99957,0.60769,-0.00209,1.00000,0.60710,89.993,-0.117,9
250.7660,0.99964,0.61515,-0.00209,1.00000,0.61460,89.993,-0.117,9
250.8160,0.99971,0.62262,-0.00209,1.00000,0.62210,89.994,-0.117,9
250.8660,0.99977,0.63009,-0.00209,1.00000,0.62960,89.994,-0.117,9
250.9160,0.99982,0.63756,-0.00209,1.00000,0.63710,89.994,-0.117,9
250.9660,0.99988,0.64504,-0.00209,1.00000,0.64460,89.994,-0.117,9
251.0160,0.99992,0.65252,-0.00209,1.00000,0.65210,89.994,-0.117,9
251.0660,0.99996,0.66000,-0.00209,1.00000,0.65960,89.994,-0.117,9
251.1160,1.00000,0.66748,-0.00209,1.00000,0.66710,89.994,-0.117,9
251.1660,1.00003,0.67497,-0.00209,1.00000,0.67460,89.994,-0.117,9
251.2160,1.00006,0.68246,-0.00209,1.00000,0.68210,89.995,-0.117,9
251.2660,1.00009,0.68995,-0.00209,1.00000,0.68960,89.995,-0.117,9
251.3160,1.00011,0.69744,-0.00209,1.00000,0.69710,89.995,-0.117,9
251.3660,1.00013,0.70493,-0.00209,1.00000,0.70460,89.995,-0.117,9
251.4160,1.00015,0.71243,-0.00209,1.00000,0.71210,89.995,-0.117,9
251.4660,1.00016,0.71992,-0.00209,1.00000,0.71960,89.995,-0.117,9
251.5160,1.00018,0.72742,-0.00209,1.00000,0.72710,89.995,-0.117,9
251.5660,1.00019,0.73492,-0.00209,1.00000,0.73460,89.995,-0.117,9
251.6160,1.00020,0.74242,-0.00209,1.00000,0.74210,89.995,-0.117,9
251.6660,1.00020,0.74991,-0.00209,1.00000,0.74960,89.995,-0.117,9
251.7160,1.00021,0.75741,-0.00209,1.00000,0.75710,89.996,-0.117,9
251.7660,1.00021,0.76492,-0.00209,1.00000,0.76460,89.996,-0.117,9
251.8160,1.00021,0.77242,-0.00209,1.00000,0.77210,89.996,-0.117,9
251.8660,1.00021,0.77992,-0.00209,1.00000,0.77960,89.996,-0.117,9
251.9160,1.00021,0.78742,-0.00209,1.00000,0.78710,89.996,-0.117,9
251.9660,1.00021,0.79492,-0.00209,1.00000,0.79460,89.996,-0.117,9
252.0160,1.00021,0.80242,-0.00209,1.00000,0.80210,89.996,-0.117,9
252.0660,1.00021,0.80993,-0.00209,1.00000,0.80960,89.996,-0.117,9
252.1160,1.00020,0.81743,-0.00209,1.00000,0.81710,89.996,-0.117,9
252.1660,1.00020,0.82493,-0.00209,1.00000,0.82460,89.996,-0.117,9
252.2160,1.00019,0.83243,-0.00209,1.00000,0.83210,89.996,-0.117,9
252.2660,1.00019,0.83994,-0.00209,1.00000,0.83960,89.996,-0.117,9
252.3160,1.00019,0.84744,-0.00209,1.00000,0.84710,89.996,-0.117,9
252.3660,1.00018,0.85494,-0.00209,1.00000,0.85460,89.996,-0.117,9
252.4160,1.00018,0.86244,-0.00209,1.00000,0.86210,89.996,-0.117,9
252.4660,1.00017,0.86994,-0.00209,1.00000,0.86960,89.996,-0.117,9
252.5160,1.00017,0.87745,-0.00209,1.00000,0.87710,89.996,-0.117,9
252.5660,1.00016,0.88495,-0.00209,1.00000,0.88460,89.996,-0.117,9
252.6160,1.00016,0.89245,-0.00209,1.00000,0.89210,89.996,-0.117,9
252.6660,1.00015,0.89995,-0.00209,1.00000,0.89960,89.996,-0.117,9
252.7160,1.00015,0.90745,-0.00209,1.00000,0.90710,89.996,-0.117,9
252.7660,1.00014,0.91496,-0.00209,1.00000,0.91460,89.996,-0.117,9
252.8160,1.00014,0.92246,-0.00209,1.00000,0.92210,89.996,-0.117,9
252.8660,1.00013,0.92996,-0.00209,1.00000,0.92960,89.996,-0.117,9
252.9160,1.00013,0.93746,-0.00209,1.00000,0.93710,89.996,-0.117,9
252.9660,1.00012,0.94496,-0.00209,1.00000,0.94460,89.996,-0.117,9
253.0160,1.00012,0.95246,-0.00209,1.00000,0.95210,89.996,-0.117,9
253.0660,1.00012,0.95996,-0.00209,1.00000,0.95960,89.996,-0.117,9
253.1160,1.00011,0.96746,-0.00209,1.00000,0.96710,89.996,-0.117,9
253.1660,1.00011,0.97496,-0.00209,1.00000,0.97460,89.996,-0.117,9
253.2160,1.00011,0.98247,-0.00209,1.00000,0.98210,89.996,-0.117,9
253.2660,1.00010,0.98997,-0.00209,1.00000,0.98960,89.996,-0.117,9
253.3160,1.00010,0.99747,-0.00209,1.00000,0.99710,89.996,-0.117,9
253.3660,1.00005,1.00490,-0.00209,0.99540,1.00000,90.082,-0.116,9
253.4160,0.99935,1.01142,-0.00209,0.98790,1.00000,91.616,-0.100,9
253.4660,0.99769,1.01687,-0.00209,0.98040,1.00000,94.624,-0.098,9
253.5160,0.99509,1.02140,-0.00209,0.97290,1.00000,97.989,-0.107,9
253.5660,0.99164,1.02514,-0.00208,0.96540,1.00000,101.409,-0.114,9
253.6160,0.98744,1.02818,-0.00208,0.95790,1.00000,104.809,-0.119,9
253.6660,0.98256,1.03062,-0.00208,0.95040,1.00000,108.157,-0.123,9
253.7160,0.97707,1.03254,-0.00208,0.94290,1.00000,111.453,-0.125,9
253.7660,0.97104,1.03401,-0.00208,0.93540,1.00000,114.702,-0.126,9
253.8160,0.96451,1.03509,-0.00208,0.92790,1.00000,117.911,-0.126,9
253.8660,0.95752,1.03585,-0.00208,0.92040,1.00000,121.087,-0.126,9
253.9160,0.95012,1.03633,-0.00208,0.91290,1.00000,124.234,-0.125,9
253.9660,0.94234,1.03656,-0.00208,0.90540,1.00000,127.359,-0.124,9
254.0160,0.93421,1.03658,-0.00208,0.89790,1.00000,130.464,-0.123,9
254.0660,0.92577,1.03642,-0.00208,0.89040,1.00000,133.554,-0.121,9
254.1160,0.91706,1.03609,-0.00208,0.88290,1.00000,136.631,-0.120,9
254.1660,0.90809,1.03561,-0.00208,0.87540,1.00000,139.697,-0.118,9
254.2160,0.89891,1.03499,-0.00208,0.86790,1.00000,142.754,-0.116,9
254.2660,0.88955,1.03424,-0.00208,0.86040,1.00000,145.804,-0.114,9
254.3160,0.88003,1.03337,-0.00208,0.85290,1.00000,148.849,-0.112,9
254.3660,0.87040,1.03238,-0.00208,0.84540,1.00000,151.889,-0.110,9
254.4160,0.86067,1.03127,-0.00208,0.83790,1.00000,154.926,-0.107,9
254.4660,0.85089,1.03005,-0.00208,0.83040,1.00000,157.961,-0.104,9
254.5160,0.84108,1.02872,-0.00208,0.82290,1.00000,160.994,-0.101,9
254.5660,0.83128,1.02730,-0.00208,0.81540,1.00000,164.027,-0.098,9
254.6160,0.82151,1.02577,-0.00208,0.80790,1.00000,167.060,-0.094,9
254.6660,0.81179,1.02416,-0.00208,0.80040,1.00000,170.095,-0.090,9
254.7160,0.80217,1.02247,-0.00208,0.79290,1.00000,173.127,-0.085,9
254.7660,0.79266,1.02070,-0.00208,0.78540,1.00000,176.113,-0.080,9
254.8160,0.78326,1.01888,-0.00208,0.77790,1.00000,178.685,-0.076,9
254.8660,0.77398,1.01703,-0.00208,0.77040,1.00000,179.673,-0.072,9
254.9160,0.76484,1.01516,-0.00208,0.76290,1.00000,179.837,-0.067,9
254.9660,0.75591,1.01337,-0.00208,0.75540,1.00000,179.882,-0.060,9
255.0160,0.74717,1.01168,-0.00208,0.74790,1.00000,179.912,-0.052,9
255.0660,0.73861,1.01012,-0.00208,0.74040,1.00000,179.927,-0.046,9
255.1160,0.73023,1.00867,-0.00208,0.73290,1.00000,179.935,-0.040,9
255.1660,0.72199,1.00733,-0.00208,0.72540,1.00000,179.942,-0.035,9
255.2160,0.71390,1.00610,-0.00208,0.71790,1.00000,179.947,-0.031,9
255.2660,0.70593,1.00498,-0.00209,0.71040,1.00000,179.950,-0.027,9
255.3160,0.69808,1.00396,-0.00209,0.70290,1.00000,179.953,-0.023,9
255.3660,0.69032,1.00303,-0.00209,0.69540,1.00000,179.955,-0.020,9
255.4160,0.68265,1.00220,-0.00209,0.68790,1.00000,179.956,-0.018,9
255.4660,0.67506,1.00146,-0.00209,0.68040,1.00000,179.957,-0.015,9
255.5160,0.66753,1.00079,-0.00209,0.67290,1.00000,179.957,-0.013,9
255.5660,0.66006,1.00021,-0.00209,0.66540,1.00000,179.957,-0.011,9
255.6160,0.65263,0.99970,-0.00209,0.65790,1.00000,179.957,-0.010,9
255.6660,0.64525,0.99926,-0.00210,0.65040,1.00000,179.957,-0.008,9
255.7160,0.63790,0.99888,-0.00210,0.64290,1.00000,179.957,-0.007,9
255.7660,0.63058,0.99856,-0.00210,0.63540,1.00000,179.957,-0.006,9
255.8160,0.62328,0.99829,-0.00210,0.62790,1.00000,179.956,-0.005,9
255.8660,0.61599,0.99807,-0.00210,0.62040,1.00000,179.956,-0.004,9
255.9160,0.60872,0.99790,-0.00210,0.61290,1.00000,179.956,-0.003,9
255.9660,0.60145,0.99777,-0.00210,0.60540,1.00000,179.955,-0.003,9
256.0160,0.59419,0.99768,-0.00210,0.59790,1.00000,179.955,-0.002,9
256.0660,0.58693,0.99762,-0.00210,0.59040,1.00000,179.955,-0.001,9
256.1160,0.57966,0.99759,-0.00210,0.58290,1.00000,179.955,-0.001,9
256.1660,0.57239,0.99758,-0.00210,0.57540,1.00000,179.955,-0.001,9
256.2160,0.56512,0.99760,-0.00210,0.56790,1.00000,179.955,-0.000,9
256.2660,0.55784,0.99765,-0.00210,0.56040,1.00000,179.955,0.000,9
256.3160,0.55055,0.99770,-0.00210,0.55290,1.00000,179.955,0.000,9
256.3660,0.54325,0.99778,-0.00210,0.54540,1.00000,179.955,0.001,9
256.4160,0.53594,0.99787,-0.00210,0.53790,1.00000,179.955,0.001,9
256.4660,0.52862,0.99796,-0.00210,0.53040,1.00000,179.956,0.001,9
256.5160,0.52129,0.99807,-0.00210,0.52290,1.00000,179.956,0.001,9
256.5660,0.51395,0.99818,-0.00210,0.51540,1.00000,179.956,0.001,9
256.6160,0.50660,0.99830,-0.00210,0.50790,1.00000,179.956,0.001,9
256.6660,0.49923,0.99842,-0.00210,0.50040,1.00000,179.957,0.001,9
256.7160,0.49186,0.99855,-0.00210,0.49290,1.00000,179.957,0.002,9
256.7660,0.48447,0.99867,-0.00210,0.48540,1.00000,179.957,0.002,9
256.8160,0.47707,0.99880,-0.00210,0.47790,1.00000,179.958,0.002,9
256.8660,0.46967,0.99892,-0.00210,0.47040,1.00000,179.958,0.002,9
256.9160,0.46225,0.99904,-0.00210,0.46290,1.00000,179.959,0.002,9
256.9660,0.45483,0.99916,-0.00210,0.45540,1.00000,179.959,0.002,9
257.0160,0.44740,0.99928,-0.00209,0.44790,1.00000,179.959,0.002,9
257.0660,0.43996,0.99940,-0.00209,0.44040,1.00000,179.960,0.002,9
257.1160,0.43251,0.99951,-0.00209,0.43290,1.00000,179.960,0.002,9
257.1660,0.42506,0.99961,-0.00209,0.42540,1.00000,179.961,0.002,9
257.2160,0.41760,0.99971,-0.00209,0.41790,1.00000,179.961,0.002,9
257.2660,0.41013,0.99981,-0.00209,0.41040,1.00000,179.961,0.002,9
257.3160,0.40266,0.99990,-0.00209,0.40290,1.00000,179.962,0.002,9
257.3660,0.39518,0.99999,-0.00209,0.39540,1.00000,179.962,0.002,9
257.4160,0.38770,1.00007,-0.00209,0.38790,1.00000,179.962,0.002,9
257.4660,0.38022,1.00015,-0.00209,0.38040,1.00000,179.963,0.002,9
257.5160,0.37273,1.00022,-0.00209,0.37290,1.00000,179.963,0.002,9
257.5660,0.36524,1.00029,-0.00209,0.36540,1.00000,179.963,0.002,9
257.6160,0.35774,1.00035,-0.00209,0.35790,1.00000,179.963,0.002,9
257.6660,0.35025,1.00041,-0.00209,0.35040,1.00000,179.964,0.002,9
257.7160,0.34275,1.00047,-0.00209,0.34290,1.00000,179.964,0.002,9
257.7660,0.33525,1.00051,-0.00209,0.33540,1.00000,179.964,0.002,9
257.8160,0.32775,1.00056,-0.00209,0.32790,1.00000,179.964,0.002,9
257.8660,0.32024,1.00060,-0.00209,0.32040,1.00000,179.964,0.002,9
257.9160,0.31274,1.00064,-0.00209,0.31290,1.00000,179.965,0.002,9
257.9660,0.30523,1.00067,-0.00209,0.30540,1.00000,179.965,0.002,9
258.0160,0.29773,1.00070,-0.00209,0.29790,1.00000,179.965,0.002,9
258.0660,0.29022,1.00073,-0.00209,0.29040,1.00000,179.965,0.002,9
258.1160,0.28272,1.00075,-0.00209,0.28290,1.00000,179.965,0.002,9
258.1660,0.27521,1.00077,-0.00209,0.27540,1.00000,179.965,0.002,9
258.2160,0.26770,1.00079,-0.00209,0.26790,1.00000,179.965,0.002,9
258.2660,0.26019,1.00081,-0.00209,0.26040,1.00000,179.965,0.002,9
258.3160,0.25269,1.00082,-0.00209,0.25290,1.00000,179.965,0.002,9
258.3660,0.24518,1.00083,-0.00209,0.24540,1.00000,179.965,0.002,9
258.4160,0.23767,1.00084,-0.00209,0.23790,1.00000,179.965,0.002,9
258.4660,0.23017,1.00085,-0.00209,0.23040,1.00000,179.966,0.002,9
258.5160,0.22266,1.00085,-0.00209,0.22290,1.00000,179.966,0.002,9
258.5660,0.21515,1.00086,-0.00209,0.21540,1.00000,179.966,0.002,9
258.6160,0.20765,1.00086,-0.00209,0.20790,1.00000,179.966,0.002,9
258.6660,0.20014,1.00086,-0.00209,0.20040,1.00000,179.966,0.002,9
258.7160,0.19264,1.00086,-0.00209,0.19290,1.00000,179.966,0.002,9
258.7660,0.18513,1.00086,-0.00209,0.18540,1.00000,179.966,0.002,9
258.8160,0.17763,1.00086,-0.00209,0.17790,1.00000,179.966,0.002,9
258.8660,0.17012,1.00086,-0.00209,0.17040,1.00000,179.966,0.002,9
258.9160,0.16262,1.00086,-0.00209,0.16290,1.00000,179.966,0.002,9
258.9660,0.15512,1.00085,-0.00209,0.15540,1.00000,179.966,0.002,9
259.0160,0.14761,1.00085,-0.00209,0.14790,1.00000,179.966,0.002,9
259.0660,0.14011,1.00085,-0.00209,0.14040,1.00000,179.966,0.002,9
259.1160,0.13261,1.00084,-0.00209,0.13290,1.00000,179.966,0.002,9
259.1660,0.12511,1.00084,-0.00209,0.12540,1.00000,179.966,0.002,9
259.2160,0.11760,1.00084,-0.00209,0.11790,1.00000,179.966,0.002,9
259.2660,0.11010,1.00083,-0.00209,0.11040,1.00000,179.965,0.002,9
259.3160,0.10260,1.00083,-0.00209,0.10290,1.00000,179.965,0.002,9
259.3660,0.09510,1.00082,-0.00209,0.09540,1.00000,179.965,0.002,9
259.4160,0.08760,1.00082,-0.00209,0.08790,1.00000,179.965,0.002,9
259.4660,0.08010,1.00081,-0.00209,0.08040,1.00000,179.965,0.002,9
259.5160,0.07260,1.00081,-0.00209,0.07290,1.00000,179.965,0.002,9
259.5660,0.06510,1.00080,-0.00209,0.06540,1.00000,179.965,0.002,9
259.6160,0.05759,1.00080,-0.00209,0.05790,1.00000,179.965,0.002,9
259.6660,0.05009,1.00079,-0.00209,0.05040,1.00000,179.965,0.002,9
259.7160,0.04259,1.00079,-0.00209,0.04290,1.00000,179.965,0.002,9
259.7660,0.03509,1.00079,-0.00209,0.03540,1.00000,179.965,0.002,9
259.8160,0.02759,1.00078,-0.00209,0.02790,1.00000,179.965,0.002,9
259.8660,0.02009,1.00078,-0.00209,0.02040,1.00000,179.965,0.002,9
259.9160,0.01259,1.00078,-0.00209,0.01290,1.00000,179.965,0.002,9
259.9660,0.00509,1.00077,-0.00209,0.00540,1.00000,179.965,0.002,9
260.0160,-0.00234,1.00072,-0.00209,0.00000,0.99790,-179.948,0.003,9
260.0660,-0.00880,1.00002,-0.00209,0.00000,0.99040,-178.408,0.019,9
260.1160,-0.01389,0.99809,-0.00209,0.00000,0.98290,-175.456,0.032,9
260.1660,-0.01804,0.99531,-0.00208,0.00000,0.97540,-172.217,0.015,9
260.2160,-0.02147,0.99182,-0.00208,0.00000,0.96790,-168.900,-0.001,9
260.2660,-0.02426,0.98770,-0.00207,0.00000,0.96040,-165.587,-0.010,9
260.3160,-0.02651,0.98299,-0.00207,0.00000,0.95290,-162.313,-0.016,9
260.3660,-0.02830,0.97775,-0.00207,0.00000,0.94540,-159.077,-0.022,9
260.4160,-0.02969,0.97203,-0.00206,0.00000,0.93790,-155.876,-0.026,9
260.4660,-0.03076,0.96587,-0.00206,0.00000,0.93040,-152.705,-0.028,9
260.5160,-0.03154,0.95930,-0.00206,0.00000,0.92290,-149.559,-0.029,9
260.5660,-0.03209,0.95237,-0.00206,0.00000,0.91540,-146.434,-0.030,9
260.6160,-0.03244,0.94510,-0.00206,0.00000,0.90790,-143.327,-0.029,9
260.6660,-0.03262,0.93753,-0.00206,0.00000,0.90040,-140.235,-0.028,9
260.7160,-0.03266,0.92967,-0.00205,0.00000,0.89290,-137.155,-0.026,9
260.7660,-0.03258,0.92156,-0.00205,0.00000,0.88540,-134.086,-0.024,9
260.8160,-0.03239,0.91321,-0.00205,0.00000,0.87790,-131.025,-0.021,9
260.8660,-0.03210,0.90467,-0.00205,0.00000,0.87040,-127.970,-0.019,9
260.9160,-0.03171,0.89594,-0.00205,0.00000,0.86290,-124.921,-0.015,9
260.9660,-0.03124,0.88706,-0.00205,0.00000,0.85540,-121.876,-0.012,9
261.0160,-0.03069,0.87805,-0.00205,0.00000,0.84790,-118.833,-0.009,9
261.0660,-0.03004,0.86894,-0.00205,0.00000,0.84040,-115.790,-0.005,9
261.1160,-0.02931,0.85975,-0.00205,0.00000,0.83290,-112.745,-0.001,9
261.1660,-0.02848,0.85050,-0.00205,0.00000,0.82540,-109.698,0.002,9
261.2160,-0.02756,0.84122,-0.00205,0.00000,0.81790,-106.645,0.006,9
261.2660,-0.02655,0.83192,-0.00206,0.00000,0.81040,-103.585,0.010,9
261.3160,-0.02544,0.82263,-0.00206,0.00000,0.80290,-100.516,0.013,9
261.3660,-0.02423,0.81337,-0.00206,0.00000,0.79540,-97.438,0.016,9
261.4160,-0.02291,0.80414,-0.00206,0.00000,0.78790,-94.391,0.019,9
261.4660,-0.02149,0.79498,-0.00206,0.00000,0.78040,-91.734,0.021,9
261.5160,-0.01995,0.78591,-0.00206,0.00000,0.77290,-90.683,0.025,9
261.5660,-0.01828,0.77697,-0.00206,0.00000,0.76540,-90.453,0.029,9
261.6160,-0.01660,0.76815,-0.00206,0.00000,0.75790,-90.347,0.031,9
261.6660,-0.01499,0.75941,-0.00206,0.00000,0.75040,-90.271,0.033,9
261.7160,-0.01346,0.75076,-0.00206,0.00000,0.74290,-90.219,0.034,9
261.7660,-0.01201,0.74219,-0.00207,0.00000,0.73540,-90.181,0.035,9
261.8160,-0.01064,0.73370,-0.00207,0.00000,0.72790,-90.150,0.036,9
261.8660,-0.00936,0.72530,-0.00207,0.00000,0.72040,-90.124,0.037,9
261.9160,-0.00816,0.71697,-0.00207,0.00000,0.71290,-90.104,0.037,9
261.9660,-0.00705,0.70872,-0.00207,0.00000,0.70540,-90.088,0.038,9
262.0160,-0.00601,0.70054,-0.00207,0.00000,0.69790,-90.074,0.038,9
262.0660,-0.00506,0.69243,-0.00207,0.00000,0.69040,-90.063,0.038,9
262.1160,-0.00418,0.68439,-0.00207,0.00000,0.68290,-90.055,0.039,9
262.1660,-0.00338,0.67640,-0.00208,0.00000,0.67540,-90.047,0.039,9
262.2160,-0.00265,0.66848,-0.00208,0.00000,0.66790,-90.041,0.039,9
262.2660,-0.00199,0.66061,-0.00208,0.00000,0.66040,-90.037,0.039,9
262.3160,-0.00139,0.65278,-0.00208,0.00000,0.65290,-90.033,0.039,9
262.3660,-0.00085,0.64500,-0.00208,0.00000,0.64540,-90.029,0.039,9
262.4160,-0.00038,0.63727,-0.00208,0.00000,0.63790,-90.026,0.039,9
262.4660,0.00005,0.62957,-0.00208,0.00000,0.63040,-90.024,0.040,9
262.5160,0.00042,0.62191,-0.00208,0.00000,0.62290,-90.022,0.040,9
262.5660,0.00075,0.61428,-0.00208,0.00000,0.61540,-90.020,0.040,9
262.6160,0.00103,0.60667,-0.00208,0.00000,0.60790,-90.018,0.040,9
262.6660,0.00127,0.59909,-0.00209,0.00000,0.60040,-90.017,0.040,9
262.7160,0.00147,0.59154,-0.00209,0.00000,0.59290,-90.016,0.040,9
262.7660,0.00164,0.58400,-0.00209,0.00000,0.58540,-90.014,0.040,9
262.8160,0.00177,0.57648,-0.00209,0.00000,0.57790,-90.013,0.040,9
262.8660,0.00188,0.56897,-0.00209,0.00000,0.57040,-90.012,0.040,9
262.9160,0.00196,0.56148,-0.00209,0.00000,0.56290,-90.011,0.040,9
262.9660,0.00202,0.55400,-0.00209,0.00000,0.55540,-90.010,0.040,9
263.0160,0.00205,0.54652,-0.00209,0.00000,0.54790,-90.009,0.040,9
263.0660,0.00207,0.53906,-0.00209,0.00000,0.54040,-90.009,0.040,9
263.1160,0.00207,0.53160,-0.00209,0.00000,0.53290,-90.008,0.040,9
263.1660,0.00205,0.52414,-0.00209,0.00000,0.52540,-90.007,0.040,9
263.2160,0.00203,0.51669,-0.00209,0.00000,0.51790,-90.006,0.040,9
263.2660,0.00199,0.50924,-0.00209,0.00000,0.51040,-90.006,0.040,9
263.3160,0.00194,0.50179,-0.00209,0.00000,0.50290,-90.005,0.040,9
263.3660,0.00188,0.49435,-0.00209,0.00000,0.49540,-90.004,0.040,9
263.4160,0.00182,0.48690,-0.00209,0.00000,0.48790,-90.004,0.040,9
263.4660,0.00175,0.47945,-0.00209,0.00000,0.48040,-90.003,0.040,9
263.5160,0.00168,0.47200,-0.00209,0.00000,0.47290,-90.002,0.040,9
263.5660,0.00161,0.46455,-0.00209,0.00000,0.46540,-90.002,0.040,9
263.6160,0.00153,0.45710,-0.00209,0.00000,0.45790,-90.001,0.040,9
263.6660,0.00145,0.44965,-0.00209,0.00000,0.45040,-90.001,0.040,9
263.7160,0.00137,0.44219,-0.00209,0.00000,0.44290,-90.000,0.040,9
263.7660,0.00129,0.43474,-0.00209,0.00000,0.43540,-90.000,0.040,9
263.8160,0.00121,0.42728,-0.00209,0.00000,0.42790,-89.999,0.040,9
263.8660,0.00113,0.41981,-0.00209,0.00000,0.42040,-89.999,0.040,9
263.9160,0.00106,0.41235,-0.00209,0.00000,0.41290,-89.999,0.040,9
263.9660,0.00098,0.40488,-0.00209,0.00000,0.40540,-89.998,0.040,9
264.0160,0.00091,0.39741,-0.00209,0.00000,0.39790,-89.998,0.040,9
264.0660,0.00084,0.38994,-0.00209,0.00000,0.39040,-89.998,0.040,9
264.1160,0.00078,0.38247,-0.00209,0.00000,0.38290,-89.997,0.040,9
264.1660,0.00071,0.37499,-0.00209,0.00000,0.37540,-89.997,0.040,9
264.2160,0.00065,0.36751,-0.00209,0.00000,0.36790,-89.997,0.040,9
264.2660,0.00060,0.36003,-0.00209,0.00000,0.36040,-89.997,0.040,9
264.3160,0.00054,0.35254,-0.00209,0.00000,0.35290,-89.997,0.040,9
264.3660,0.00049,0.34506,-0.00209,0.00000,0.34540,-89.996,0.040,9
264.4160,0.00044,0.33757,-0.00209,0.00000,0.33790,-89.996,0.040,9
264.4660,0.00040,0.33008,-0.00209,0.00000,0.33040,-89.996,0.040,9
264.5160,0.00036,0.32259,-0.00209,0.00000,0.32290,-89.996,0.040,9
264.5660,0.00032,0.31510,-0.00209,0.00000,0.31540,-89.996,0.040,9
264.6160,0.00028,0.30761,-0.00209,0.00000,0.30790,-89.996,0.040,9
264.6660,0.00025,0.30012,-0.00209,0.00000,0.30040,-89.996,0.040,9
264.7160,0.00022,0.29262,-0.00209,0.00000,0.29290,-89.996,0.040,9
264.7660,0.00019,0.28512,-0.00209,0.00000,0.28540,-89.996,0.040,9
264.8160,0.00017,0.27763,-0.00209,0.00000,0.27790,-89.995,0.040,9
264.8660,0.00014,0.27013,-0.00209,0.00000,0.27040,-89.995,0.040,9
264.9160,0.00012,0.26263,-0.00209,0.00000,0.26290,-89.995,0.040,9
264.9660,0.00011,0.25513,-0.00209,0.00000,0.25540,-89.995,0.040,9
265.0160,0.00009,0.24763,-0.00209,0.00000,0.24790,-89.995,0.040,9
265.0660,0.00008,0.24013,-0.00209,0.00000,0.24040,-89.995,0.040,9
265.1160,0.00006,0.23263,-0.00209,0.00000,0.23290,-89.995,0.040,9
265.1660,0.00005,0.22513,-0.00209,0.00000,0.22540,-89.995,0.040,9
265.2160,0.00004,0.21763,-0.00209,0.00000,0.21790,-89.995,0.040,9
265.2660,0.00004,0.21013,-0.00209,0.00000,0.21040,-89.995,0.040,9
265.3160,0.00003,0.20263,-0.00209,0.00000,0.20290,-89.995,0.040,9
265.3660,0.00002,0.19513,-0.00209,0.00000,0.19540,-89.995,0.040,9
265.4160,0.00002,0.18763,-0.00209,0.00000,0.18790,-89.995,0.040,9
265.4660,0.00002,0.18013,-0.00209,0.00000,0.18040,-89.995,0.040,9
265.5160,0.00001,0.17262,-0.00209,0.00000,0.17290,-89.995,0.040,9
265.5660,0.00001,0.16512,-0.00209,0.00000,0.16540,-89.995,0.040,9
265.6160,0.00001,0.15762,-0.00209,0.00000,0.15790,-89.995,0.040,9
265.6660,0.00001,0.15012,-0.00209,0.00000,0.15040,-89.995,0.040,9
265.7160,0.00001,0.14262,-0.00209,0.00000,0.14290,-89.995,0.040,9
265.7660,0.00001,0.13512,-0.00209,0.00000,0.13540,-89.995,0.040,9
265.8160,0.00001,0.12762,-0.00209,0.00000,0.12790,-89.996,0.040,9
265.8660,0.00002,0.12011,-0.00209,0.00000,0.12040,-89.996,0.040,9
265.9160,0.00002,0.11261,-0.00209,0.00000,0.11290,-89.996,0.040,9
265.9660,0.00002,0.10511,-0.00209,0.00000,0.10540,-89.996,0.040,9
266.0160,0.00002,0.09761,-0.00209,0.00000,0.09790,-89.996,0.040,9
266.0660,0.00003,0.09011,-0.00209,0.00000,0.09040,-89.996,0.040,9
266.1160,0.00003,0.08261,-0.00209,0.00000,0.08290,-89.996,0.040,9
266.1660,0.00003,0.07511,-0.00209,0.00000,0.07540,-89.996,0.040,9
266.2160,0.00003,0.06761,-0.00209,0.00000,0.06790,-89.996,0.040,9
266.2660,0.00004,0.06011,-0.00209,0.00000,0.06040,-89.996,0.040,9
266.3160,0.00004,0.05260,-0.00209,0.00000,0.05290,-89.996,0.040,9
266.3660,0.00004,0.04510,-0.00209,0.00000,0.04540,-89.996,0.040,9
266.4160,0.00005,0.03760,-0.00209,0.00000,0.03790,-89.996,0.040,9
266.4660,0.00005,0.03010,-0.00209,0.00000,0.03040,-89.996,0.040,9
266.5160,0.00005,0.02260,-0.00209,0.00000,0.02290,-89.996,0.040,9
266.5660,0.00005,0.01510,-0.00209,0.00000,0.01540,-89.996,0.040,9
266.6160,0.00006,0.00760,-0.00209,0.00000,0.00790,-89.996,0.040,9
266.6660,0.00006,0.00010,-0.00209,0.00000,0.00040,-89.996,0.040,9
